0 0.11181702668360864 0.009635974304068522 0.012706480304955529 0.010706638115631693
0 0.23761118170266837 0.016059957173447537 0.012706480304955529 0.010706638115631693
0 0.24142312579415504 0.0278372591006424 0.012706480304955529 0.010706638115631693
0 0.19822109275730623 0.02890792291220557 0.012706480304955529 0.010706638115631693
0 0.14993646759847523 0.058886509635974305 0.012706480304955529 0.010706638115631693
0 0.20330368487928846 0.07708779443254818 0.012706480304955529 0.010706638115631693
0 0.17280813214739518 0.0802997858672377 0.012706480304955529 0.010706638115631693
0 0.22236340533672175 0.12740899357601715 0.012706480304955529 0.010706638115631693
0 0.16010165184243966 0.1777301927194861 0.012706480304955529 0.010706638115631693
0 0.03303684879288437 0.12633832976445397 0.012706480304955529 0.010706638115631693
0 0.29479034307496826 0.15203426124197003 0.012706480304955529 0.010706638115631693
0 0.289707750952986 0.1573875802997859 0.012706480304955529 0.010706638115631693
0 0.2858958068614994 0.1777301927194861 0.012706480304955529 0.010706638115631693
0 0.4218551461245235 0.007494646680942184 0.012706480304955529 0.010706638115631693
0 0.554002541296061 0.033190578158458245 0.012706480304955529 0.010706638115631693
0 0.6442185514612453 0.0139186295503212 0.012706480304955529 0.010706638115631693
0 0.5501905972045743 0.07387580299785867 0.012706480304955529 0.010706638115631693
0 0.5603557814485388 0.09957173447537473 0.012706480304955529 0.010706638115631693
0 0.5387547649301144 0.09528907922912207 0.012706480304955529 0.010706638115631693
0 0.45870393900889456 0.08993576017130621 0.012706480304955529 0.010706638115631693
0 0.4332909783989835 0.1145610278372591 0.012706480304955529 0.010706638115631693
0 0.43964421855146124 0.12740899357601715 0.012706480304955529 0.010706638115631693
0 0.5412960609911055 0.139186295503212 0.012706480304955529 0.010706638115631693
0 0.6454891994917408 0.08779443254817988 0.012706480304955529 0.010706638115631693
0 0.22109275730622618 0.2687366167023555 0.012706480304955529 0.010706638115631693
0 0.3634053367217281 0.23447537473233407 0.012706480304955529 0.010706638115631693
0 0.08894536213468869 0.3222698072805139 0.012706480304955529 0.010706638115631693
0 0.2846251588310038 0.29122055674518205 0.012706480304955529 0.010706638115631693
0 0.2287166454891995 0.33190578158458245 0.012706480304955529 0.010706638115631693
0 0.3595933926302414 0.3062098501070664 0.012706480304955529 0.010706638115631693
0 0.3799237611181703 0.3490364025695932 0.012706480304955529 0.010706638115631693
0 0.28208386277001274 0.3865096359743041 0.012706480304955529 0.010706638115631693
0 0.5044472681067345 0.20770877944325483 0.012706480304955529 0.010706638115631693
0 0.5946632782719187 0.18522483940042828 0.012706480304955529 0.010706638115631693
0 0.7026683608640407 0.1809421841541756 0.012706480304955529 0.010706638115631693
0 0.7344345616264295 0.13383297644539616 0.012706480304955529 0.010706638115631693
0 0.6797966963151207 0.1745182012847966 0.012706480304955529 0.010706638115631693
0 0.6556543837357053 0.16809421841541758 0.012706480304955529 0.010706638115631693
0 0.889453621346887 0.03961456102783726 0.012706480304955529 0.010706638115631693
0 0.7433290978398984 0.011777301927194861 0.012706480304955529 0.010706638115631693
0 0.8475222363405337 0.1702355460385439 0.012706480304955529 0.010706638115631693
0 0.8831003811944091 0.2612419700214133 0.012706480304955529 0.010706638115631693
0 0.8856416772554003 0.26659528907922914 0.012706480304955529 0.010706638115631693
0 0.818297331639136 0.2633832976445396 0.012706480304955529 0.010706638115631693
0 0.8043202033036849 0.35974304068522484 0.012706480304955529 0.010706638115631693
0 0.7534942820838628 0.39614561027837264 0.012706480304955529 0.010706638115631693
0 0.7484116899618806 0.354389721627409 0.012706480304955529 0.010706638115631693
0 0.7128335451080051 0.3490364025695932 0.012706480304955529 0.010706638115631693
0 0.6836086404066074 0.32548179871520344 0.012706480304955529 0.010706638115631693
0 0.6797966963151207 0.3201284796573876 0.012706480304955529 0.010706638115631693
0 0.6035578144853876 0.3211991434689508 0.012706480304955529 0.010706638115631693
0 0.5336721728081322 0.3169164882226981 0.012706480304955529 0.010706638115631693
0 0.49809402795425667 0.29871520342612423 0.012706480304955529 0.010706638115631693
0 0.026683608640406607 0.49250535331905787 0.012706480304955529 0.010706638115631693
0 0.12579415501905972 0.4967880085653105 0.012706480304955529 0.010706638115631693
0 0.10673443456162643 0.5256959314775161 0.012706480304955529 0.010706638115631693
0 0.1855146124523507 0.5385438972162742 0.012706480304955529 0.010706638115631693
0 0.16010165184243966 0.563169164882227 0.012706480304955529 0.010706638115631693
0 0.20838627700127066 0.5877944325481799 0.012706480304955529 0.010706638115631693
0 0.2071156289707751 0.6102783725910065 0.012706480304955529 0.010706638115631693
0 0.16264294790343076 0.6177730192719486 0.012706480304955529 0.010706638115631693
0 0.1537484116899619 0.6381156316916489 0.012706480304955529 0.010706638115631693
0 0.06353240152477764 0.645610278372591 0.012706480304955529 0.010706638115631693
0 0.10800508259212199 0.6777301927194861 0.012706480304955529 0.010706638115631693
0 0.23888182973316394 0.6659528907922913 0.012706480304955529 0.010706638115631693
0 0.2744599745870394 0.6220556745182013 0.012706480304955529 0.010706638115631693
0 0.3418043202033037 0.6017130620985011 0.012706480304955529 0.010706638115631693
0 0.3062261753494282 0.563169164882227 0.012706480304955529 0.010706638115631693
0 0.32655654383735705 0.5053533190578159 0.012706480304955529 0.010706638115631693
0 0.3519695044472681 0.5117773019271948 0.012706480304955529 0.010706638115631693
0 0.40025412960609913 0.5353319057815846 0.012706480304955529 0.010706638115631693
0 0.4104193138500635 0.40899357601713066 0.012706480304955529 0.010706638115631693
0 0.5857687420584499 0.39186295503211993 0.012706480304955529 0.010706638115631693
0 0.5095298602287167 0.41220556745182013 0.012706480304955529 0.010706638115631693
0 0.4739517153748412 0.4443254817987152 0.012706480304955529 0.010706638115631693
0 0.4282083862770013 0.4785867237687366 0.012706480304955529 0.010706638115631693
0 0.44726810673443457 0.5 0.012706480304955529 0.010706638115631693
0 0.5311308767471411 0.4603854389721628 0.012706480304955529 0.010706638115631693
0 0.590851334180432 0.4528907922912206 0.012706480304955529 0.010706638115631693
0 0.6302414231257942 0.4132762312633833 0.012706480304955529 0.010706638115631693
0 0.6353240152477764 0.4421841541755889 0.012706480304955529 0.010706638115631693
0 0.7598475222363406 0.48822269807280516 0.012706480304955529 0.010706638115631693
0 0.6289707750952986 0.4850107066381157 0.012706480304955529 0.010706638115631693
0 0.806861499364676 0.5321199143468951 0.012706480304955529 0.010706638115631693
0 0.9110546378653114 0.563169164882227 0.012706480304955529 0.010706638115631693
0 0.5489199491740788 0.5224839400428266 0.012706480304955529 0.010706638115631693
0 0.5069885641677255 0.5364025695931478 0.012706480304955529 0.010706638115631693
0 0.576874205844981 0.5385438972162742 0.012706480304955529 0.010706638115631693
0 0.6836086404066074 0.5385438972162742 0.012706480304955529 0.010706638115631693
0 0.6632782719186786 0.5417558886509636 0.012706480304955529 0.010706638115631693
0 0.7865311308767472 0.5781584582441114 0.012706480304955529 0.010706638115631693
0 0.8170266836086404 0.5813704496788009 0.012706480304955529 0.010706638115631693
0 0.8055908513341805 0.6177730192719486 0.012706480304955529 0.010706638115631693
0 0.7928843710292249 0.6306209850107066 0.012706480304955529 0.010706638115631693
0 0.7458703939008895 0.6027837259100642 0.012706480304955529 0.010706638115631693
0 0.6899618805590851 0.6017130620985011 0.012706480304955529 0.010706638115631693
0 0.6175349428208387 0.5781584582441114 0.012706480304955529 0.010706638115631693
0 0.49809402795425667 0.5663811563169165 0.012706480304955529 0.010706638115631693
0 0.35705209656925035 0.6713062098501071 0.012706480304955529 0.010706638115631693
0 0.41296060991105465 0.6638115631691649 0.012706480304955529 0.010706638115631693
0 0.50571791613723 0.6402569593147752 0.012706480304955529 0.010706638115631693
0 0.6378653113087674 0.6477516059957173 0.012706480304955529 0.010706638115631693
0 0.878017789072427 0.6616702355460385 0.012706480304955529 0.010706638115631693
0 0.8335451080050826 0.6659528907922913 0.012706480304955529 0.010706638115631693
0 0.7992376111817027 0.7012847965738759 0.012706480304955529 0.010706638115631693
0 0.8360864040660737 0.7280513918629551 0.012706480304955529 0.010706638115631693
0 0.49809402795425667 0.7023554603854391 0.012706480304955529 0.010706638115631693
0 0.397712833545108 0.6927194860813705 0.012706480304955529 0.010706638115631693
0 0.1537484116899619 0.7665952890792291 0.012706480304955529 0.010706638115631693
0 0.43964421855146124 0.7526766595289079 0.012706480304955529 0.010706638115631693
0 0.5819567979669632 0.7441113490364026 0.012706480304955529 0.010706638115631693
0 0.6772554002541297 0.7430406852248395 0.012706480304955529 0.010706638115631693
0 0.7077509529860229 0.7430406852248395 0.012706480304955529 0.010706638115631693
0 0.7255400254129606 0.7548179871520343 0.012706480304955529 0.010706638115631693
0 0.8284625158831004 0.765524625267666 0.012706480304955529 0.010706638115631693
0 0.156289707750953 0.8576017130620985 0.012706480304955529 0.010706638115631693
0 0.20076238881829733 0.9271948608137045 0.012706480304955529 0.010706638115631693
0 0.2554002541296061 0.8683083511777302 0.012706480304955529 0.010706638115631693
0 0.32147395171537485 0.835117773019272 0.012706480304955529 0.010706638115631693
0 0.3545108005082592 0.854389721627409 0.012706480304955529 0.010706638115631693
0 0.29479034307496826 0.9293361884368309 0.012706480304955529 0.010706638115631693
0 0.08894536213468869 0.7773019271948609 0.012706480304955529 0.010706638115631693
0 0.5082592121982211 0.8126338329764454 0.012706480304955529 0.010706638115631693
0 0.51715374841169 0.815845824411135 0.012706480304955529 0.010706638115631693
0 0.44218551461245237 0.9004282655246253 0.012706480304955529 0.010706638115631693
0 0.4548919949174079 0.955032119914347 0.012706480304955529 0.010706638115631693
0 0.5400254129606099 0.9089935760171307 0.012706480304955529 0.010706638115631693
0 0.5756035578144855 0.8993576017130621 0.012706480304955529 0.010706638115631693
0 0.636594663278272 0.8565310492505354 0.012706480304955529 0.010706638115631693
0 0.6264294790343076 0.9207708779443255 0.012706480304955529 0.010706638115631693
0 0.6696315120711563 0.9539614561027838 0.012706480304955529 0.010706638115631693
0 0.6518424396442186 0.9507494646680943 0.012706480304955529 0.010706638115631693
0 0.7166454891994918 0.8447537473233405 0.012706480304955529 0.010706638115631693
0 0.7280813214739518 0.8447537473233405 0.012706480304955529 0.010706638115631693
0 0.7890724269377383 0.8436830835117773 0.012706480304955529 0.010706638115631693
0 0.832274459974587 0.8693790149892934 0.012706480304955529 0.010706638115631693
0 0.818297331639136 0.8704496788008566 0.012706480304955529 0.010706638115631693
0 0.8996188055908514 0.9336188436830836 0.012706480304955529 0.010706638115631693
0 0.9567979669631512 0.3072805139186296 0.012706480304955529 0.010706638115631693
0 0.9758576874205845 0.4775160599571735 0.012706480304955529 0.010706638115631693
0 0.963151207115629 0.5289079229122056 0.012706480304955529 0.010706638115631693
0 0.9466327827191868 0.5802997858672377 0.012706480304955529 0.010706638115631693
0 0.9250317662007624 0.7119914346895075 0.012706480304955529 0.010706638115631693
0 0.9567979669631512 0.9186295503211992 0.012706480304955529 0.010706638115631693
0 0.9186785260482847 0.9411134903640257 0.012706480304955529 0.010706638115631693
0 0.926302414231258 0.9218415417558887 0.012706480304955529 0.010706638115631693
0 0.8805590851334181 0.9036402569593148 0.012706480304955529 0.010706638115631693
0 0.8017789072426939 0.9860813704496788 0.012706480304955529 0.010706638115631693
0 0.9224904701397714 0.670235546038544 0.012706480304955529 0.010706638115631693
0 0.9479034307496824 0.7259100642398287 0.012706480304955529 0.010706638115631693
0 0.3252858958068615 0.7130620985010707 0.012706480304955529 0.010706638115631693
0 0.5806861499364676 0.9229122055674519 0.012706480304955529 0.010706638115631693
0 0.627700127064803 0.9486081370449679 0.012706480304955529 0.010706638115631693
0 0.09911054637865312 0.828693790149893 0.012706480304955529 0.010706638115631693
0 0.0940279542566709 0.8436830835117773 0.012706480304955529 0.010706638115631693
0 0.40279542566709026 0.22055674518201285 0.012706480304955529 0.010706638115631693
0 0.39644218551461247 0.4132762312633833 0.012706480304955529 0.010706638115631693
0 0.3468869123252859 0.8704496788008566 0.012706480304955529 0.010706638115631693
