0 0.17833333333333334 0.18333333333333335 0.008333333333333333 0.008333333333333333
0 0.19166666666666668 0.2225 0.008333333333333333 0.008333333333333333
0 0.18000000000000002 0.33166666666666667 0.008333333333333333 0.008333333333333333
0 0.42750000000000005 0.12583333333333335 0.008333333333333333 0.008333333333333333
0 0.36833333333333335 0.19083333333333335 0.008333333333333333 0.008333333333333333
0 0.4808333333333334 0.28250000000000003 0.008333333333333333 0.008333333333333333
0 0.6683333333333333 0.135 0.008333333333333333 0.008333333333333333
0 0.5608333333333334 0.2725 0.008333333333333333 0.008333333333333333
0 0.5516666666666667 0.3716666666666667 0.008333333333333333 0.008333333333333333
0 0.5758333333333334 0.315 0.008333333333333333 0.008333333333333333
0 0.03833333333333334 0.5475 0.008333333333333333 0.008333333333333333
0 0.022500000000000003 0.6133333333333334 0.008333333333333333 0.008333333333333333
0 0.10833333333333334 0.5808333333333334 0.008333333333333333 0.008333333333333333
0 0.22 0.6266666666666667 0.008333333333333333 0.008333333333333333
0 0.21083333333333334 0.7341666666666667 0.008333333333333333 0.008333333333333333
0 0.51 0.49750000000000005 0.008333333333333333 0.008333333333333333
0 0.7250000000000001 0.36583333333333334 0.008333333333333333 0.008333333333333333
0 0.6991666666666667 0.3716666666666667 0.008333333333333333 0.008333333333333333
0 0.6916666666666668 0.46416666666666667 0.008333333333333333 0.008333333333333333
0 0.7108333333333334 0.5658333333333334 0.008333333333333333 0.008333333333333333
0 0.68 0.5758333333333334 0.008333333333333333 0.008333333333333333
0 0.675 0.6033333333333334 0.008333333333333333 0.008333333333333333
0 0.6775 0.645 0.008333333333333333 0.008333333333333333
0 0.5158333333333334 0.5900000000000001 0.008333333333333333 0.008333333333333333
0 0.5741666666666667 0.6616666666666667 0.008333333333333333 0.008333333333333333
0 0.4116666666666667 0.5733333333333334 0.008333333333333333 0.008333333333333333
0 0.3841666666666667 0.6825 0.008333333333333333 0.008333333333333333
0 0.5066666666666667 0.7083333333333334 0.008333333333333333 0.008333333333333333
0 0.49000000000000005 0.7250000000000001 0.008333333333333333 0.008333333333333333
0 0.0125 0.9016666666666667 0.008333333333333333 0.008333333333333333
0 0.43500000000000005 0.8258333333333334 0.008333333333333333 0.008333333333333333
0 0.46416666666666667 0.8508333333333334 0.008333333333333333 0.008333333333333333
0 0.6808333333333334 0.9141666666666667 0.008333333333333333 0.008333333333333333
0 0.6708333333333334 0.8650000000000001 0.008333333333333333 0.008333333333333333
0 0.8641666666666667 0.9 0.008333333333333333 0.008333333333333333
0 0.8208333333333334 0.9008333333333334 0.008333333333333333 0.008333333333333333
0 0.7975000000000001 0.9825 0.008333333333333333 0.008333333333333333
0 0.8025000000000001 0.9208333333333334 0.008333333333333333 0.008333333333333333
0 0.795 0.8775000000000001 0.008333333333333333 0.008333333333333333
0 0.8275 0.8508333333333334 0.008333333333333333 0.008333333333333333
0 0.7375 0.8491666666666667 0.008333333333333333 0.008333333333333333
0 0.8108333333333334 0.7866666666666667 0.008333333333333333 0.008333333333333333
0 0.7591666666666668 0.6900000000000001 0.008333333333333333 0.008333333333333333
0 0.7558333333333334 0.62 0.008333333333333333 0.008333333333333333
0 0.7566666666666667 0.5983333333333334 0.008333333333333333 0.008333333333333333
0 0.9708333333333334 0.7200000000000001 0.008333333333333333 0.008333333333333333
0 0.9641666666666667 0.8725 0.008333333333333333 0.008333333333333333
0 0.755 0.465 0.008333333333333333 0.008333333333333333
0 0.7250000000000001 0.0575 0.008333333333333333 0.008333333333333333
0 0.7333333333333334 0.055 0.008333333333333333 0.008333333333333333
0 0.9791666666666667 0.16583333333333333 0.008333333333333333 0.008333333333333333
0 0.27416666666666667 0.4516666666666667 0.008333333333333333 0.008333333333333333
0 0.3016666666666667 0.43750000000000006 0.008333333333333333 0.008333333333333333
0 0.41000000000000003 0.7091666666666667 0.008333333333333333 0.008333333333333333
0 0.2725 0.6825 0.008333333333333333 0.008333333333333333
0 0.7066666666666667 0.46416666666666667 0.008333333333333333 0.008333333333333333
0 0.7575000000000001 0.5658333333333334 0.008333333333333333 0.008333333333333333
0 0.7758333333333334 0.465 0.008333333333333333 0.008333333333333333
