0 0.016666666666666666 0.08083333333333334 0.008333333333333333 0.008333333333333333
0 0.06916666666666667 0.10083333333333334 0.008333333333333333 0.008333333333333333
0 0.06666666666666667 0.12166666666666667 0.008333333333333333 0.008333333333333333
0 0.1275 0.10250000000000001 0.008333333333333333 0.008333333333333333
0 0.11666666666666667 0.07333333333333333 0.008333333333333333 0.008333333333333333
0 0.15083333333333335 0.06916666666666667 0.008333333333333333 0.008333333333333333
0 0.1375 0.011666666666666667 0.008333333333333333 0.008333333333333333
0 0.15333333333333335 0.010833333333333334 0.008333333333333333 0.008333333333333333
0 0.21333333333333335 0.04166666666666667 0.008333333333333333 0.008333333333333333
0 0.26083333333333336 0.07500000000000001 0.008333333333333333 0.008333333333333333
0 0.3091666666666667 0.05166666666666667 0.008333333333333333 0.008333333333333333
0 0.34833333333333333 0.04083333333333333 0.008333333333333333 0.008333333333333333
0 0.35500000000000004 0.08750000000000001 0.008333333333333333 0.008333333333333333
0 0.4041666666666667 0.08 0.008333333333333333 0.008333333333333333
0 0.4241666666666667 0.060833333333333336 0.008333333333333333 0.008333333333333333
0 0.4666666666666667 0.06416666666666668 0.008333333333333333 0.008333333333333333
0 0.4733333333333334 0.08083333333333334 0.008333333333333333 0.008333333333333333
0 0.45083333333333336 0.09333333333333334 0.008333333333333333 0.008333333333333333
0 0.5 0.165 0.008333333333333333 0.008333333333333333
0 0.49083333333333334 0.18333333333333335 0.008333333333333333 0.008333333333333333
0 0.4716666666666667 0.17750000000000002 0.008333333333333333 0.008333333333333333
0 0.3541666666666667 0.14583333333333334 0.008333333333333333 0.008333333333333333
0 0.35000000000000003 0.14166666666666666 0.008333333333333333 0.008333333333333333
0 0.3091666666666667 0.07916666666666668 0.008333333333333333 0.008333333333333333
0 0.25833333333333336 0.08 0.008333333333333333 0.008333333333333333
0 0.24166666666666667 0.11666666666666667 0.008333333333333333 0.008333333333333333
0 0.22833333333333336 0.11666666666666667 0.008333333333333333 0.008333333333333333
0 0.1991666666666667 0.14750000000000002 0.008333333333333333 0.008333333333333333
0 0.21916666666666668 0.1675 0.008333333333333333 0.008333333333333333
0 0.2866666666666667 0.15916666666666668 0.008333333333333333 0.008333333333333333
0 0.2816666666666667 0.2025 0.008333333333333333 0.008333333333333333
0 0.16666666666666669 0.17500000000000002 0.008333333333333333 0.008333333333333333
0 0.08583333333333334 0.16833333333333333 0.008333333333333333 0.008333333333333333
0 0.04833333333333334 0.18416666666666667 0.008333333333333333 0.008333333333333333
0 0.03166666666666667 0.2758333333333334 0.008333333333333333 0.008333333333333333
0 0.08166666666666667 0.23 0.008333333333333333 0.008333333333333333
0 0.11 0.225 0.008333333333333333 0.008333333333333333
0 0.10750000000000001 0.26166666666666666 0.008333333333333333 0.008333333333333333
0 0.08916666666666667 0.25333333333333335 0.008333333333333333 0.008333333333333333
0 0.08083333333333334 0.26916666666666667 0.008333333333333333 0.008333333333333333
0 0.09333333333333334 0.28583333333333333 0.008333333333333333 0.008333333333333333
0 0.12833333333333335 0.3175 0.008333333333333333 0.008333333333333333
0 0.14500000000000002 0.3466666666666667 0.008333333333333333 0.008333333333333333
0 0.18500000000000003 0.21250000000000002 0.008333333333333333 0.008333333333333333
0 0.21333333333333335 0.20916666666666667 0.008333333333333333 0.008333333333333333
0 0.22833333333333336 0.2225 0.008333333333333333 0.008333333333333333
0 0.30000000000000004 0.22 0.008333333333333333 0.008333333333333333
0 0.3358333333333334 0.22666666666666668 0.008333333333333333 0.008333333333333333
0 0.32833333333333337 0.25833333333333336 0.008333333333333333 0.008333333333333333
0 0.3416666666666667 0.2866666666666667 0.008333333333333333 0.008333333333333333
0 0.395 0.21000000000000002 0.008333333333333333 0.008333333333333333
0 0.4041666666666667 0.22833333333333336 0.008333333333333333 0.008333333333333333
0 0.4191666666666667 0.2916666666666667 0.008333333333333333 0.008333333333333333
0 0.08333333333333334 0.36583333333333334 0.008333333333333333 0.008333333333333333
0 0.018333333333333333 0.4366666666666667 0.008333333333333333 0.008333333333333333
0 0.002916666666666667 0.4666666666666667 0.007500000000000001 0.008333333333333333
0 0.07333333333333333 0.4808333333333334 0.008333333333333333 0.008333333333333333
0 0.014166666666666668 0.5275000000000001 0.008333333333333333 0.008333333333333333
0 0.0675 0.56 0.008333333333333333 0.008333333333333333
0 0.05416666666666667 0.5808333333333334 0.008333333333333333 0.008333333333333333
0 0.16666666666666669 0.5591666666666667 0.008333333333333333 0.008333333333333333
0 0.17250000000000001 0.5041666666666667 0.008333333333333333 0.008333333333333333
0 0.18333333333333335 0.4391666666666667 0.008333333333333333 0.008333333333333333
0 0.18000000000000002 0.3816666666666667 0.008333333333333333 0.008333333333333333
0 0.16666666666666669 0.3591666666666667 0.008333333333333333 0.008333333333333333
0 0.18500000000000003 0.3541666666666667 0.008333333333333333 0.008333333333333333
0 0.19 0.34750000000000003 0.008333333333333333 0.008333333333333333
0 0.2733333333333334 0.375 0.008333333333333333 0.008333333333333333
0 0.32916666666666666 0.4025 0.008333333333333333 0.008333333333333333
0 0.26 0.4091666666666667 0.008333333333333333 0.008333333333333333
0 0.26083333333333336 0.43000000000000005 0.008333333333333333 0.008333333333333333
0 0.24250000000000002 0.43083333333333335 0.008333333333333333 0.008333333333333333
0 0.21000000000000002 0.43000000000000005 0.008333333333333333 0.008333333333333333
0 0.23750000000000002 0.44583333333333336 0.008333333333333333 0.008333333333333333
0 0.225 0.4566666666666667 0.008333333333333333 0.008333333333333333
0 0.31833333333333336 0.4891666666666667 0.008333333333333333 0.008333333333333333
0 0.29083333333333333 0.5008333333333334 0.008333333333333333 0.008333333333333333
0 0.24583333333333335 0.5308333333333334 0.008333333333333333 0.008333333333333333
0 0.2725 0.5591666666666667 0.008333333333333333 0.008333333333333333
0 0.30083333333333334 0.5458333333333334 0.008333333333333333 0.008333333333333333
0 0.35333333333333333 0.5966666666666667 0.008333333333333333 0.008333333333333333
0 0.3691666666666667 0.48000000000000004 0.008333333333333333 0.008333333333333333
0 0.35333333333333333 0.465 0.008333333333333333 0.008333333333333333
0 0.4291666666666667 0.45083333333333336 0.008333333333333333 0.008333333333333333
0 0.4566666666666667 0.395 0.008333333333333333 0.008333333333333333
0 0.4791666666666667 0.47750000000000004 0.008333333333333333 0.008333333333333333
0 0.445 0.4625 0.008333333333333333 0.008333333333333333
0 0.4808333333333334 0.5308333333333334 0.008333333333333333 0.008333333333333333
0 0.48250000000000004 0.5583333333333333 0.008333333333333333 0.008333333333333333
0 0.4466666666666667 0.5700000000000001 0.008333333333333333 0.008333333333333333
0 0.465 0.6050000000000001 0.008333333333333333 0.008333333333333333
0 0.0004166666666666667 0.625 0.007500000000000001 0.008333333333333333
0 0.115 0.63 0.008333333333333333 0.008333333333333333
0 0.24416666666666667 0.6241666666666668 0.008333333333333333 0.008333333333333333
0 0.2275 0.615 0.008333333333333333 0.008333333333333333
0 0.19666666666666668 0.6683333333333333 0.008333333333333333 0.008333333333333333
0 0.2725 0.6658333333333334 0.008333333333333333 0.008333333333333333
0 0.3066666666666667 0.6333333333333334 0.008333333333333333 0.008333333333333333
0 0.3408333333333334 0.6383333333333334 0.008333333333333333 0.008333333333333333
0 0.3358333333333334 0.6516666666666667 0.008333333333333333 0.008333333333333333
0 0.3891666666666667 0.665 0.008333333333333333 0.008333333333333333
0 0.4191666666666667 0.6175 0.008333333333333333 0.008333333333333333
0 0.46 0.6308333333333334 0.008333333333333333 0.008333333333333333
0 0.43500000000000005 0.7100000000000001 0.008333333333333333 0.008333333333333333
0 0.41750000000000004 0.7108333333333334 0.008333333333333333 0.008333333333333333
0 0.4241666666666667 0.7266666666666667 0.008333333333333333 0.008333333333333333
0 0.4475 0.7175 0.008333333333333333 0.008333333333333333
0 0.4491666666666667 0.7666666666666667 0.008333333333333333 0.008333333333333333
0 0.405 0.7716666666666667 0.008333333333333333 0.008333333333333333
0 0.38333333333333336 0.7516666666666667 0.008333333333333333 0.008333333333333333
0 0.3325 0.7150000000000001 0.008333333333333333 0.008333333333333333
0 0.4058333333333334 0.6841666666666667 0.008333333333333333 0.008333333333333333
0 0.3125 0.7583333333333334 0.008333333333333333 0.008333333333333333
0 0.26 0.7933333333333333 0.008333333333333333 0.008333333333333333
0 0.16833333333333333 0.8 0.008333333333333333 0.008333333333333333
0 0.18916666666666668 0.7425 0.008333333333333333 0.008333333333333333
0 0.16083333333333336 0.7183333333333334 0.008333333333333333 0.008333333333333333
0 0.13583333333333333 0.6950000000000001 0.008333333333333333 0.008333333333333333
0 0.115 0.6808333333333334 0.008333333333333333 0.008333333333333333
0 0.11166666666666668 0.6825 0.008333333333333333 0.008333333333333333
0 0.08083333333333334 0.6958333333333334 0.008333333333333333 0.008333333333333333
0 0.08333333333333334 0.7383333333333334 0.008333333333333333 0.008333333333333333
0 0.09666666666666668 0.7425 0.008333333333333333 0.008333333333333333
0 0.08416666666666667 0.7716666666666667 0.008333333333333333 0.008333333333333333
0 0.09916666666666667 0.7758333333333334 0.008333333333333333 0.008333333333333333
0 0.07333333333333333 0.7783333333333334 0.008333333333333333 0.008333333333333333
0 0.0825 0.8025000000000001 0.008333333333333333 0.008333333333333333
0 0.037500000000000006 0.8125 0.008333333333333333 0.008333333333333333
0 0.025 0.8 0.008333333333333333 0.008333333333333333
0 0.011666666666666667 0.7641666666666667 0.008333333333333333 0.008333333333333333
0 0.010833333333333334 0.8316666666666667 0.008333333333333333 0.008333333333333333
0 0.15000000000000002 0.8266666666666668 0.008333333333333333 0.008333333333333333
0 0.22833333333333336 0.8200000000000001 0.008333333333333333 0.008333333333333333
0 0.225 0.8216666666666668 0.008333333333333333 0.008333333333333333
0 0.30833333333333335 0.8250000000000001 0.008333333333333333 0.008333333333333333
0 0.305 0.8391666666666667 0.008333333333333333 0.008333333333333333
0 0.28500000000000003 0.8250000000000001 0.008333333333333333 0.008333333333333333
0 0.2841666666666667 0.8550000000000001 0.008333333333333333 0.008333333333333333
0 0.3591666666666667 0.8475 0.008333333333333333 0.008333333333333333
0 0.405 0.8158333333333334 0.008333333333333333 0.008333333333333333
0 0.4316666666666667 0.8166666666666668 0.008333333333333333 0.008333333333333333
0 0.4675 0.9183333333333334 0.008333333333333333 0.008333333333333333
0 0.40166666666666667 0.9216666666666667 0.008333333333333333 0.008333333333333333
0 0.3358333333333334 0.9858333333333335 0.008333333333333333 0.008333333333333333
0 0.28833333333333333 0.9925 0.008333333333333333 0.008333333333333333
0 0.27166666666666667 0.9708333333333334 0.008333333333333333 0.008333333333333333
0 0.18083333333333335 0.9716666666666667 0.008333333333333333 0.008333333333333333
0 0.16416666666666668 0.9725 0.008333333333333333 0.008333333333333333
0 0.14416666666666667 0.9750000000000001 0.008333333333333333 0.008333333333333333
0 0.12333333333333334 0.9325000000000001 0.008333333333333333 0.008333333333333333
0 0.5658333333333334 0.006666666666666667 0.008333333333333333 0.008333333333333333
0 0.5975 0.03916666666666667 0.008333333333333333 0.008333333333333333
0 0.665 0.025833333333333337 0.008333333333333333 0.008333333333333333
0 0.6858333333333334 0.07833333333333334 0.008333333333333333 0.008333333333333333
0 0.6716666666666667 0.07416666666666667 0.008333333333333333 0.008333333333333333
0 0.6766666666666667 0.09583333333333334 0.008333333333333333 0.008333333333333333
0 0.6841666666666667 0.1391666666666667 0.008333333333333333 0.008333333333333333
0 0.7383333333333334 0.12083333333333333 0.008333333333333333 0.008333333333333333
0 0.7383333333333334 0.05333333333333334 0.008333333333333333 0.008333333333333333
0 0.8158333333333334 0.12333333333333334 0.008333333333333333 0.008333333333333333
0 0.8400000000000001 0.09333333333333334 0.008333333333333333 0.008333333333333333
0 0.8791666666666668 0.04666666666666667 0.008333333333333333 0.008333333333333333
0 0.8641666666666667 0.12250000000000001 0.008333333333333333 0.008333333333333333
0 0.8733333333333334 0.12333333333333334 0.008333333333333333 0.008333333333333333
0 0.91 0.115 0.008333333333333333 0.008333333333333333
0 0.9683333333333334 0.11166666666666668 0.008333333333333333 0.008333333333333333
0 0.9966666666666667 0.12666666666666668 0.008333333333333333 0.008333333333333333
0 0.9966666666666667 0.10583333333333333 0.008333333333333333 0.008333333333333333
0 0.9858333333333335 0.085 0.008333333333333333 0.008333333333333333
0 0.9958333333333333 0.07333333333333333 0.008333333333333333 0.008333333333333333
0 0.9741666666666667 0.015000000000000001 0.008333333333333333 0.008333333333333333
0 0.9783333333333334 0.18666666666666668 0.008333333333333333 0.008333333333333333
0 0.9475 0.17916666666666667 0.008333333333333333 0.008333333333333333
0 0.9358333333333334 0.16416666666666668 0.008333333333333333 0.008333333333333333
0 0.9125000000000001 0.15083333333333335 0.008333333333333333 0.008333333333333333
0 0.8733333333333334 0.17083333333333334 0.008333333333333333 0.008333333333333333
0 0.8391666666666667 0.1625 0.008333333333333333 0.008333333333333333
0 0.9 0.2325 0.008333333333333333 0.008333333333333333
0 0.905 0.21666666666666667 0.008333333333333333 0.008333333333333333
0 0.9916666666666667 0.22 0.008333333333333333 0.008333333333333333
0 0.9658333333333334 0.23750000000000002 0.008333333333333333 0.008333333333333333
0 0.9641666666666667 0.2775 0.008333333333333333 0.008333333333333333
0 0.9333333333333333 0.29333333333333333 0.008333333333333333 0.008333333333333333
0 0.9325000000000001 0.30250000000000005 0.008333333333333333 0.008333333333333333
0 0.9033333333333334 0.2675 0.008333333333333333 0.008333333333333333
0 0.8516666666666667 0.24833333333333335 0.008333333333333333 0.008333333333333333
0 0.89 0.3125 0.008333333333333333 0.008333333333333333
0 0.9016666666666667 0.3466666666666667 0.008333333333333333 0.008333333333333333
0 0.8608333333333333 0.3383333333333334 0.008333333333333333 0.008333333333333333
0 0.8133333333333334 0.335 0.008333333333333333 0.008333333333333333
0 0.7208333333333333 0.18916666666666668 0.008333333333333333 0.008333333333333333
0 0.7175 0.21750000000000003 0.008333333333333333 0.008333333333333333
0 0.7516666666666667 0.24000000000000002 0.008333333333333333 0.008333333333333333
0 0.7383333333333334 0.2575 0.008333333333333333 0.008333333333333333
0 0.6908333333333334 0.2758333333333334 0.008333333333333333 0.008333333333333333
0 0.5883333333333334 0.09083333333333334 0.008333333333333333 0.008333333333333333
0 0.5733333333333334 0.16166666666666668 0.008333333333333333 0.008333333333333333
0 0.6375000000000001 0.24750000000000003 0.008333333333333333 0.008333333333333333
0 0.5783333333333334 0.26 0.008333333333333333 0.008333333333333333
0 0.6708333333333334 0.29500000000000004 0.008333333333333333 0.008333333333333333
0 0.6941666666666667 0.2991666666666667 0.008333333333333333 0.008333333333333333
0 0.6841666666666667 0.31333333333333335 0.008333333333333333 0.008333333333333333
0 0.6741666666666667 0.3191666666666667 0.008333333333333333 0.008333333333333333
0 0.66 0.30250000000000005 0.008333333333333333 0.008333333333333333
0 0.6608333333333334 0.33416666666666667 0.008333333333333333 0.008333333333333333
0 0.5516666666666667 0.3591666666666667 0.008333333333333333 0.008333333333333333
0 0.5441666666666667 0.41500000000000004 0.008333333333333333 0.008333333333333333
0 0.6016666666666667 0.41583333333333333 0.008333333333333333 0.008333333333333333
0 0.5516666666666667 0.46166666666666667 0.008333333333333333 0.008333333333333333
0 0.5875 0.4625 0.008333333333333333 0.008333333333333333
0 0.6083333333333334 0.48833333333333334 0.008333333333333333 0.008333333333333333
0 0.6258333333333334 0.5166666666666667 0.008333333333333333 0.008333333333333333
0 0.5708333333333334 0.5191666666666667 0.008333333333333333 0.008333333333333333
0 0.6316666666666667 0.5483333333333333 0.008333333333333333 0.008333333333333333
0 0.5133333333333334 0.5258333333333334 0.008333333333333333 0.008333333333333333
0 0.5216666666666667 0.5775 0.008333333333333333 0.008333333333333333
0 0.6325000000000001 0.5858333333333333 0.008333333333333333 0.008333333333333333
0 0.5616666666666666 0.6283333333333334 0.008333333333333333 0.008333333333333333
0 0.5241666666666667 0.665 0.008333333333333333 0.008333333333333333
0 0.5950000000000001 0.6591666666666667 0.008333333333333333 0.008333333333333333
0 0.6616666666666667 0.6525000000000001 0.008333333333333333 0.008333333333333333
0 0.6783333333333333 0.6558333333333334 0.008333333333333333 0.008333333333333333
0 0.7433333333333334 0.655 0.008333333333333333 0.008333333333333333
0 0.7691666666666667 0.6616666666666667 0.008333333333333333 0.008333333333333333
0 0.7575000000000001 0.6266666666666667 0.008333333333333333 0.008333333333333333
0 0.6658333333333334 0.4658333333333334 0.008333333333333333 0.008333333333333333
0 0.6883333333333334 0.4566666666666667 0.008333333333333333 0.008333333333333333
0 0.7300000000000001 0.42833333333333334 0.008333333333333333 0.008333333333333333
0 0.7341666666666667 0.42500000000000004 0.008333333333333333 0.008333333333333333
0 0.7725000000000001 0.4391666666666667 0.008333333333333333 0.008333333333333333
0 0.7791666666666667 0.4525 0.008333333333333333 0.008333333333333333
0 0.7733333333333334 0.47500000000000003 0.008333333333333333 0.008333333333333333
0 0.8191666666666667 0.4416666666666667 0.008333333333333333 0.008333333333333333
0 0.81 0.43500000000000005 0.008333333333333333 0.008333333333333333
0 0.8391666666666667 0.3775 0.008333333333333333 0.008333333333333333
0 0.8991666666666667 0.38 0.008333333333333333 0.008333333333333333
0 0.9708333333333334 0.3816666666666667 0.008333333333333333 0.008333333333333333
0 0.8958333333333334 0.4216666666666667 0.008333333333333333 0.008333333333333333
0 0.8441666666666667 0.45833333333333337 0.008333333333333333 0.008333333333333333
0 0.9008333333333334 0.4658333333333334 0.008333333333333333 0.008333333333333333
0 0.8866666666666667 0.47500000000000003 0.008333333333333333 0.008333333333333333
0 0.8733333333333334 0.49000000000000005 0.008333333333333333 0.008333333333333333
0 0.8116666666666668 0.505 0.008333333333333333 0.008333333333333333
0 0.7916666666666667 0.5141666666666667 0.008333333333333333 0.008333333333333333
0 0.7300000000000001 0.5366666666666667 0.008333333333333333 0.008333333333333333
0 0.7300000000000001 0.5733333333333334 0.008333333333333333 0.008333333333333333
0 0.785 0.6125 0.008333333333333333 0.008333333333333333
0 0.7983333333333333 0.6116666666666667 0.008333333333333333 0.008333333333333333
0 0.8175 0.6566666666666667 0.008333333333333333 0.008333333333333333
0 0.8450000000000001 0.6575000000000001 0.008333333333333333 0.008333333333333333
0 0.895 0.66 0.008333333333333333 0.008333333333333333
0 0.8691666666666668 0.5958333333333333 0.008333333333333333 0.008333333333333333
0 0.8983333333333334 0.6016666666666667 0.008333333333333333 0.008333333333333333
0 0.9366666666666668 0.5908333333333333 0.008333333333333333 0.008333333333333333
0 0.9191666666666667 0.5841666666666667 0.008333333333333333 0.008333333333333333
0 0.8683333333333334 0.5416666666666667 0.008333333333333333 0.008333333333333333
0 0.8425 0.535 0.008333333333333333 0.008333333333333333
0 0.9641666666666667 0.52 0.008333333333333333 0.008333333333333333
0 0.9783333333333334 0.6008333333333333 0.008333333333333333 0.008333333333333333
0 0.5291666666666667 0.6891666666666667 0.008333333333333333 0.008333333333333333
0 0.5933333333333334 0.6825 0.008333333333333333 0.008333333333333333
0 0.5133333333333334 0.6983333333333334 0.008333333333333333 0.008333333333333333
0 0.5475 0.7150000000000001 0.008333333333333333 0.008333333333333333
0 0.5566666666666668 0.7141666666666667 0.008333333333333333 0.008333333333333333
0 0.5708333333333334 0.7400000000000001 0.008333333333333333 0.008333333333333333
0 0.6175 0.7400000000000001 0.008333333333333333 0.008333333333333333
0 0.5975 0.7358333333333333 0.008333333333333333 0.008333333333333333
0 0.5833333333333334 0.7783333333333334 0.008333333333333333 0.008333333333333333
0 0.52 0.7666666666666667 0.008333333333333333 0.008333333333333333
0 0.5158333333333334 0.7633333333333334 0.008333333333333333 0.008333333333333333
0 0.6541666666666667 0.8016666666666667 0.008333333333333333 0.008333333333333333
0 0.5950000000000001 0.8533333333333334 0.008333333333333333 0.008333333333333333
0 0.5883333333333334 0.8541666666666667 0.008333333333333333 0.008333333333333333
0 0.5233333333333333 0.8833333333333334 0.008333333333333333 0.008333333333333333
0 0.5866666666666667 0.8966666666666667 0.008333333333333333 0.008333333333333333
0 0.5900000000000001 0.895 0.008333333333333333 0.008333333333333333
0 0.6141666666666667 0.8833333333333334 0.008333333333333333 0.008333333333333333
0 0.615 0.8925000000000001 0.008333333333333333 0.008333333333333333
0 0.6475000000000001 0.8891666666666668 0.008333333333333333 0.008333333333333333
0 0.6541666666666667 0.8416666666666667 0.008333333333333333 0.008333333333333333
0 0.6708333333333334 0.9116666666666667 0.008333333333333333 0.008333333333333333
0 0.7116666666666667 0.9141666666666667 0.008333333333333333 0.008333333333333333
0 0.7108333333333334 0.8708333333333333 0.008333333333333333 0.008333333333333333
0 0.7075 0.8125 0.008333333333333333 0.008333333333333333
0 0.7633333333333334 0.8 0.008333333333333333 0.008333333333333333
0 0.5266666666666667 0.9700000000000001 0.008333333333333333 0.008333333333333333
0 0.5475 0.9708333333333334 0.008333333333333333 0.008333333333333333
0 0.6591666666666667 0.9883333333333334 0.008333333333333333 0.008333333333333333
0 0.6775 0.9925 0.008333333333333333 0.008333333333333333
0 0.7366666666666667 0.9800000000000001 0.008333333333333333 0.008333333333333333
0 0.7616666666666667 0.9725 0.008333333333333333 0.008333333333333333
0 0.8383333333333334 0.9883333333333334 0.008333333333333333 0.008333333333333333
0 0.8550000000000001 0.9616666666666668 0.008333333333333333 0.008333333333333333
0 0.9016666666666667 0.9616666666666668 0.008333333333333333 0.008333333333333333
0 0.8250000000000001 0.9241666666666667 0.008333333333333333 0.008333333333333333
0 0.8325 0.9125000000000001 0.008333333333333333 0.008333333333333333
0 0.8841666666666668 0.8966666666666667 0.008333333333333333 0.008333333333333333
0 0.9066666666666667 0.9141666666666667 0.008333333333333333 0.008333333333333333
0 0.9925 0.9341666666666667 0.008333333333333333 0.008333333333333333
0 0.9808333333333334 0.9 0.008333333333333333 0.008333333333333333
0 0.6841666666666667 0.6966666666666667 0.008333333333333333 0.008333333333333333
0 0.7150000000000001 0.7091666666666667 0.008333333333333333 0.008333333333333333
0 0.6941666666666667 0.7166666666666667 0.008333333333333333 0.008333333333333333
0 0.7683333333333334 0.7508333333333334 0.008333333333333333 0.008333333333333333
0 0.8 0.7325 0.008333333333333333 0.008333333333333333
0 0.8700000000000001 0.7133333333333334 0.008333333333333333 0.008333333333333333
0 0.9116666666666667 0.7308333333333333 0.008333333333333333 0.008333333333333333
0 0.9800000000000001 0.685 0.008333333333333333 0.008333333333333333
0 0.9750000000000001 0.7591666666666668 0.008333333333333333 0.008333333333333333
0 0.9658333333333334 0.8125 0.008333333333333333 0.008333333333333333
0 0.895 0.8025000000000001 0.008333333333333333 0.008333333333333333
0 0.8575 0.8125 0.008333333333333333 0.008333333333333333
0 0.8550000000000001 0.8433333333333334 0.008333333333333333 0.008333333333333333
0 0.9858333333333335 0.8708333333333333 0.008333333333333333 0.008333333333333333
0 0.9700000000000001 0.8391666666666667 0.008333333333333333 0.008333333333333333
0 0.9400000000000001 0.8575 0.008333333333333333 0.008333333333333333
0 0.8066666666666668 0.8425 0.008333333333333333 0.008333333333333333
0 0.7958333333333334 0.8300000000000001 0.008333333333333333 0.008333333333333333
0 0.8041666666666667 0.785 0.008333333333333333 0.008333333333333333
0 0.7733333333333334 0.8400000000000001 0.008333333333333333 0.008333333333333333
0 0.765 0.8358333333333334 0.008333333333333333 0.008333333333333333
0 0.9850000000000001 0.41833333333333333 0.008333333333333333 0.008333333333333333
0 0.505 0.8883333333333334 0.008333333333333333 0.008333333333333333
0 0.33916666666666667 0.88 0.008333333333333333 0.008333333333333333
0 0.27166666666666667 0.8841666666666668 0.008333333333333333 0.008333333333333333
0 0.5083333333333334 0.38583333333333336 0.008333333333333333 0.008333333333333333
0 0.5775 0.3666666666666667 0.008333333333333333 0.008333333333333333
0 0.3925 0.32333333333333336 0.008333333333333333 0.008333333333333333
0 0.31583333333333335 0.23333333333333334 0.008333333333333333 0.008333333333333333
0 0.23750000000000002 0.4741666666666667 0.008333333333333333 0.008333333333333333
