0 0.10737527114967463 0.029268292682926828 0.010845986984815618 0.012195121951219513
0 0.08568329718004339 0.03902439024390244 0.010845986984815618 0.012195121951219513
0 0.03470715835140998 0.1024390243902439 0.010845986984815618 0.012195121951219513
0 0.24511930585683298 0.06585365853658537 0.010845986984815618 0.012195121951219513
0 0.1963123644251627 0.07682926829268293 0.010845986984815618 0.012195121951219513
0 0.21908893709327548 0.12439024390243902 0.010845986984815618 0.012195121951219513
0 0.18980477223427333 0.14878048780487804 0.010845986984815618 0.012195121951219513
0 0.19739696312364427 0.16463414634146342 0.010845986984815618 0.012195121951219513
0 0.07917570498915402 0.21097560975609755 0.010845986984815618 0.012195121951219513
0 0.0596529284164859 0.2097560975609756 0.010845986984815618 0.012195121951219513
0 0.039045553145336226 0.22682926829268293 0.010845986984815618 0.012195121951219513
0 0.16377440347071584 0.2658536585365854 0.010845986984815618 0.012195121951219513
0 0.26898047722342733 0.22317073170731708 0.010845986984815618 0.012195121951219513
0 0.3286334056399132 0.06829268292682927 0.010845986984815618 0.012195121951219513
0 0.4956616052060738 0.041463414634146344 0.010845986984815618 0.012195121951219513
0 0.47830802603036876 0.0975609756097561 0.010845986984815618 0.012195121951219513
0 0.41865509761388287 0.1024390243902439 0.010845986984815618 0.012195121951219513
0 0.39154013015184386 0.15 0.010845986984815618 0.012195121951219513
0 0.3872017353579176 0.11463414634146342 0.010845986984815618 0.012195121951219513
0 0.4685466377440347 0.21951219512195122 0.010845986984815618 0.012195121951219513
0 0.5986984815618221 0.1475609756097561 0.010845986984815618 0.012195121951219513
0 0.6496746203904555 0.11463414634146342 0.010845986984815618 0.012195121951219513
0 0.7266811279826464 0.07804878048780488 0.010845986984815618 0.012195121951219513
0 0.7364425162689805 0.08780487804878048 0.010845986984815618 0.012195121951219513
0 0.7006507592190889 0.20609756097560974 0.010845986984815618 0.012195121951219513
0 0.6409978308026031 0.25 0.010845986984815618 0.012195121951219513
0 0.6334056399132322 0.23780487804878048 0.010845986984815618 0.012195121951219513
0 0.6062906724511931 0.2707317073170732 0.010845986984815618 0.012195121951219513
0 0.5585683297180044 0.28780487804878047 0.010845986984815618 0.012195121951219513
0 0.4891540130151844 0.27926829268292686 0.010845986984815618 0.012195121951219513
0 0.4360086767895879 0.2865853658536585 0.010845986984815618 0.012195121951219513
0 0.4956616052060738 0.33414634146341465 0.010845986984815618 0.012195121951219513
0 0.35140997830802606 0.3073170731707317 0.010845986984815618 0.012195121951219513
0 0.36659436008676793 0.3463414634146341 0.010845986984815618 0.012195121951219513
0 0.41431670281995664 0.40487804878048783 0.010845986984815618 0.012195121951219513
0 0.15726681127982647 0.37682926829268293 0.010845986984815618 0.012195121951219513
0 0.1540130151843818 0.39146341463414636 0.010845986984815618 0.012195121951219513
0 0.19739696312364427 0.42317073170731706 0.010845986984815618 0.012195121951219513
0 0.0455531453362256 0.31097560975609756 0.010845986984815618 0.012195121951219513
0 0.25379609544468545 0.38414634146341464 0.010845986984815618 0.012195121951219513
0 0.2223427331887202 0.501219512195122 0.010845986984815618 0.012195121951219513
0 0.14859002169197397 0.47317073170731705 0.010845986984815618 0.012195121951219513
0 0.15835140997830804 0.5304878048780488 0.010845986984815618 0.012195121951219513
0 0.3611713665943601 0.42317073170731706 0.010845986984815618 0.012195121951219513
0 0.32321041214750545 0.4402439024390244 0.010845986984815618 0.012195121951219513
0 0.33405639913232105 0.48292682926829267 0.010845986984815618 0.012195121951219513
0 0.37418655097613884 0.4378048780487805 0.010845986984815618 0.012195121951219513
0 0.5639913232104121 0.42804878048780487 0.010845986984815618 0.012195121951219513
0 0.4750542299349241 0.44878048780487806 0.010845986984815618 0.012195121951219513
0 0.6670281995661606 0.4036585365853659 0.010845986984815618 0.012195121951219513
0 0.7071583514099783 0.4402439024390244 0.010845986984815618 0.012195121951219513
0 0.6550976138828634 0.4768292682926829 0.010845986984815618 0.012195121951219513
0 0.6550976138828634 0.5463414634146342 0.010845986984815618 0.012195121951219513
0 0.5878524945770065 0.5097560975609756 0.010845986984815618 0.012195121951219513
0 0.5292841648590022 0.5536585365853659 0.010845986984815618 0.012195121951219513
0 0.5574837310195228 0.5792682926829268 0.010845986984815618 0.012195121951219513
0 0.40238611713665945 0.5036585365853659 0.010845986984815618 0.012195121951219513
0 0.45010845986984815 0.5463414634146342 0.010845986984815618 0.012195121951219513
0 0.2993492407809111 0.5170731707317073 0.010845986984815618 0.012195121951219513
0 0.3156182212581345 0.5634146341463414 0.010845986984815618 0.012195121951219513
0 0.027114967462039046 0.5926829268292683 0.010845986984815618 0.012195121951219513
0 0.05314533622559653 0.6024390243902439 0.010845986984815618 0.012195121951219513
0 0.07375271149674621 0.6073170731707317 0.010845986984815618 0.012195121951219513
0 0.014099783080260305 0.625609756097561 0.010845986984815618 0.012195121951219513
0 0.018438177874186553 0.6268292682926829 0.010845986984815618 0.012195121951219513
0 0.1822125813449024 0.6231707317073171 0.010845986984815618 0.012195121951219513
0 0.24837310195227766 0.5829268292682926 0.010845986984815618 0.012195121951219513
0 0.3004338394793926 0.6231707317073171 0.010845986984815618 0.012195121951219513
0 0.42190889370932755 0.5902439024390244 0.010845986984815618 0.012195121951219513
0 0.5032537960954447 0.598780487804878 0.010845986984815618 0.012195121951219513
0 0.5195227765726681 0.6085365853658536 0.010845986984815618 0.012195121951219513
0 0.588937093275488 0.6536585365853659 0.010845986984815618 0.012195121951219513
0 0.7049891540130152 0.6 0.010845986984815618 0.012195121951219513
0 0.7169197396963124 0.6487804878048781 0.010845986984815618 0.012195121951219513
0 0.6843817787418656 0.6890243902439024 0.010845986984815618 0.012195121951219513
0 0.7190889370932755 0.7463414634146341 0.010845986984815618 0.012195121951219513
0 0.7190889370932755 0.7524390243902439 0.010845986984815618 0.012195121951219513
0 0.06290672451193059 0.697560975609756 0.010845986984815618 0.012195121951219513
0 0.16702819956616052 0.7134146341463414 0.010845986984815618 0.012195121951219513
0 0.10954446854663774 0.7926829268292683 0.010845986984815618 0.012195121951219513
0 0.1420824295010846 0.7939024390243903 0.010845986984815618 0.012195121951219513
0 0.16702819956616052 0.8121951219512195 0.010845986984815618 0.012195121951219513
0 0.03253796095444685 0.9109756097560976 0.010845986984815618 0.012195121951219513
0 0.0911062906724512 0.925609756097561 0.010845986984815618 0.012195121951219513
0 0.11062906724511931 0.9060975609756098 0.010845986984815618 0.012195121951219513
0 0.16160520607375273 0.9414634146341463 0.010845986984815618 0.012195121951219513
0 0.1561822125813449 0.8597560975609756 0.010845986984815618 0.012195121951219513
0 0.18872017353579176 0.8646341463414634 0.010845986984815618 0.012195121951219513
0 0.2418655097613883 0.8512195121951219 0.010845986984815618 0.012195121951219513
0 0.26572668112798264 0.7560975609756098 0.010845986984815618 0.012195121951219513
0 0.35140997830802606 0.7304878048780488 0.010845986984815618 0.012195121951219513
0 0.3383947939262473 0.7646341463414634 0.010845986984815618 0.012195121951219513
0 0.37418655097613884 0.7817073170731708 0.010845986984815618 0.012195121951219513
0 0.35357917570498915 0.8707317073170732 0.010845986984815618 0.012195121951219513
0 0.37093275488069416 0.8975609756097561 0.010845986984815618 0.012195121951219513
0 0.31127982646420826 0.9548780487804878 0.010845986984815618 0.012195121951219513
0 0.2874186550976139 0.9841463414634146 0.010845986984815618 0.012195121951219513
0 0.5336225596529285 0.7975609756097561 0.010845986984815618 0.012195121951219513
0 0.4967462039045553 0.9195121951219513 0.010845986984815618 0.012195121951219513
0 0.5162689804772235 0.9536585365853658 0.010845986984815618 0.012195121951219513
0 0.5433839479392625 0.8975609756097561 0.010845986984815618 0.012195121951219513
0 0.6062906724511931 0.8951219512195122 0.010845986984815618 0.012195121951219513
0 0.9013015184381779 0.9317073170731708 0.010845986984815618 0.012195121951219513
0 0.9154013015184382 0.9109756097560976 0.010845986984815618 0.012195121951219513
0 0.9403470715835142 0.8560975609756097 0.010845986984815618 0.012195121951219513
0 0.911062906724512 0.8207317073170731 0.010845986984815618 0.012195121951219513
0 0.806941431670282 0.8317073170731707 0.010845986984815618 0.012195121951219513
0 0.7505422993492408 0.8073170731707318 0.010845986984815618 0.012195121951219513
0 0.7472885032537961 0.7853658536585366 0.010845986984815618 0.012195121951219513
0 0.7462039045553146 0.7073170731707317 0.010845986984815618 0.012195121951219513
0 0.8481561822125814 0.7463414634146341 0.010845986984815618 0.012195121951219513
0 0.868763557483731 0.7365853658536585 0.010845986984815618 0.012195121951219513
0 0.886117136659436 0.7012195121951219 0.010845986984815618 0.012195121951219513
0 0.9924078091106291 0.7378048780487805 0.010845986984815618 0.012195121951219513
0 0.9587852494577007 0.6609756097560976 0.010845986984815618 0.012195121951219513
0 0.8427331887201736 0.6707317073170732 0.010845986984815618 0.012195121951219513
0 0.8047722342733189 0.6292682926829268 0.010845986984815618 0.012195121951219513
0 0.8676789587852495 0.6146341463414634 0.010845986984815618 0.012195121951219513
0 0.8275488069414317 0.6402439024390244 0.010845986984815618 0.012195121951219513
0 0.8004338394793926 0.5878048780487805 0.010845986984815618 0.012195121951219513
0 0.8188720173535792 0.5121951219512195 0.010845986984815618 0.012195121951219513
0 0.8221258134490239 0.5097560975609756 0.010845986984815618 0.012195121951219513
0 0.8796095444685467 0.501219512195122 0.010845986984815618 0.012195121951219513
0 0.8297180043383948 0.4560975609756098 0.010845986984815618 0.012195121951219513
0 0.8297180043383948 0.3902439024390244 0.010845986984815618 0.012195121951219513
0 0.9349240780911063 0.49634146341463414 0.010845986984815618 0.012195121951219513
0 0.9739696312364425 0.46829268292682924 0.010845986984815618 0.012195121951219513
0 0.8546637744034707 0.47073170731707314 0.010845986984815618 0.012195121951219513
0 0.752711496746204 0.30609756097560975 0.010845986984815618 0.012195121951219513
0 0.8405639913232105 0.35365853658536583 0.010845986984815618 0.012195121951219513
0 0.9316702819956616 0.3121951219512195 0.010845986984815618 0.012195121951219513
0 0.945770065075922 0.27682926829268295 0.010845986984815618 0.012195121951219513
0 0.9501084598698482 0.2707317073170732 0.010845986984815618 0.012195121951219513
0 0.928416485900217 0.2524390243902439 0.010845986984815618 0.012195121951219513
0 0.9229934924078091 0.20365853658536584 0.010845986984815618 0.012195121951219513
0 0.8947939262472885 0.2597560975609756 0.010845986984815618 0.012195121951219513
0 0.8470715835140998 0.25 0.010845986984815618 0.012195121951219513
0 0.8210412147505424 0.19634146341463415 0.010845986984815618 0.012195121951219513
0 0.8340563991323211 0.08536585365853659 0.010845986984815618 0.012195121951219513
0 0.8091106290672452 0.09390243902439024 0.010845986984815618 0.012195121951219513
0 0.7711496746203905 0.1024390243902439 0.010845986984815618 0.012195121951219513
0 0.8156182212581345 0.13658536585365855 0.010845986984815618 0.012195121951219513
0 0.868763557483731 0.1475609756097561 0.010845986984815618 0.012195121951219513
0 0.9761388286334056 0.06341463414634146 0.010845986984815618 0.012195121951219513
0 0.9577006507592191 0.1378048780487805 0.010845986984815618 0.012195121951219513
0 0.9761388286334056 0.174390243902439 0.010845986984815618 0.012195121951219513
0 0.9642082429501085 0.5353658536585366 0.010845986984815618 0.012195121951219513
0 0.8676789587852495 0.6536585365853659 0.010845986984815618 0.012195121951219513
0 0.9511930585683297 0.6280487804878049 0.010845986984815618 0.012195121951219513
0 0.5379609544468547 0.7134146341463414 0.010845986984815618 0.012195121951219513
0 0.24295010845986986 0.44634146341463415 0.010845986984815618 0.012195121951219513
0 0.22017353579175705 0.5536585365853659 0.010845986984815618 0.012195121951219513
0 0.4240780911062907 0.4378048780487805 0.010845986984815618 0.012195121951219513
0 0.41431670281995664 0.55 0.010845986984815618 0.012195121951219513
0 0.12689804772234273 0.9573170731707317 0.010845986984815618 0.012195121951219513
0 0.7462039045553146 0.5670731707317073 0.010845986984815618 0.012195121951219513
0 0.3047722342733189 0.7012195121951219 0.010845986984815618 0.012195121951219513
0 0.7364425162689805 0.13170731707317074 0.010845986984815618 0.012195121951219513
0 0.7234273318872018 0.004878048780487805 0.010845986984815618 0.012195121951219513
