0 0.3624557260920897 0.009685230024213076 0.011806375442739079 0.012106537530266345
0 0.15466351829988192 0.04237288135593221 0.011806375442739079 0.012106537530266345
0 0.10979929161747343 0.06900726392251816 0.011806375442739079 0.012106537530266345
0 0.2384887839433294 0.09443099273607748 0.011806375442739079 0.012106537530266345
0 0.11216056670602124 0.1368038740920097 0.011806375442739079 0.012106537530266345
0 0.012987012987012986 0.18765133171912834 0.011806375442739079 0.012106537530266345
0 0.028335301062573787 0.12348668280871672 0.011806375442739079 0.012106537530266345
0 0.0909090909090909 0.1162227602905569 0.011806375442739079 0.012106537530266345
0 0.2987012987012987 0.13075060532687652 0.011806375442739079 0.012106537530266345
0 0.34356552538370716 0.11016949152542374 0.011806375442739079 0.012106537530266345
0 0.21605667060212513 0.30871670702179177 0.011806375442739079 0.012106537530266345
0 0.21487603305785122 0.3946731234866828 0.011806375442739079 0.012106537530266345
0 0.18536009445100354 0.4939467312348669 0.011806375442739079 0.012106537530266345
0 0.69185360094451 0.020581113801452784 0.011806375442739079 0.012106537530266345
0 0.7119244391971664 0.049636803874092014 0.011806375442739079 0.012106537530266345
0 0.6623376623376623 0.04600484261501211 0.011806375442739079 0.012106537530266345
0 0.602125147579693 0.0811138014527845 0.011806375442739079 0.012106537530266345
0 0.5749704840613932 0.08958837772397095 0.011806375442739079 0.012106537530266345
0 0.6387249114521841 0.12227602905569007 0.011806375442739079 0.012106537530266345
0 0.780401416765053 0.08232445520581114 0.011806375442739079 0.012106537530266345
0 0.8040141676505312 0.18038740920096852 0.011806375442739079 0.012106537530266345
0 0.755608028335301 0.17312348668280872 0.011806375442739079 0.012106537530266345
0 0.6127508854781581 0.1719128329297821 0.011806375442739079 0.012106537530266345
0 0.5419126328217237 0.22033898305084748 0.011806375442739079 0.012106537530266345
0 0.4663518299881936 0.225181598062954 0.011806375442739079 0.012106537530266345
0 0.42502951593860683 0.24455205811138014 0.011806375442739079 0.012106537530266345
0 0.7024793388429752 0.22276029055690075 0.011806375442739079 0.012106537530266345
0 0.35655253837072015 0.3159806295399516 0.011806375442739079 0.012106537530266345
0 0.45808736717827625 0.32808716707021796 0.011806375442739079 0.012106537530266345
0 0.5796930342384887 0.31476997578692495 0.011806375442739079 0.012106537530266345
0 0.6292798110979929 0.3341404358353511 0.011806375442739079 0.012106537530266345
0 0.43329397874852416 0.34866828087167073 0.011806375442739079 0.012106537530266345
0 0.3931523022432113 0.3559322033898305 0.011806375442739079 0.012106537530266345
0 0.3612750885478158 0.3753026634382567 0.011806375442739079 0.012106537530266345
0 0.34356552538370716 0.3837772397094431 0.011806375442739079 0.012106537530266345
0 0.33530106257378983 0.42736077481840196 0.011806375442739079 0.012106537530266345
0 0.4604486422668241 0.42736077481840196 0.011806375442739079 0.012106537530266345
0 0.3624557260920897 0.4515738498789346 0.011806375442739079 0.012106537530266345
0 0.4309327036599764 0.4576271186440678 0.011806375442739079 0.012106537530266345
0 0.41204250295159384 0.47336561743341404 0.011806375442739079 0.012106537530266345
0 0.319952774498229 0.49515738498789347 0.011806375442739079 0.012106537530266345
0 0.36717827626918537 0.5181598062953996 0.011806375442739079 0.012106537530266345
0 0.6894923258559622 0.41888619854721554 0.011806375442739079 0.012106537530266345
0 0.7874852420306966 0.4176755447941889 0.011806375442739079 0.012106537530266345
0 0.4852420306965761 0.46973365617433416 0.011806375442739079 0.012106537530266345
0 0.5655253837072018 0.47336561743341404 0.011806375442739079 0.012106537530266345
0 0.6351829988193625 0.5096852300242131 0.011806375442739079 0.012106537530266345
0 0.1050767414403778 0.5375302663438257 0.011806375442739079 0.012106537530266345
0 0.076741440377804 0.5883777239709443 0.011806375442739079 0.012106537530266345
0 0.21723730814639905 0.5847457627118644 0.011806375442739079 0.012106537530266345
0 0.14521841794569065 0.6476997578692494 0.011806375442739079 0.012106537530266345
0 0.0602125147579693 0.7033898305084746 0.011806375442739079 0.012106537530266345
0 0.051948051948051945 0.6779661016949153 0.011806375442739079 0.012106537530266345
0 0.05667060212514757 0.7336561743341404 0.011806375442739079 0.012106537530266345
0 0.012987012987012986 0.7360774818401937 0.011806375442739079 0.012106537530266345
0 0.023612750885478158 0.8583535108958839 0.011806375442739079 0.012106537530266345
0 0.0755608028335301 0.87409200968523 0.011806375442739079 0.012106537530266345
0 0.12632821723730814 0.8498789346246973 0.011806375442739079 0.012106537530266345
0 0.19716646989374262 0.7748184019370461 0.011806375442739079 0.012106537530266345
0 0.23494687131050765 0.7566585956416465 0.011806375442739079 0.012106537530266345
0 0.2680047225501771 0.6852300242130751 0.011806375442739079 0.012106537530266345
0 0.3010625737898465 0.5702179176755449 0.011806375442739079 0.012106537530266345
0 0.42857142857142855 0.5750605326876513 0.011806375442739079 0.012106537530266345
0 0.3152302243211334 0.5786924939467313 0.011806375442739079 0.012106537530266345
0 0.4675324675324675 0.6186440677966102 0.011806375442739079 0.012106537530266345
0 0.32349468713105073 0.6949152542372882 0.011806375442739079 0.012106537530266345
0 0.422668240850059 0.742130750605327 0.011806375442739079 0.012106537530266345
0 0.5631641086186541 0.5653753026634383 0.011806375442739079 0.012106537530266345
0 0.5277449822904368 0.5786924939467313 0.011806375442739079 0.012106537530266345
0 0.5726092089728453 0.6041162227602905 0.011806375442739079 0.012106537530266345
0 0.6635182998819362 0.6053268765133172 0.011806375442739079 0.012106537530266345
0 0.7839433293978748 0.602905569007264 0.011806375442739079 0.012106537530266345
0 0.7886658795749705 0.5992736077481841 0.011806375442739079 0.012106537530266345
0 0.5324675324675324 0.7142857142857143 0.011806375442739079 0.012106537530266345
0 0.4935064935064935 0.7203389830508475 0.011806375442739079 0.012106537530266345
0 0.4521841794569067 0.7663438256658596 0.011806375442739079 0.012106537530266345
0 0.4663518299881936 0.7869249394673123 0.011806375442739079 0.012106537530266345
0 0.358913813459268 0.8365617433414044 0.011806375442739079 0.012106537530266345
0 0.4675324675324675 0.887409200968523 0.011806375442739079 0.012106537530266345
0 0.6351829988193625 0.8886198547215497 0.011806375442739079 0.012106537530266345
0 0.639905548996458 0.8813559322033899 0.011806375442739079 0.012106537530266345
0 0.6564344746162928 0.7820823244552059 0.011806375442739079 0.012106537530266345
0 0.613931523022432 0.7348668280871671 0.011806375442739079 0.012106537530266345
0 0.7260920897284533 0.6610169491525424 0.011806375442739079 0.012106537530266345
0 0.7733175914994096 0.8716707021791767 0.011806375442739079 0.012106537530266345
0 0.8264462809917354 0.9297820823244553 0.011806375442739079 0.012106537530266345
0 0.8913813459268004 0.8595641646489105 0.011806375442739079 0.012106537530266345
0 0.89728453364817 0.8595641646489105 0.011806375442739079 0.012106537530266345
0 0.9433293978748524 0.7191283292978209 0.011806375442739079 0.012106537530266345
0 0.8783943329397874 0.5193704600484261 0.011806375442739079 0.012106537530266345
0 0.9055489964580873 0.4648910411622276 0.011806375442739079 0.012106537530266345
0 0.8465171192443919 0.49515738498789347 0.011806375442739079 0.012106537530266345
0 0.8087367178276269 0.37046004842615016 0.011806375442739079 0.012106537530266345
0 0.9185360094451003 0.3498789346246974 0.011806375442739079 0.012106537530266345
0 0.9185360094451003 0.25181598062953997 0.011806375442739079 0.012106537530266345
0 0.8701298701298701 0.22397094430992737 0.011806375442739079 0.012106537530266345
0 0.9126328217237307 0.7566585956416465 0.011806375442739079 0.012106537530266345
0 0.6422668240850059 0.7033898305084746 0.011806375442739079 0.012106537530266345
0 0.5608028335301062 0.7772397094430993 0.011806375442739079 0.012106537530266345
0 0.2739079102715466 0.7869249394673123 0.011806375442739079 0.012106537530266345
0 0.409681227863046 0.41283292978208236 0.011806375442739079 0.012106537530266345
0 0.34002361275088544 0.4987893462469734 0.011806375442739079 0.012106537530266345
0 0.8595041322314049 0.25181598062953997 0.011806375442739079 0.012106537530266345
0 0.26328217237308144 0.1961259079903148 0.011806375442739079 0.012106537530266345
0 0.19716646989374262 0.9430992736077483 0.011806375442739079 0.012106537530266345
0 0.4958677685950413 0.5738498789346247 0.011806375442739079 0.012106537530266345
0 0.42384887839433294 0.6150121065375302 0.011806375442739079 0.012106537530266345
0 0.5371900826446281 0.5460048426150121 0.011806375442739079 0.012106537530266345
