0 0.0475 0.0575 0.008333333333333333 0.008333333333333333
0 0.10416666666666667 0.07250000000000001 0.008333333333333333 0.008333333333333333
0 0.21333333333333335 0.043333333333333335 0.008333333333333333 0.008333333333333333
0 0.3066666666666667 0.04583333333333334 0.008333333333333333 0.008333333333333333
0 0.46 0.10583333333333333 0.008333333333333333 0.008333333333333333
0 0.6766666666666667 0.0325 0.008333333333333333 0.008333333333333333
0 0.7225 0.30250000000000005 0.008333333333333333 0.008333333333333333
0 0.6616666666666667 0.30000000000000004 0.008333333333333333 0.008333333333333333
0 0.645 0.4191666666666667 0.008333333333333333 0.008333333333333333
0 0.4091666666666667 0.2625 0.008333333333333333 0.008333333333333333
0 0.48750000000000004 0.3791666666666667 0.008333333333333333 0.008333333333333333
0 0.37583333333333335 0.4608333333333334 0.008333333333333333 0.008333333333333333
0 0.2341666666666667 0.5066666666666667 0.008333333333333333 0.008333333333333333
0 0.25333333333333335 0.4991666666666667 0.008333333333333333 0.008333333333333333
0 0.4733333333333334 0.5158333333333334 0.008333333333333333 0.008333333333333333
0 0.6016666666666667 0.5116666666666667 0.008333333333333333 0.008333333333333333
0 0.6258333333333334 0.5091666666666667 0.008333333333333333 0.008333333333333333
0 0.6625000000000001 0.5908333333333333 0.008333333333333333 0.008333333333333333
0 0.23 0.7258333333333333 0.008333333333333333 0.008333333333333333
0 0.7258333333333333 0.6883333333333334 0.008333333333333333 0.008333333333333333
0 0.7100000000000001 0.6475000000000001 0.008333333333333333 0.008333333333333333
0 0.7225 0.5283333333333333 0.008333333333333333 0.008333333333333333
0 0.6341666666666667 0.9783333333333334 0.008333333333333333 0.008333333333333333
0 0.5166666666666667 0.9366666666666668 0.008333333333333333 0.008333333333333333
0 0.41500000000000004 0.9850000000000001 0.008333333333333333 0.008333333333333333
0 0.7591666666666668 0.7675000000000001 0.008333333333333333 0.008333333333333333
0 0.765 0.7175 0.008333333333333333 0.008333333333333333
0 0.8525 0.7033333333333334 0.008333333333333333 0.008333333333333333
0 0.9283333333333333 0.7833333333333334 0.008333333333333333 0.008333333333333333
0 0.9233333333333333 0.4766666666666667 0.008333333333333333 0.008333333333333333
0 0.8641666666666667 0.38083333333333336 0.008333333333333333 0.008333333333333333
0 0.8533333333333334 0.35333333333333333 0.008333333333333333 0.008333333333333333
0 0.9741666666666667 0.12583333333333335 0.008333333333333333 0.008333333333333333
0 0.8033333333333333 0.6133333333333334 0.008333333333333333 0.008333333333333333
0 0.49083333333333334 0.525 0.008333333333333333 0.008333333333333333
0 0.17500000000000002 0.6475000000000001 0.008333333333333333 0.008333333333333333
0 0.42750000000000005 0.8741666666666668 0.008333333333333333 0.008333333333333333
0 0.14583333333333334 0.8791666666666668 0.008333333333333333 0.008333333333333333
0 0.23 0.8 0.008333333333333333 0.008333333333333333
0 0.6083333333333334 0.3841666666666667 0.008333333333333333 0.008333333333333333
0 0.6016666666666667 0.4108333333333334 0.008333333333333333 0.008333333333333333
0 0.7241666666666667 0.39583333333333337 0.008333333333333333 0.008333333333333333
0 0.6775 0.33166666666666667 0.008333333333333333 0.008333333333333333
0 0.8416666666666667 0.18000000000000002 0.008333333333333333 0.008333333333333333
