0 0.4808333333333334 0.025833333333333337 0.008333333333333333 0.008333333333333333
0 0.4058333333333334 0.045000000000000005 0.008333333333333333 0.008333333333333333
0 0.6575000000000001 0.04583333333333334 0.008333333333333333 0.008333333333333333
0 0.67 0.08166666666666667 0.008333333333333333 0.008333333333333333
0 0.2725 0.09166666666666667 0.008333333333333333 0.008333333333333333
0 0.5141666666666667 0.15583333333333335 0.008333333333333333 0.008333333333333333
0 0.18333333333333335 0.225 0.008333333333333333 0.008333333333333333
0 0.44583333333333336 0.21833333333333335 0.008333333333333333 0.008333333333333333
0 0.49833333333333335 0.26583333333333337 0.008333333333333333 0.008333333333333333
0 0.2775 0.26666666666666666 0.008333333333333333 0.008333333333333333
0 0.023333333333333334 0.37833333333333335 0.008333333333333333 0.008333333333333333
0 0.1675 0.2991666666666667 0.008333333333333333 0.008333333333333333
0 0.16083333333333336 0.3641666666666667 0.008333333333333333 0.008333333333333333
0 0.14833333333333334 0.3916666666666667 0.008333333333333333 0.008333333333333333
0 0.11083333333333334 0.42333333333333334 0.008333333333333333 0.008333333333333333
0 0.115 0.46166666666666667 0.008333333333333333 0.008333333333333333
0 0.1716666666666667 0.4608333333333334 0.008333333333333333 0.008333333333333333
0 0.3716666666666667 0.3441666666666667 0.008333333333333333 0.008333333333333333
0 0.3691666666666667 0.34750000000000003 0.008333333333333333 0.008333333333333333
0 0.43333333333333335 0.3816666666666667 0.008333333333333333 0.008333333333333333
0 0.6541666666666667 0.3841666666666667 0.008333333333333333 0.008333333333333333
0 0.6583333333333333 0.3925 0.008333333333333333 0.008333333333333333
0 0.49333333333333335 0.4033333333333334 0.008333333333333333 0.008333333333333333
0 0.46416666666666667 0.4708333333333334 0.008333333333333333 0.008333333333333333
0 0.37333333333333335 0.45333333333333337 0.008333333333333333 0.008333333333333333
0 0.23 0.41583333333333333 0.008333333333333333 0.008333333333333333
0 0.21250000000000002 0.4675 0.008333333333333333 0.008333333333333333
0 0.30083333333333334 0.4341666666666667 0.008333333333333333 0.008333333333333333
0 0.3433333333333334 0.45 0.008333333333333333 0.008333333333333333
0 0.32 0.4691666666666667 0.008333333333333333 0.008333333333333333
0 0.35583333333333333 0.48583333333333334 0.008333333333333333 0.008333333333333333
0 0.5108333333333334 0.4841666666666667 0.008333333333333333 0.008333333333333333
0 0.5341666666666667 0.48500000000000004 0.008333333333333333 0.008333333333333333
0 0.5783333333333334 0.5033333333333334 0.008333333333333333 0.008333333333333333
0 0.5808333333333334 0.5125000000000001 0.008333333333333333 0.008333333333333333
0 0.6416666666666667 0.5475 0.008333333333333333 0.008333333333333333
0 0.10083333333333334 0.5950000000000001 0.008333333333333333 0.008333333333333333
0 0.025 0.6558333333333334 0.008333333333333333 0.008333333333333333
0 0.16583333333333333 0.6091666666666667 0.008333333333333333 0.008333333333333333
0 0.315 0.5733333333333334 0.008333333333333333 0.008333333333333333
0 0.2891666666666667 0.52 0.008333333333333333 0.008333333333333333
0 0.36250000000000004 0.5666666666666667 0.008333333333333333 0.008333333333333333
0 0.325 0.5875 0.008333333333333333 0.008333333333333333
0 0.31583333333333335 0.6133333333333334 0.008333333333333333 0.008333333333333333
0 0.47000000000000003 0.5875 0.008333333333333333 0.008333333333333333
0 0.6825 0.6366666666666667 0.008333333333333333 0.008333333333333333
0 0.7108333333333334 0.7358333333333333 0.008333333333333333 0.008333333333333333
0 0.68 0.7333333333333334 0.008333333333333333 0.008333333333333333
0 0.5933333333333334 0.7466666666666667 0.008333333333333333 0.008333333333333333
0 0.5358333333333334 0.7375 0.008333333333333333 0.008333333333333333
0 0.4191666666666667 0.7683333333333334 0.008333333333333333 0.008333333333333333
0 0.24833333333333335 0.7300000000000001 0.008333333333333333 0.008333333333333333
0 0.23833333333333334 0.77 0.008333333333333333 0.008333333333333333
0 0.025833333333333337 0.795 0.008333333333333333 0.008333333333333333
0 0.06583333333333334 0.79 0.008333333333333333 0.008333333333333333
0 0.19666666666666668 0.8275 0.008333333333333333 0.008333333333333333
0 0.12916666666666668 0.8625 0.008333333333333333 0.008333333333333333
0 0.21916666666666668 0.8450000000000001 0.008333333333333333 0.008333333333333333
0 0.155 0.8883333333333334 0.008333333333333333 0.008333333333333333
0 0.22 0.8725 0.008333333333333333 0.008333333333333333
0 0.21583333333333335 0.8916666666666667 0.008333333333333333 0.008333333333333333
0 0.26083333333333336 0.8783333333333334 0.008333333333333333 0.008333333333333333
0 0.1925 0.9533333333333334 0.008333333333333333 0.008333333333333333
0 0.35833333333333334 0.9775 0.008333333333333333 0.008333333333333333
0 0.4683333333333334 0.8725 0.008333333333333333 0.008333333333333333
0 0.5766666666666667 0.9358333333333334 0.008333333333333333 0.008333333333333333
0 0.9366666666666668 0.9600000000000001 0.008333333333333333 0.008333333333333333
0 0.8333333333333334 0.8200000000000001 0.008333333333333333 0.008333333333333333
0 0.79 0.745 0.008333333333333333 0.008333333333333333
0 0.7508333333333334 0.7808333333333334 0.008333333333333333 0.008333333333333333
0 0.7625000000000001 0.7741666666666667 0.008333333333333333 0.008333333333333333
0 0.8716666666666667 0.7266666666666667 0.008333333333333333 0.008333333333333333
0 0.8491666666666667 0.6908333333333334 0.008333333333333333 0.008333333333333333
0 0.7358333333333333 0.6841666666666667 0.008333333333333333 0.008333333333333333
0 0.8191666666666667 0.5258333333333334 0.008333333333333333 0.008333333333333333
0 0.8633333333333334 0.4783333333333334 0.008333333333333333 0.008333333333333333
0 0.8925000000000001 0.4708333333333334 0.008333333333333333 0.008333333333333333
0 0.9816666666666667 0.4675 0.008333333333333333 0.008333333333333333
0 0.9558333333333334 0.4566666666666667 0.008333333333333333 0.008333333333333333
0 0.8200000000000001 0.4366666666666667 0.008333333333333333 0.008333333333333333
0 0.7966666666666667 0.3516666666666667 0.008333333333333333 0.008333333333333333
0 0.8075000000000001 0.3091666666666667 0.008333333333333333 0.008333333333333333
0 0.765 0.25583333333333336 0.008333333333333333 0.008333333333333333
0 0.8475 0.2775 0.008333333333333333 0.008333333333333333
0 0.8233333333333334 0.25583333333333336 0.008333333333333333 0.008333333333333333
0 0.8958333333333334 0.21500000000000002 0.008333333333333333 0.008333333333333333
0 0.7583333333333334 0.19833333333333333 0.008333333333333333 0.008333333333333333
0 0.8141666666666667 0.14333333333333334 0.008333333333333333 0.008333333333333333
0 0.8466666666666667 0.12250000000000001 0.008333333333333333 0.008333333333333333
0 0.4108333333333334 0.5583333333333333 0.008333333333333333 0.008333333333333333
0 0.5408333333333334 0.8883333333333334 0.008333333333333333 0.008333333333333333
0 0.41250000000000003 0.8391666666666667 0.008333333333333333 0.008333333333333333
0 0.3166666666666667 0.7008333333333334 0.008333333333333333 0.008333333333333333
0 0.9083333333333334 0.3916666666666667 0.008333333333333333 0.008333333333333333
0 0.8491666666666667 0.35250000000000004 0.008333333333333333 0.008333333333333333
0 0.5141666666666667 0.315 0.008333333333333333 0.008333333333333333
0 0.915 0.016666666666666666 0.008333333333333333 0.008333333333333333
0 0.5808333333333334 0.8541666666666667 0.008333333333333333 0.008333333333333333
0 0.665 0.7491666666666668 0.008333333333333333 0.008333333333333333
0 0.4116666666666667 0.6491666666666667 0.008333333333333333 0.008333333333333333
