0 0.42250000000000004 0.030000000000000002 0.008333333333333333 0.008333333333333333
0 0.4783333333333334 0.08083333333333334 0.008333333333333333 0.008333333333333333
0 0.27083333333333337 0.0033333333333333335 0.008333333333333333 0.008333333333333333
0 0.36583333333333334 0.016666666666666666 0.008333333333333333 0.008333333333333333
0 0.045000000000000005 0.11833333333333335 0.008333333333333333 0.008333333333333333
0 0.225 0.15000000000000002 0.008333333333333333 0.008333333333333333
0 0.18666666666666668 0.15333333333333335 0.008333333333333333 0.008333333333333333
0 0.17833333333333334 0.1691666666666667 0.008333333333333333 0.008333333333333333
0 0.14250000000000002 0.17333333333333334 0.008333333333333333 0.008333333333333333
0 0.26 0.19416666666666668 0.008333333333333333 0.008333333333333333
0 0.17583333333333334 0.2866666666666667 0.008333333333333333 0.008333333333333333
0 0.14500000000000002 0.30333333333333334 0.008333333333333333 0.008333333333333333
0 0.11416666666666668 0.31083333333333335 0.008333333333333333 0.008333333333333333
0 0.03166666666666667 0.3358333333333334 0.008333333333333333 0.008333333333333333
0 0.14750000000000002 0.3691666666666667 0.008333333333333333 0.008333333333333333
0 0.11083333333333334 0.3916666666666667 0.008333333333333333 0.008333333333333333
0 0.0975 0.35083333333333333 0.008333333333333333 0.008333333333333333
0 0.09166666666666667 0.30833333333333335 0.008333333333333333 0.008333333333333333
0 0.14750000000000002 0.3175 0.008333333333333333 0.008333333333333333
0 0.2516666666666667 0.24333333333333335 0.008333333333333333 0.008333333333333333
0 0.06166666666666667 0.39416666666666667 0.008333333333333333 0.008333333333333333
0 0.0675 0.41583333333333333 0.008333333333333333 0.008333333333333333
0 0.07 0.44583333333333336 0.008333333333333333 0.008333333333333333
0 0.005 0.5033333333333334 0.008333333333333333 0.008333333333333333
0 0.052500000000000005 0.4441666666666667 0.008333333333333333 0.008333333333333333
0 0.44333333333333336 0.16083333333333336 0.008333333333333333 0.008333333333333333
0 0.465 0.17583333333333334 0.008333333333333333 0.008333333333333333
0 0.32333333333333336 0.2916666666666667 0.008333333333333333 0.008333333333333333
0 0.37000000000000005 0.30333333333333334 0.008333333333333333 0.008333333333333333
0 0.36500000000000005 0.38083333333333336 0.008333333333333333 0.008333333333333333
0 0.48000000000000004 0.395 0.008333333333333333 0.008333333333333333
0 0.5325000000000001 0.4008333333333334 0.008333333333333333 0.008333333333333333
0 0.525 0.4291666666666667 0.008333333333333333 0.008333333333333333
0 0.42500000000000004 0.4591666666666667 0.008333333333333333 0.008333333333333333
0 0.4591666666666667 0.4891666666666667 0.008333333333333333 0.008333333333333333
0 0.4708333333333334 0.49583333333333335 0.008333333333333333 0.008333333333333333
0 0.43250000000000005 0.48750000000000004 0.008333333333333333 0.008333333333333333
0 0.27166666666666667 0.47500000000000003 0.008333333333333333 0.008333333333333333
0 0.35333333333333333 0.4991666666666667 0.008333333333333333 0.008333333333333333
0 0.25 0.5066666666666667 0.008333333333333333 0.008333333333333333
0 0.17083333333333334 0.4791666666666667 0.008333333333333333 0.008333333333333333
0 0.08750000000000001 0.5158333333333334 0.008333333333333333 0.008333333333333333
0 0.09583333333333334 0.5616666666666666 0.008333333333333333 0.008333333333333333
0 0.037500000000000006 0.5841666666666667 0.008333333333333333 0.008333333333333333
0 0.5391666666666667 0.5241666666666667 0.008333333333333333 0.008333333333333333
0 0.5033333333333334 0.5533333333333333 0.008333333333333333 0.008333333333333333
0 0.4216666666666667 0.5650000000000001 0.008333333333333333 0.008333333333333333
0 0.37583333333333335 0.5433333333333333 0.008333333333333333 0.008333333333333333
0 0.36333333333333334 0.5658333333333334 0.008333333333333333 0.008333333333333333
0 0.455 0.6183333333333334 0.008333333333333333 0.008333333333333333
0 0.42083333333333334 0.6316666666666667 0.008333333333333333 0.008333333333333333
0 0.5125000000000001 0.6625000000000001 0.008333333333333333 0.008333333333333333
0 0.325 0.6125 0.008333333333333333 0.008333333333333333
0 0.25833333333333336 0.6333333333333334 0.008333333333333333 0.008333333333333333
0 0.19 0.6266666666666667 0.008333333333333333 0.008333333333333333
0 0.11333333333333334 0.6408333333333334 0.008333333333333333 0.008333333333333333
0 0.3241666666666667 0.6891666666666667 0.008333333333333333 0.008333333333333333
0 0.5433333333333333 0.7183333333333334 0.008333333333333333 0.008333333333333333
0 0.5041666666666667 0.7091666666666667 0.008333333333333333 0.008333333333333333
0 0.4675 0.7008333333333334 0.008333333333333333 0.008333333333333333
0 0.4575 0.7541666666666668 0.008333333333333333 0.008333333333333333
0 0.4916666666666667 0.7766666666666667 0.008333333333333333 0.008333333333333333
0 0.28583333333333333 0.7108333333333334 0.008333333333333333 0.008333333333333333
0 0.28 0.7108333333333334 0.008333333333333333 0.008333333333333333
0 0.21250000000000002 0.7141666666666667 0.008333333333333333 0.008333333333333333
0 0.05 0.6608333333333334 0.008333333333333333 0.008333333333333333
0 0.12916666666666668 0.785 0.008333333333333333 0.008333333333333333
0 0.030833333333333334 0.7941666666666667 0.008333333333333333 0.008333333333333333
0 0.01 0.7925000000000001 0.008333333333333333 0.008333333333333333
0 0.04666666666666667 0.8500000000000001 0.008333333333333333 0.008333333333333333
0 0.08833333333333333 0.8491666666666667 0.008333333333333333 0.008333333333333333
0 0.11750000000000001 0.8516666666666667 0.008333333333333333 0.008333333333333333
0 0.13 0.8708333333333333 0.008333333333333333 0.008333333333333333
0 0.12416666666666668 0.9583333333333334 0.008333333333333333 0.008333333333333333
0 0.1625 0.9433333333333334 0.008333333333333333 0.008333333333333333
0 0.2575 0.9800000000000001 0.008333333333333333 0.008333333333333333
0 0.25916666666666666 0.8258333333333334 0.008333333333333333 0.008333333333333333
0 0.26 0.8316666666666667 0.008333333333333333 0.008333333333333333
0 0.3075 0.8233333333333334 0.008333333333333333 0.008333333333333333
0 0.27416666666666667 0.9491666666666667 0.008333333333333333 0.008333333333333333
0 0.4516666666666667 0.925 0.008333333333333333 0.008333333333333333
0 0.46 0.9583333333333334 0.008333333333333333 0.008333333333333333
0 0.4591666666666667 0.9941666666666668 0.008333333333333333 0.008333333333333333
0 0.6000000000000001 0.9691666666666667 0.008333333333333333 0.008333333333333333
0 0.5966666666666667 0.9466666666666668 0.008333333333333333 0.008333333333333333
0 0.5675 0.9116666666666667 0.008333333333333333 0.008333333333333333
0 0.555 0.8583333333333334 0.008333333333333333 0.008333333333333333
0 0.5691666666666667 0.8516666666666667 0.008333333333333333 0.008333333333333333
0 0.48000000000000004 0.8608333333333333 0.008333333333333333 0.008333333333333333
0 0.6783333333333333 0.9358333333333334 0.008333333333333333 0.008333333333333333
0 0.6758333333333334 0.9241666666666667 0.008333333333333333 0.008333333333333333
0 0.7241666666666667 0.8958333333333334 0.008333333333333333 0.008333333333333333
0 0.6375000000000001 0.8600000000000001 0.008333333333333333 0.008333333333333333
0 0.5708333333333334 0.7641666666666667 0.008333333333333333 0.008333333333333333
0 0.5925 0.765 0.008333333333333333 0.008333333333333333
0 0.6375000000000001 0.7433333333333334 0.008333333333333333 0.008333333333333333
0 0.6833333333333333 0.7200000000000001 0.008333333333333333 0.008333333333333333
0 0.7683333333333334 0.7591666666666668 0.008333333333333333 0.008333333333333333
0 0.675 0.63 0.008333333333333333 0.008333333333333333
0 0.65 0.5800000000000001 0.008333333333333333 0.008333333333333333
0 0.6641666666666667 0.5733333333333334 0.008333333333333333 0.008333333333333333
0 0.6925 0.5758333333333334 0.008333333333333333 0.008333333333333333
0 0.5925 0.5041666666666667 0.008333333333333333 0.008333333333333333
0 0.5608333333333334 0.41500000000000004 0.008333333333333333 0.008333333333333333
0 0.6325000000000001 0.34750000000000003 0.008333333333333333 0.008333333333333333
0 0.5775 0.30083333333333334 0.008333333333333333 0.008333333333333333
0 0.5741666666666667 0.36500000000000005 0.008333333333333333 0.008333333333333333
0 0.5941666666666667 0.39 0.008333333333333333 0.008333333333333333
0 0.6258333333333334 0.36833333333333335 0.008333333333333333 0.008333333333333333
0 0.6541666666666667 0.385 0.008333333333333333 0.008333333333333333
0 0.6641666666666667 0.42333333333333334 0.008333333333333333 0.008333333333333333
0 0.8083333333333333 0.23500000000000001 0.008333333333333333 0.008333333333333333
0 0.8841666666666668 0.25 0.008333333333333333 0.008333333333333333
0 0.7866666666666667 0.27 0.008333333333333333 0.008333333333333333
0 0.8141666666666667 0.32583333333333336 0.008333333333333333 0.008333333333333333
0 0.7108333333333334 0.32666666666666666 0.008333333333333333 0.008333333333333333
0 0.7691666666666667 0.39583333333333337 0.008333333333333333 0.008333333333333333
0 0.7633333333333334 0.42583333333333334 0.008333333333333333 0.008333333333333333
0 0.9750000000000001 0.5041666666666667 0.008333333333333333 0.008333333333333333
0 0.8550000000000001 0.6108333333333333 0.008333333333333333 0.008333333333333333
0 0.9325000000000001 0.6425000000000001 0.008333333333333333 0.008333333333333333
0 0.9416666666666668 0.6658333333333334 0.008333333333333333 0.008333333333333333
0 0.9358333333333334 0.6708333333333334 0.008333333333333333 0.008333333333333333
0 0.9566666666666668 0.7125 0.008333333333333333 0.008333333333333333
0 0.9450000000000001 0.7616666666666667 0.008333333333333333 0.008333333333333333
0 0.8750000000000001 0.8258333333333334 0.008333333333333333 0.008333333333333333
0 0.8091666666666667 0.8208333333333334 0.008333333333333333 0.008333333333333333
0 0.8225 0.7791666666666667 0.008333333333333333 0.008333333333333333
0 0.8725 0.7200000000000001 0.008333333333333333 0.008333333333333333
0 0.8058333333333334 0.6908333333333334 0.008333333333333333 0.008333333333333333
0 0.8033333333333333 0.6625000000000001 0.008333333333333333 0.008333333333333333
0 0.8291666666666667 0.6175 0.008333333333333333 0.008333333333333333
0 0.88 0.6608333333333334 0.008333333333333333 0.008333333333333333
0 0.8783333333333334 0.5833333333333334 0.008333333333333333 0.008333333333333333
0 0.8883333333333334 0.5875 0.008333333333333333 0.008333333333333333
0 0.7891666666666667 0.53 0.008333333333333333 0.008333333333333333
0 0.7916666666666667 0.8658333333333333 0.008333333333333333 0.008333333333333333
0 0.905 0.8983333333333334 0.008333333333333333 0.008333333333333333
0 0.9391666666666667 0.9358333333333334 0.008333333333333333 0.008333333333333333
0 0.6283333333333334 0.1716666666666667 0.008333333333333333 0.008333333333333333
0 0.5783333333333334 0.06333333333333334 0.008333333333333333 0.008333333333333333
0 0.6175 0.09916666666666667 0.008333333333333333 0.008333333333333333
0 0.6366666666666667 0.18583333333333335 0.008333333333333333 0.008333333333333333
0 0.6975 0.17333333333333334 0.008333333333333333 0.008333333333333333
0 0.7808333333333334 0.04583333333333334 0.008333333333333333 0.008333333333333333
0 0.8508333333333334 0.07 0.008333333333333333 0.008333333333333333
0 0.8658333333333333 0.05 0.008333333333333333 0.008333333333333333
0 0.7508333333333334 0.28250000000000003 0.008333333333333333 0.008333333333333333
0 0.9741666666666667 0.11666666666666667 0.008333333333333333 0.008333333333333333
0 0.9075000000000001 0.1525 0.008333333333333333 0.008333333333333333
0 0.9483333333333334 0.045000000000000005 0.008333333333333333 0.008333333333333333
0 0.8750000000000001 0.055 0.008333333333333333 0.008333333333333333
0 0.7816666666666667 0.03833333333333334 0.008333333333333333 0.008333333333333333
0 0.4466666666666667 0.1875 0.008333333333333333 0.008333333333333333
0 0.555 0.16833333333333333 0.008333333333333333 0.008333333333333333
0 0.5516666666666667 0.5416666666666667 0.008333333333333333 0.008333333333333333
0 0.9016666666666667 0.34833333333333333 0.008333333333333333 0.008333333333333333
0 0.8708333333333333 0.7991666666666667 0.008333333333333333 0.008333333333333333
0 0.5216666666666667 0.9225000000000001 0.008333333333333333 0.008333333333333333
0 0.3416666666666667 0.9408333333333334 0.008333333333333333 0.008333333333333333
0 0.44 0.6916666666666668 0.008333333333333333 0.008333333333333333
0 0.3791666666666667 0.5950000000000001 0.008333333333333333 0.008333333333333333
0 0.1275 0.4191666666666667 0.008333333333333333 0.008333333333333333
0 0.3916666666666667 0.2 0.008333333333333333 0.008333333333333333
0 0.6483333333333334 0.8283333333333334 0.008333333333333333 0.008333333333333333
0 0.7216666666666667 0.6283333333333334 0.008333333333333333 0.008333333333333333
0 0.8458333333333334 0.8841666666666668 0.008333333333333333 0.008333333333333333
0 0.8191666666666667 0.4675 0.008333333333333333 0.008333333333333333
0 0.7675000000000001 0.19416666666666668 0.008333333333333333 0.008333333333333333
0 0.8025000000000001 0.1275 0.008333333333333333 0.008333333333333333
