0 0.07916666666666668 0.0775 0.008333333333333333 0.008333333333333333
0 0.15333333333333335 0.09916666666666667 0.008333333333333333 0.008333333333333333
0 0.07666666666666667 0.12166666666666667 0.008333333333333333 0.008333333333333333
0 0.34833333333333333 0.037500000000000006 0.008333333333333333 0.008333333333333333
0 0.5133333333333334 0.013333333333333334 0.008333333333333333 0.008333333333333333
0 0.6158333333333333 0.010833333333333334 0.008333333333333333 0.008333333333333333
0 0.5925 0.0425 0.008333333333333333 0.008333333333333333
0 0.6233333333333334 0.13583333333333333 0.008333333333333333 0.008333333333333333
0 0.43083333333333335 0.050833333333333335 0.008333333333333333 0.008333333333333333
0 0.44 0.0975 0.008333333333333333 0.008333333333333333
0 0.38 0.11916666666666667 0.008333333333333333 0.008333333333333333
0 0.4566666666666667 0.17500000000000002 0.008333333333333333 0.008333333333333333
0 0.5341666666666667 0.16166666666666668 0.008333333333333333 0.008333333333333333
0 0.6016666666666667 0.16833333333333333 0.008333333333333333 0.008333333333333333
0 0.63 0.24666666666666667 0.008333333333333333 0.008333333333333333
0 0.6050000000000001 0.3616666666666667 0.008333333333333333 0.008333333333333333
0 0.6033333333333334 0.36583333333333334 0.008333333333333333 0.008333333333333333
0 0.5650000000000001 0.3241666666666667 0.008333333333333333 0.008333333333333333
0 0.5216666666666667 0.3925 0.008333333333333333 0.008333333333333333
0 0.4625 0.3841666666666667 0.008333333333333333 0.008333333333333333
0 0.4341666666666667 0.3841666666666667 0.008333333333333333 0.008333333333333333
0 0.3916666666666667 0.38333333333333336 0.008333333333333333 0.008333333333333333
0 0.29583333333333334 0.35083333333333333 0.008333333333333333 0.008333333333333333
0 0.25833333333333336 0.3275 0.008333333333333333 0.008333333333333333
0 0.36750000000000005 0.26833333333333337 0.008333333333333333 0.008333333333333333
0 0.37583333333333335 0.19416666666666668 0.008333333333333333 0.008333333333333333
0 0.2025 0.23083333333333333 0.008333333333333333 0.008333333333333333
0 0.12916666666666668 0.25916666666666666 0.008333333333333333 0.008333333333333333
0 0.02416666666666667 0.24833333333333335 0.008333333333333333 0.008333333333333333
0 0.050833333333333335 0.3166666666666667 0.008333333333333333 0.008333333333333333
0 0.3275 0.325 0.008333333333333333 0.008333333333333333
0 0.02416666666666667 0.5091666666666667 0.008333333333333333 0.008333333333333333
0 0.050833333333333335 0.6933333333333334 0.008333333333333333 0.008333333333333333
0 0.04083333333333333 0.7100000000000001 0.008333333333333333 0.008333333333333333
0 0.13583333333333333 0.6766666666666667 0.008333333333333333 0.008333333333333333
0 0.17 0.625 0.008333333333333333 0.008333333333333333
0 0.2066666666666667 0.7883333333333333 0.008333333333333333 0.008333333333333333
0 0.2675 0.7816666666666667 0.008333333333333333 0.008333333333333333
0 0.27083333333333337 0.7875000000000001 0.008333333333333333 0.008333333333333333
0 0.34 0.7066666666666667 0.008333333333333333 0.008333333333333333
0 0.43750000000000006 0.6616666666666667 0.008333333333333333 0.008333333333333333
0 0.44 0.6175 0.008333333333333333 0.008333333333333333
0 0.35833333333333334 0.5525 0.008333333333333333 0.008333333333333333
0 0.4683333333333334 0.49333333333333335 0.008333333333333333 0.008333333333333333
0 0.5058333333333334 0.4758333333333334 0.008333333333333333 0.008333333333333333
0 0.5033333333333334 0.5733333333333334 0.008333333333333333 0.008333333333333333
0 0.5916666666666667 0.6375000000000001 0.008333333333333333 0.008333333333333333
0 0.4891666666666667 0.7175 0.008333333333333333 0.008333333333333333
0 0.6166666666666667 0.7933333333333333 0.008333333333333333 0.008333333333333333
0 0.5116666666666667 0.9008333333333334 0.008333333333333333 0.008333333333333333
0 0.35833333333333334 0.9058333333333334 0.008333333333333333 0.008333333333333333
0 0.3825 0.9608333333333334 0.008333333333333333 0.008333333333333333
0 0.36000000000000004 0.9800000000000001 0.008333333333333333 0.008333333333333333
0 0.2733333333333334 0.9083333333333334 0.008333333333333333 0.008333333333333333
0 0.36250000000000004 0.9958333333333333 0.008333333333333333 0.008333333333333333
0 0.10166666666666667 0.8175 0.008333333333333333 0.008333333333333333
0 0.8308333333333334 0.9866666666666667 0.008333333333333333 0.008333333333333333
0 0.7058333333333334 0.8658333333333333 0.008333333333333333 0.008333333333333333
0 0.9275000000000001 0.8391666666666667 0.008333333333333333 0.008333333333333333
0 0.9283333333333333 0.7741666666666667 0.008333333333333333 0.008333333333333333
0 0.8566666666666667 0.7366666666666667 0.008333333333333333 0.008333333333333333
0 0.8500000000000001 0.7175 0.008333333333333333 0.008333333333333333
0 0.8200000000000001 0.7258333333333333 0.008333333333333333 0.008333333333333333
0 0.8416666666666667 0.6591666666666667 0.008333333333333333 0.008333333333333333
0 0.7933333333333333 0.6658333333333334 0.008333333333333333 0.008333333333333333
0 0.7133333333333334 0.6691666666666667 0.008333333333333333 0.008333333333333333
0 0.6941666666666667 0.6733333333333333 0.008333333333333333 0.008333333333333333
0 0.6191666666666668 0.6425000000000001 0.008333333333333333 0.008333333333333333
0 0.6941666666666667 0.5941666666666667 0.008333333333333333 0.008333333333333333
0 0.7125 0.5850000000000001 0.008333333333333333 0.008333333333333333
0 0.665 0.5525 0.008333333333333333 0.008333333333333333
0 0.8133333333333334 0.5725 0.008333333333333333 0.008333333333333333
0 0.9541666666666667 0.5825 0.008333333333333333 0.008333333333333333
0 0.8975000000000001 0.66 0.008333333333333333 0.008333333333333333
0 0.8016666666666667 0.5291666666666667 0.008333333333333333 0.008333333333333333
0 0.9433333333333334 0.5041666666666667 0.008333333333333333 0.008333333333333333
0 0.9400000000000001 0.4808333333333334 0.008333333333333333 0.008333333333333333
0 0.8241666666666667 0.4566666666666667 0.008333333333333333 0.008333333333333333
0 0.795 0.46 0.008333333333333333 0.008333333333333333
0 0.8225 0.39416666666666667 0.008333333333333333 0.008333333333333333
0 0.935 0.2991666666666667 0.008333333333333333 0.008333333333333333
0 0.9133333333333334 0.29833333333333334 0.008333333333333333 0.008333333333333333
0 0.8333333333333334 0.3116666666666667 0.008333333333333333 0.008333333333333333
0 0.8 0.2891666666666667 0.008333333333333333 0.008333333333333333
0 0.6658333333333334 0.22416666666666668 0.008333333333333333 0.008333333333333333
0 0.8575 0.19666666666666668 0.008333333333333333 0.008333333333333333
0 0.6825 0.4966666666666667 0.008333333333333333 0.008333333333333333
0 0.8 0.1525 0.008333333333333333 0.008333333333333333
0 0.8241666666666667 0.125 0.008333333333333333 0.008333333333333333
0 0.7658333333333334 0.1 0.008333333333333333 0.008333333333333333
0 0.8600000000000001 0.08916666666666667 0.008333333333333333 0.008333333333333333
0 0.8475 0.08750000000000001 0.008333333333333333 0.008333333333333333
0 0.8141666666666667 0.03166666666666667 0.008333333333333333 0.008333333333333333
0 0.8033333333333333 0.023333333333333334 0.008333333333333333 0.008333333333333333
0 0.8966666666666667 0.07666666666666667 0.008333333333333333 0.008333333333333333
0 0.395 0.5308333333333334 0.008333333333333333 0.008333333333333333
0 0.7075 0.3725 0.008333333333333333 0.008333333333333333
0 0.9116666666666667 0.3875 0.008333333333333333 0.008333333333333333
0 0.9816666666666667 0.3916666666666667 0.008333333333333333 0.008333333333333333
0 0.9366666666666668 0.5700000000000001 0.008333333333333333 0.008333333333333333
0 0.8625 0.4566666666666667 0.008333333333333333 0.008333333333333333
0 0.8408333333333334 0.26666666666666666 0.008333333333333333 0.008333333333333333
0 0.6508333333333334 0.3566666666666667 0.008333333333333333 0.008333333333333333
0 0.7666666666666667 0.165 0.008333333333333333 0.008333333333333333
0 0.7216666666666667 0.12666666666666668 0.008333333333333333 0.008333333333333333
0 0.07500000000000001 0.2066666666666667 0.008333333333333333 0.008333333333333333
0 0.2783333333333334 0.2275 0.008333333333333333 0.008333333333333333
0 0.3766666666666667 0.32583333333333336 0.008333333333333333 0.008333333333333333
0 0.13 0.81 0.008333333333333333 0.008333333333333333
0 0.6766666666666667 0.7908333333333334 0.008333333333333333 0.008333333333333333
0 0.8308333333333334 0.8866666666666667 0.008333333333333333 0.008333333333333333
0 0.6858333333333334 0.62 0.008333333333333333 0.008333333333333333
0 0.8025000000000001 0.4916666666666667 0.008333333333333333 0.008333333333333333
0 0.8158333333333334 0.5308333333333334 0.008333333333333333 0.008333333333333333
0 0.5708333333333334 0.5083333333333334 0.008333333333333333 0.008333333333333333
0 0.5141666666666667 0.5616666666666666 0.008333333333333333 0.008333333333333333
0 0.4766666666666667 0.4058333333333334 0.008333333333333333 0.008333333333333333
0 0.9375000000000001 0.035 0.008333333333333333 0.008333333333333333
