0 0.4759615384615385 0.9447115384615385 0.02403846153846154 0.02403846153846154
0 0.8677884615384616 0.9302884615384616 0.02403846153846154 0.02403846153846154
0 0.4182692307692308 0.9182692307692308 0.02403846153846154 0.02403846153846154
0 0.764423076923077 0.8725961538461539 0.02403846153846154 0.02403846153846154
0 0.5408653846153847 0.8533653846153847 0.02403846153846154 0.02403846153846154
0 0.8485576923076924 0.8509615384615385 0.02403846153846154 0.02403846153846154
0 0.889423076923077 0.84375 0.02403846153846154 0.02403846153846154
0 0.8605769230769231 0.8173076923076924 0.02403846153846154 0.02403846153846154
0 0.2956730769230769 0.8125 0.02403846153846154 0.02403846153846154
0 0.9326923076923077 0.8004807692307693 0.02403846153846154 0.02403846153846154
0 0.2668269230769231 0.7836538461538461 0.02403846153846154 0.02403846153846154
0 0.3629807692307693 0.7764423076923077 0.02403846153846154 0.02403846153846154
0 0.8990384615384616 0.764423076923077 0.02403846153846154 0.02403846153846154
0 0.09615384615384616 0.7475961538461539 0.02403846153846154 0.02403846153846154
0 0.9038461538461539 0.7403846153846154 0.02403846153846154 0.02403846153846154
0 0.78125 0.7379807692307693 0.02403846153846154 0.02403846153846154
0 0.8677884615384616 0.733173076923077 0.02403846153846154 0.02403846153846154
0 0.6105769230769231 0.7259615384615385 0.02403846153846154 0.02403846153846154
0 0.04807692307692308 0.71875 0.02403846153846154 0.02403846153846154
0 0.8221153846153847 0.7067307692307693 0.02403846153846154 0.02403846153846154
0 0.16826923076923078 0.701923076923077 0.02403846153846154 0.02403846153846154
0 0.026442307692307696 0.701923076923077 0.02403846153846154 0.02403846153846154
0 0.920673076923077 0.6298076923076923 0.02403846153846154 0.02403846153846154
0 0.3774038461538462 0.6298076923076923 0.02403846153846154 0.02403846153846154
0 0.15865384615384617 0.625 0.02403846153846154 0.02403846153846154
0 0.8245192307692308 0.5697115384615385 0.02403846153846154 0.02403846153846154
0 0.25961538461538464 0.5745192307692308 0.02403846153846154 0.02403846153846154
0 0.8870192307692308 0.5697115384615385 0.02403846153846154 0.02403846153846154
0 0.9639423076923077 0.5673076923076923 0.02403846153846154 0.02403846153846154
0 0.8341346153846154 0.5480769230769231 0.02403846153846154 0.02403846153846154
0 0.5096153846153847 0.5336538461538461 0.02403846153846154 0.02403846153846154
0 0.35336538461538464 0.5288461538461539 0.02403846153846154 0.02403846153846154
0 0.4182692307692308 0.5288461538461539 0.02403846153846154 0.02403846153846154
0 0.8966346153846154 0.4711538461538462 0.02403846153846154 0.02403846153846154
0 0.5264423076923077 0.46634615384615385 0.02403846153846154 0.02403846153846154
0 0.31490384615384615 0.4639423076923077 0.02403846153846154 0.02403846153846154
0 0.6682692307692308 0.4567307692307693 0.02403846153846154 0.02403846153846154
0 0.6153846153846154 0.42307692307692313 0.02403846153846154 0.02403846153846154
0 0.8798076923076924 0.4134615384615385 0.02403846153846154 0.02403846153846154
0 0.03365384615384616 0.3918269230769231 0.02403846153846154 0.02403846153846154
0 0.8293269230769231 0.375 0.02403846153846154 0.02403846153846154
0 0.5504807692307693 0.34375 0.02403846153846154 0.02403846153846154
0 0.6033653846153847 0.33653846153846156 0.02403846153846154 0.02403846153846154
0 0.5168269230769231 0.3004807692307693 0.02403846153846154 0.02403846153846154
0 0.19711538461538464 0.2932692307692308 0.02403846153846154 0.02403846153846154
0 0.6730769230769231 0.2884615384615385 0.02403846153846154 0.02403846153846154
0 0.8413461538461539 0.2620192307692308 0.02403846153846154 0.02403846153846154
0 0.6899038461538461 0.24278846153846156 0.02403846153846154 0.02403846153846154
0 0.07451923076923077 0.24278846153846156 0.02403846153846154 0.02403846153846154
0 0.9495192307692308 0.21875 0.02403846153846154 0.02403846153846154
0 0.11538461538461539 0.21153846153846156 0.02403846153846154 0.02403846153846154
0 0.3942307692307693 0.19230769230769232 0.02403846153846154 0.02403846153846154
0 0.4495192307692308 0.1826923076923077 0.02403846153846154 0.02403846153846154
0 0.31490384615384615 0.16826923076923078 0.02403846153846154 0.02403846153846154
0 0.24278846153846156 0.16586538461538464 0.02403846153846154 0.02403846153846154
0 0.6778846153846154 0.1514423076923077 0.02403846153846154 0.02403846153846154
0 0.16586538461538464 0.1466346153846154 0.02403846153846154 0.02403846153846154
0 0.7620192307692308 0.0889423076923077 0.02403846153846154 0.02403846153846154
0 0.5024038461538461 0.08653846153846154 0.02403846153846154 0.02403846153846154
0 0.9495192307692308 0.04567307692307693 0.02403846153846154 0.02403846153846154
0 0.9182692307692308 0.04326923076923077 0.02403846153846154 0.02403846153846154
0 0.7764423076923077 0.03605769230769231 0.02403846153846154 0.02403846153846154
0 0.9375 0.028846153846153848 0.02403846153846154 0.02403846153846154
0 0.5552884615384616 0.05048076923076923 0.02403846153846154 0.02403846153846154
0 0.2644230769230769 0.25 0.02403846153846154 0.02403846153846154
0 0.8413461538461539 0.4759615384615385 0.02403846153846154 0.02403846153846154
0 0.14423076923076925 0.795673076923077 0.02403846153846154 0.02403846153846154
