0 0.5528846153846154 0.9350961538461539 0.02403846153846154 0.02403846153846154
0 0.5240384615384616 0.90625 0.02403846153846154 0.02403846153846154
0 0.6201923076923077 0.8990384615384616 0.02403846153846154 0.02403846153846154
0 0.12740384615384617 0.9014423076923077 0.02403846153846154 0.02403846153846154
0 0.35336538461538464 0.8701923076923077 0.02403846153846154 0.02403846153846154
0 0.11538461538461539 0.8629807692307693 0.02403846153846154 0.02403846153846154
0 0.8677884615384616 0.8485576923076924 0.02403846153846154 0.02403846153846154
0 0.30528846153846156 0.8413461538461539 0.02403846153846154 0.02403846153846154
0 0.4254807692307693 0.8245192307692308 0.02403846153846154 0.02403846153846154
0 0.28365384615384615 0.8245192307692308 0.02403846153846154 0.02403846153846154
0 0.6346153846153847 0.7524038461538461 0.02403846153846154 0.02403846153846154
0 0.41586538461538464 0.7475961538461539 0.02403846153846154 0.02403846153846154
0 0.5168269230769231 0.6971153846153847 0.02403846153846154 0.02403846153846154
0 0.7668269230769231 0.65625 0.02403846153846154 0.02403846153846154
0 0.6105769230769231 0.6514423076923077 0.02403846153846154 0.02403846153846154
0 0.6754807692307693 0.6514423076923077 0.02403846153846154 0.02403846153846154
0 0.7836538461538461 0.5889423076923077 0.02403846153846154 0.02403846153846154
0 0.5721153846153847 0.5865384615384616 0.02403846153846154 0.02403846153846154
0 0.9254807692307693 0.5793269230769231 0.02403846153846154 0.02403846153846154
0 0.8725961538461539 0.545673076923077 0.02403846153846154 0.02403846153846154
0 0.29086538461538464 0.514423076923077 0.02403846153846154 0.02403846153846154
0 0.2451923076923077 0.4879807692307693 0.02403846153846154 0.02403846153846154
0 0.8076923076923077 0.46634615384615385 0.02403846153846154 0.02403846153846154
0 0.8605769230769231 0.4591346153846154 0.02403846153846154 0.02403846153846154
0 0.7740384615384616 0.42307692307692313 0.02403846153846154 0.02403846153846154
0 0.45432692307692313 0.41586538461538464 0.02403846153846154 0.02403846153846154
0 0.9302884615384616 0.41105769230769235 0.02403846153846154 0.02403846153846154
0 0.19471153846153846 0.40625 0.02403846153846154 0.02403846153846154
0 0.9471153846153847 0.3653846153846154 0.02403846153846154 0.02403846153846154
0 0.3317307692307693 0.3653846153846154 0.02403846153846154 0.02403846153846154
0 0.11298076923076923 0.34375 0.02403846153846154 0.02403846153846154
0 0.37259615384615385 0.3341346153846154 0.02403846153846154 0.02403846153846154
0 0.6514423076923077 0.31490384615384615 0.02403846153846154 0.02403846153846154
0 0.7067307692307693 0.30528846153846156 0.02403846153846154 0.02403846153846154
0 0.5721153846153847 0.29086538461538464 0.02403846153846154 0.02403846153846154
0 0.5 0.2884615384615385 0.02403846153846154 0.02403846153846154
0 0.9350961538461539 0.27403846153846156 0.02403846153846154 0.02403846153846154
0 0.42307692307692313 0.2692307692307693 0.02403846153846154 0.02403846153846154
0 0.7596153846153847 0.2091346153846154 0.02403846153846154 0.02403846153846154
0 0.6826923076923077 0.10817307692307693 0.02403846153846154 0.02403846153846154
0 0.18509615384615385 0.11298076923076923 0.02403846153846154 0.02403846153846154
0 0.24278846153846156 0.08413461538461539 0.02403846153846154 0.02403846153846154
0 0.2644230769230769 0.08413461538461539 0.02403846153846154 0.02403846153846154
0 0.7620192307692308 0.05048076923076923 0.02403846153846154 0.02403846153846154
0 0.5576923076923077 0.02403846153846154 0.02403846153846154 0.02403846153846154
0 0.22355769230769232 0.18990384615384617 0.02403846153846154 0.02403846153846154
0 0.4831730769230769 0.08413461538461539 0.02403846153846154 0.02403846153846154
0 0.44230769230769235 0.05528846153846154 0.02403846153846154 0.02403846153846154
0 0.7764423076923077 0.10096153846153846 0.02403846153846154 0.02403846153846154
0 0.8125 0.17307692307692307 0.02403846153846154 0.02403846153846154
0 0.06971153846153846 0.9663461538461539 0.02403846153846154 0.02403846153846154
0 0.2043269230769231 0.28125 0.02403846153846154 0.02403846153846154
0 0.5216346153846154 0.37259615384615385 0.02403846153846154 0.02403846153846154
0 0.2403846153846154 0.65625 0.02403846153846154 0.02403846153846154
0 0.4014423076923077 0.9182692307692308 0.02403846153846154 0.02403846153846154
0 0.19471153846153846 0.057692307692307696 0.02403846153846154 0.02403846153846154
