0 0.1778846153846154 0.9567307692307693 0.02403846153846154 0.02403846153846154
0 0.2043269230769231 0.9350961538461539 0.02403846153846154 0.02403846153846154
0 0.10576923076923078 0.9302884615384616 0.02403846153846154 0.02403846153846154
0 0.8389423076923077 0.9254807692307693 0.02403846153846154 0.02403846153846154
0 0.5072115384615384 0.9254807692307693 0.02403846153846154 0.02403846153846154
0 0.28365384615384615 0.9254807692307693 0.02403846153846154 0.02403846153846154
0 0.75 0.9254807692307693 0.02403846153846154 0.02403846153846154
0 0.7524038461538461 0.8918269230769231 0.02403846153846154 0.02403846153846154
0 0.6971153846153847 0.875 0.02403846153846154 0.02403846153846154
0 0.9182692307692308 0.8701923076923077 0.02403846153846154 0.02403846153846154
0 0.4086538461538462 0.8653846153846154 0.02403846153846154 0.02403846153846154
0 0.028846153846153848 0.8653846153846154 0.02403846153846154 0.02403846153846154
0 0.5120192307692308 0.8677884615384616 0.02403846153846154 0.02403846153846154
0 0.5552884615384616 0.8509615384615385 0.02403846153846154 0.02403846153846154
0 0.7860576923076924 0.84375 0.02403846153846154 0.02403846153846154
0 0.3269230769230769 0.8509615384615385 0.02403846153846154 0.02403846153846154
0 0.8125 0.8413461538461539 0.02403846153846154 0.02403846153846154
0 0.545673076923077 0.8413461538461539 0.02403846153846154 0.02403846153846154
0 0.1514423076923077 0.8389423076923077 0.02403846153846154 0.02403846153846154
0 0.2091346153846154 0.826923076923077 0.02403846153846154 0.02403846153846154
0 0.7067307692307693 0.8221153846153847 0.02403846153846154 0.02403846153846154
0 0.9254807692307693 0.8076923076923077 0.02403846153846154 0.02403846153846154
0 0.7692307692307693 0.8076923076923077 0.02403846153846154 0.02403846153846154
0 0.12980769230769232 0.8076923076923077 0.02403846153846154 0.02403846153846154
0 0.5096153846153847 0.7836538461538461 0.02403846153846154 0.02403846153846154
0 0.19230769230769232 0.7716346153846154 0.02403846153846154 0.02403846153846154
0 0.7091346153846154 0.7716346153846154 0.02403846153846154 0.02403846153846154
0 0.3004807692307693 0.7524038461538461 0.02403846153846154 0.02403846153846154
0 0.0889423076923077 0.75 0.02403846153846154 0.02403846153846154
0 0.8461538461538463 0.7403846153846154 0.02403846153846154 0.02403846153846154
0 0.608173076923077 0.7067307692307693 0.02403846153846154 0.02403846153846154
0 0.53125 0.6923076923076923 0.02403846153846154 0.02403846153846154
0 0.39903846153846156 0.6947115384615385 0.02403846153846154 0.02403846153846154
0 0.15625 0.6923076923076923 0.02403846153846154 0.02403846153846154
0 0.9567307692307693 0.6899038461538461 0.02403846153846154 0.02403846153846154
0 0.5 0.6850961538461539 0.02403846153846154 0.02403846153846154
0 0.6418269230769231 0.6490384615384616 0.02403846153846154 0.02403846153846154
0 0.17307692307692307 0.6514423076923077 0.02403846153846154 0.02403846153846154
0 0.06971153846153846 0.6466346153846154 0.02403846153846154 0.02403846153846154
0 0.33653846153846156 0.6442307692307693 0.02403846153846154 0.02403846153846154
0 0.22115384615384617 0.6442307692307693 0.02403846153846154 0.02403846153846154
0 0.7091346153846154 0.639423076923077 0.02403846153846154 0.02403846153846154
0 0.2572115384615385 0.639423076923077 0.02403846153846154 0.02403846153846154
0 0.36778846153846156 0.6346153846153847 0.02403846153846154 0.02403846153846154
0 0.8918269230769231 0.6298076923076923 0.02403846153846154 0.02403846153846154
0 0.9543269230769231 0.576923076923077 0.02403846153846154 0.02403846153846154
0 0.6634615384615385 0.576923076923077 0.02403846153846154 0.02403846153846154
0 0.4182692307692308 0.5721153846153847 0.02403846153846154 0.02403846153846154
0 0.5673076923076923 0.5649038461538461 0.02403846153846154 0.02403846153846154
0 0.6778846153846154 0.5576923076923077 0.02403846153846154 0.02403846153846154
0 0.24278846153846156 0.5528846153846154 0.02403846153846154 0.02403846153846154
0 0.3125 0.5408653846153847 0.02403846153846154 0.02403846153846154
0 0.7596153846153847 0.5384615384615385 0.02403846153846154 0.02403846153846154
0 0.5745192307692308 0.5240384615384616 0.02403846153846154 0.02403846153846154
0 0.4807692307692308 0.5168269230769231 0.02403846153846154 0.02403846153846154
0 0.40384615384615385 0.5 0.02403846153846154 0.02403846153846154
0 0.16346153846153846 0.4951923076923077 0.02403846153846154 0.02403846153846154
0 0.22836538461538464 0.47836538461538464 0.02403846153846154 0.02403846153846154
0 0.08173076923076923 0.47836538461538464 0.02403846153846154 0.02403846153846154
0 0.7860576923076924 0.4711538461538462 0.02403846153846154 0.02403846153846154
0 0.65625 0.46153846153846156 0.02403846153846154 0.02403846153846154
0 0.8028846153846154 0.4495192307692308 0.02403846153846154 0.02403846153846154
0 0.8846153846153847 0.44711538461538464 0.02403846153846154 0.02403846153846154
0 0.84375 0.44711538461538464 0.02403846153846154 0.02403846153846154
0 0.7427884615384616 0.4447115384615385 0.02403846153846154 0.02403846153846154
0 0.889423076923077 0.4278846153846154 0.02403846153846154 0.02403846153846154
0 0.7884615384615385 0.4254807692307693 0.02403846153846154 0.02403846153846154
0 0.5649038461538461 0.42307692307692313 0.02403846153846154 0.02403846153846154
0 0.16346153846153846 0.4014423076923077 0.02403846153846154 0.02403846153846154
0 0.3870192307692308 0.3942307692307693 0.02403846153846154 0.02403846153846154
0 0.795673076923077 0.3894230769230769 0.02403846153846154 0.02403846153846154
0 0.5913461538461539 0.3918269230769231 0.02403846153846154 0.02403846153846154
0 0.06009615384615385 0.3822115384615385 0.02403846153846154 0.02403846153846154
0 0.03605769230769231 0.3701923076923077 0.02403846153846154 0.02403846153846154
0 0.23798076923076925 0.3605769230769231 0.02403846153846154 0.02403846153846154
0 0.17307692307692307 0.34855769230769235 0.02403846153846154 0.02403846153846154
0 0.4903846153846154 0.34615384615384615 0.02403846153846154 0.02403846153846154
0 0.4014423076923077 0.33653846153846156 0.02403846153846154 0.02403846153846154
0 0.5336538461538461 0.3341346153846154 0.02403846153846154 0.02403846153846154
0 0.514423076923077 0.3125 0.02403846153846154 0.02403846153846154
0 0.5552884615384616 0.30528846153846156 0.02403846153846154 0.02403846153846154
0 0.9086538461538463 0.3004807692307693 0.02403846153846154 0.02403846153846154
0 0.2692307692307693 0.2956730769230769 0.02403846153846154 0.02403846153846154
0 0.03605769230769231 0.28605769230769235 0.02403846153846154 0.02403846153846154
0 0.6754807692307693 0.2764423076923077 0.02403846153846154 0.02403846153846154
0 0.06009615384615385 0.27884615384615385 0.02403846153846154 0.02403846153846154
0 0.4639423076923077 0.27403846153846156 0.02403846153846154 0.02403846153846154
0 0.75 0.2572115384615385 0.02403846153846154 0.02403846153846154
0 0.5841346153846154 0.25240384615384615 0.02403846153846154 0.02403846153846154
0 0.5216346153846154 0.24759615384615385 0.02403846153846154 0.02403846153846154
0 0.24759615384615385 0.25 0.02403846153846154 0.02403846153846154
0 0.8990384615384616 0.24278846153846156 0.02403846153846154 0.02403846153846154
0 0.764423076923077 0.21634615384615385 0.02403846153846154 0.02403846153846154
0 0.6514423076923077 0.2139423076923077 0.02403846153846154 0.02403846153846154
0 0.23798076923076925 0.21153846153846156 0.02403846153846154 0.02403846153846154
0 0.5024038461538461 0.21153846153846156 0.02403846153846154 0.02403846153846154
0 0.7067307692307693 0.2091346153846154 0.02403846153846154 0.02403846153846154
0 0.6778846153846154 0.1826923076923077 0.02403846153846154 0.02403846153846154
0 0.0625 0.17548076923076925 0.02403846153846154 0.02403846153846154
0 0.33653846153846156 0.17548076923076925 0.02403846153846154 0.02403846153846154
0 0.6201923076923077 0.17067307692307693 0.02403846153846154 0.02403846153846154
0 0.8052884615384616 0.16826923076923078 0.02403846153846154 0.02403846153846154
0 0.3942307692307693 0.16826923076923078 0.02403846153846154 0.02403846153846154
0 0.2692307692307693 0.16586538461538464 0.02403846153846154 0.02403846153846154
0 0.889423076923077 0.15625 0.02403846153846154 0.02403846153846154
0 0.5408653846153847 0.12740384615384617 0.02403846153846154 0.02403846153846154
0 0.2091346153846154 0.12740384615384617 0.02403846153846154 0.02403846153846154
0 0.8365384615384616 0.12259615384615385 0.02403846153846154 0.02403846153846154
0 0.03125 0.11778846153846155 0.02403846153846154 0.02403846153846154
0 0.3629807692307693 0.10336538461538462 0.02403846153846154 0.02403846153846154
0 0.9326923076923077 0.10096153846153846 0.02403846153846154 0.02403846153846154
0 0.5288461538461539 0.09615384615384616 0.02403846153846154 0.02403846153846154
0 0.22115384615384617 0.09134615384615385 0.02403846153846154 0.02403846153846154
0 0.9230769230769231 0.08653846153846154 0.02403846153846154 0.02403846153846154
0 0.5649038461538461 0.08413461538461539 0.02403846153846154 0.02403846153846154
0 0.764423076923077 0.08413461538461539 0.02403846153846154 0.02403846153846154
0 0.31730769230769235 0.06490384615384616 0.02403846153846154 0.02403846153846154
0 0.8076923076923077 0.05288461538461539 0.02403846153846154 0.02403846153846154
0 0.23798076923076925 0.05048076923076923 0.02403846153846154 0.02403846153846154
0 0.15625 0.04807692307692308 0.02403846153846154 0.02403846153846154
0 0.9086538461538463 0.03365384615384616 0.02403846153846154 0.02403846153846154
0 0.5264423076923077 0.03365384615384616 0.02403846153846154 0.02403846153846154
0 0.20673076923076925 0.03125 0.02403846153846154 0.02403846153846154
0 0.9326923076923077 0.7355769230769231 0.02403846153846154 0.02403846153846154
0 0.7932692307692308 0.5865384615384616 0.02403846153846154 0.02403846153846154
0 0.7668269230769231 0.6514423076923077 0.02403846153846154 0.02403846153846154
0 0.8317307692307693 0.6995192307692308 0.02403846153846154 0.02403846153846154
0 0.8846153846153847 0.6682692307692308 0.02403846153846154 0.02403846153846154
0 0.2091346153846154 0.46875 0.02403846153846154 0.02403846153846154
0 0.05288461538461539 0.545673076923077 0.02403846153846154 0.02403846153846154
