0 0.41105769230769235 0.96875 0.02403846153846154 0.02403846153846154
0 0.608173076923077 0.9399038461538463 0.02403846153846154 0.02403846153846154
0 0.1826923076923077 0.9014423076923077 0.02403846153846154 0.02403846153846154
0 0.6298076923076923 0.9014423076923077 0.02403846153846154 0.02403846153846154
0 0.125 0.8798076923076924 0.02403846153846154 0.02403846153846154
0 0.3605769230769231 0.8774038461538463 0.02403846153846154 0.02403846153846154
0 0.22836538461538464 0.826923076923077 0.02403846153846154 0.02403846153846154
0 0.11057692307692309 0.8125 0.02403846153846154 0.02403846153846154
0 0.5793269230769231 0.7908653846153847 0.02403846153846154 0.02403846153846154
0 0.25 0.7788461538461539 0.02403846153846154 0.02403846153846154
0 0.5168269230769231 0.7740384615384616 0.02403846153846154 0.02403846153846154
0 0.4278846153846154 0.764423076923077 0.02403846153846154 0.02403846153846154
0 0.06730769230769232 0.7572115384615385 0.02403846153846154 0.02403846153846154
0 0.05528846153846154 0.7355769230769231 0.02403846153846154 0.02403846153846154
0 0.5576923076923077 0.6778846153846154 0.02403846153846154 0.02403846153846154
0 0.057692307692307696 0.639423076923077 0.02403846153846154 0.02403846153846154
0 0.8677884615384616 0.6322115384615385 0.02403846153846154 0.02403846153846154
0 0.09134615384615385 0.6274038461538461 0.02403846153846154 0.02403846153846154
0 0.875 0.6201923076923077 0.02403846153846154 0.02403846153846154
0 0.6442307692307693 0.5889423076923077 0.02403846153846154 0.02403846153846154
0 0.07211538461538462 0.5745192307692308 0.02403846153846154 0.02403846153846154
0 0.5 0.5288461538461539 0.02403846153846154 0.02403846153846154
0 0.37259615384615385 0.514423076923077 0.02403846153846154 0.02403846153846154
0 0.9326923076923077 0.5096153846153847 0.02403846153846154 0.02403846153846154
0 0.8605769230769231 0.48557692307692313 0.02403846153846154 0.02403846153846154
0 0.09375 0.4326923076923077 0.02403846153846154 0.02403846153846154
0 0.057692307692307696 0.41105769230769235 0.02403846153846154 0.02403846153846154
0 0.24759615384615385 0.3966346153846154 0.02403846153846154 0.02403846153846154
0 0.9471153846153847 0.3557692307692308 0.02403846153846154 0.02403846153846154
0 0.3004807692307693 0.3389423076923077 0.02403846153846154 0.02403846153846154
0 0.2692307692307693 0.32211538461538464 0.02403846153846154 0.02403846153846154
0 0.1466346153846154 0.3004807692307693 0.02403846153846154 0.02403846153846154
0 0.2956730769230769 0.2980769230769231 0.02403846153846154 0.02403846153846154
0 0.75 0.2932692307692308 0.02403846153846154 0.02403846153846154
0 0.15865384615384617 0.28125 0.02403846153846154 0.02403846153846154
0 0.7163461538461539 0.2644230769230769 0.02403846153846154 0.02403846153846154
0 0.23798076923076925 0.23798076923076925 0.02403846153846154 0.02403846153846154
0 0.5889423076923077 0.24278846153846156 0.02403846153846154 0.02403846153846154
0 0.889423076923077 0.22115384615384617 0.02403846153846154 0.02403846153846154
0 0.057692307692307696 0.18990384615384617 0.02403846153846154 0.02403846153846154
0 0.6947115384615385 0.17548076923076925 0.02403846153846154 0.02403846153846154
0 0.3293269230769231 0.17548076923076925 0.02403846153846154 0.02403846153846154
0 0.3870192307692308 0.16826923076923078 0.02403846153846154 0.02403846153846154
0 0.6610576923076923 0.15384615384615385 0.02403846153846154 0.02403846153846154
0 0.25480769230769235 0.15625 0.02403846153846154 0.02403846153846154
0 0.4639423076923077 0.13942307692307693 0.02403846153846154 0.02403846153846154
0 0.18028846153846154 0.125 0.02403846153846154 0.02403846153846154
0 0.40625 0.10817307692307693 0.02403846153846154 0.02403846153846154
0 0.5985576923076923 0.09134615384615385 0.02403846153846154 0.02403846153846154
0 0.670673076923077 0.07932692307692309 0.02403846153846154 0.02403846153846154
0 0.1778846153846154 0.06971153846153846 0.02403846153846154 0.02403846153846154
0 0.8100961538461539 0.026442307692307696 0.02403846153846154 0.02403846153846154
0 0.5 0.2692307692307693 0.02403846153846154 0.02403846153846154
0 0.5240384615384616 0.6225961538461539 0.02403846153846154 0.02403846153846154
