0 0.8100961538461539 0.96875 0.02403846153846154 0.02403846153846154
0 0.78125 0.9399038461538463 0.02403846153846154 0.02403846153846154
0 0.8774038461538463 0.9326923076923077 0.02403846153846154 0.02403846153846154
0 0.38461538461538464 0.9350961538461539 0.02403846153846154 0.02403846153846154
0 0.6105769230769231 0.9038461538461539 0.02403846153846154 0.02403846153846154
0 0.37259615384615385 0.8966346153846154 0.02403846153846154 0.02403846153846154
0 0.5625 0.875 0.02403846153846154 0.02403846153846154
0 0.6826923076923077 0.858173076923077 0.02403846153846154 0.02403846153846154
0 0.5408653846153847 0.858173076923077 0.02403846153846154 0.02403846153846154
0 0.8918269230769231 0.7860576923076924 0.02403846153846154 0.02403846153846154
0 0.18990384615384617 0.7740384615384616 0.02403846153846154 0.02403846153846154
0 0.6730769230769231 0.78125 0.02403846153846154 0.02403846153846154
0 0.15865384615384617 0.7620192307692308 0.02403846153846154 0.02403846153846154
0 0.20192307692307693 0.7620192307692308 0.02403846153846154 0.02403846153846154
0 0.7740384615384616 0.7307692307692308 0.02403846153846154 0.02403846153846154
0 0.13701923076923078 0.7163461538461539 0.02403846153846154 0.02403846153846154
0 0.8677884615384616 0.6850961538461539 0.02403846153846154 0.02403846153846154
0 0.9326923076923077 0.6850961538461539 0.02403846153846154 0.02403846153846154
0 0.8293269230769231 0.6201923076923077 0.02403846153846154 0.02403846153846154
0 0.5480769230769231 0.5480769230769231 0.02403846153846154 0.02403846153846154
0 0.5024038461538461 0.5216346153846154 0.02403846153846154 0.02403846153846154
0 0.7115384615384616 0.4495192307692308 0.02403846153846154 0.02403846153846154
0 0.4519230769230769 0.4399038461538462 0.02403846153846154 0.02403846153846154
0 0.5889423076923077 0.39903846153846156 0.02403846153846154 0.02403846153846154
0 0.3701923076923077 0.3774038461538462 0.02403846153846154 0.02403846153846154
0 0.6298076923076923 0.36778846153846156 0.02403846153846154 0.02403846153846154
0 0.9086538461538463 0.34855769230769235 0.02403846153846154 0.02403846153846154
0 0.9639423076923077 0.3389423076923077 0.02403846153846154 0.02403846153846154
0 0.8293269230769231 0.3245192307692308 0.02403846153846154 0.02403846153846154
0 0.7572115384615385 0.32211538461538464 0.02403846153846154 0.02403846153846154
0 0.6802884615384616 0.3028846153846154 0.02403846153846154 0.02403846153846154
0 0.25961538461538464 0.29086538461538464 0.02403846153846154 0.02403846153846154
0 0.07932692307692309 0.25961538461538464 0.02403846153846154 0.02403846153846154
0 0.23317307692307693 0.22355769230769232 0.02403846153846154 0.02403846153846154
0 0.9399038461538463 0.14182692307692307 0.02403846153846154 0.02403846153846154
0 0.44230769230769235 0.1466346153846154 0.02403846153846154 0.02403846153846154
0 0.5 0.11778846153846155 0.02403846153846154 0.02403846153846154
0 0.5216346153846154 0.11778846153846155 0.02403846153846154 0.02403846153846154
0 0.8149038461538461 0.057692307692307696 0.02403846153846154 0.02403846153846154
0 0.9038461538461539 0.03125 0.02403846153846154 0.02403846153846154
0 0.4807692307692308 0.22355769230769232 0.02403846153846154 0.02403846153846154
0 0.7403846153846154 0.11778846153846155 0.02403846153846154 0.02403846153846154
0 0.6995192307692308 0.0889423076923077 0.02403846153846154 0.02403846153846154
0 0.2572115384615385 0.71875 0.02403846153846154 0.02403846153846154
0 0.12740384615384617 0.6586538461538461 0.02403846153846154 0.02403846153846154
0 0.18990384615384617 0.3629807692307693 0.02403846153846154 0.02403846153846154
0 0.09615384615384616 0.3004807692307693 0.02403846153846154 0.02403846153846154
0 0.09855769230769232 0.4014423076923077 0.02403846153846154 0.02403846153846154
0 0.46153846153846156 0.31490384615384615 0.02403846153846154 0.02403846153846154
0 0.7788461538461539 0.40625 0.02403846153846154 0.02403846153846154
0 0.49759615384615385 0.6899038461538461 0.02403846153846154 0.02403846153846154
0 0.12980769230769232 0.03605769230769231 0.02403846153846154 0.02403846153846154
0 0.6586538461538461 0.951923076923077 0.02403846153846154 0.02403846153846154
0 0.4519230769230769 0.09134615384615385 0.02403846153846154 0.02403846153846154
