0 0.6177884615384616 0.9711538461538463 0.02403846153846154 0.02403846153846154
0 0.96875 0.9711538461538463 0.02403846153846154 0.02403846153846154
0 0.670673076923077 0.9615384615384616 0.02403846153846154 0.02403846153846154
0 0.43509615384615385 0.951923076923077 0.02403846153846154 0.02403846153846154
0 0.40384615384615385 0.9495192307692308 0.02403846153846154 0.02403846153846154
0 0.9375 0.9471153846153847 0.02403846153846154 0.02403846153846154
0 0.2620192307692308 0.9423076923076924 0.02403846153846154 0.02403846153846154
0 0.42307692307692313 0.9350961538461539 0.02403846153846154 0.02403846153846154
0 0.8004807692307693 0.9254807692307693 0.02403846153846154 0.02403846153846154
0 0.8942307692307693 0.9182692307692308 0.02403846153846154 0.02403846153846154
0 0.5432692307692308 0.9014423076923077 0.02403846153846154 0.02403846153846154
0 0.5697115384615385 0.8798076923076924 0.02403846153846154 0.02403846153846154
0 0.4711538461538462 0.875 0.02403846153846154 0.02403846153846154
0 0.8725961538461539 0.8701923076923077 0.02403846153846154 0.02403846153846154
0 0.6490384615384616 0.8701923076923077 0.02403846153846154 0.02403846153846154
0 0.30528846153846156 0.826923076923077 0.02403846153846154 0.02403846153846154
0 0.20673076923076925 0.8149038461538461 0.02403846153846154 0.02403846153846154
0 0.7740384615384616 0.8100961538461539 0.02403846153846154 0.02403846153846154
0 0.3942307692307693 0.8100961538461539 0.02403846153846154 0.02403846153846154
0 0.8774038461538463 0.8125 0.02403846153846154 0.02403846153846154
0 0.920673076923077 0.795673076923077 0.02403846153846154 0.02403846153846154
0 0.6923076923076923 0.795673076923077 0.02403846153846154 0.02403846153846154
0 0.9110576923076924 0.7860576923076924 0.02403846153846154 0.02403846153846154
0 0.5168269230769231 0.7836538461538461 0.02403846153846154 0.02403846153846154
0 0.5745192307692308 0.7716346153846154 0.02403846153846154 0.02403846153846154
0 0.375 0.7620192307692308 0.02403846153846154 0.02403846153846154
0 0.4951923076923077 0.7524038461538461 0.02403846153846154 0.02403846153846154
0 0.18509615384615385 0.75 0.02403846153846154 0.02403846153846154
0 0.875 0.7283653846153847 0.02403846153846154 0.02403846153846154
0 0.5576923076923077 0.7163461538461539 0.02403846153846154 0.02403846153846154
0 0.6658653846153847 0.6971153846153847 0.02403846153846154 0.02403846153846154
0 0.45432692307692313 0.6947115384615385 0.02403846153846154 0.02403846153846154
0 0.23317307692307693 0.6826923076923077 0.02403846153846154 0.02403846153846154
0 0.34615384615384615 0.6634615384615385 0.02403846153846154 0.02403846153846154
0 0.09615384615384616 0.6490384615384616 0.02403846153846154 0.02403846153846154
0 0.8966346153846154 0.6370192307692308 0.02403846153846154 0.02403846153846154
0 0.764423076923077 0.639423076923077 0.02403846153846154 0.02403846153846154
0 0.5216346153846154 0.6370192307692308 0.02403846153846154 0.02403846153846154
0 0.3004807692307693 0.6370192307692308 0.02403846153846154 0.02403846153846154
0 0.8653846153846154 0.6298076923076923 0.02403846153846154 0.02403846153846154
0 0.11538461538461539 0.6225961538461539 0.02403846153846154 0.02403846153846154
0 0.07451923076923077 0.6274038461538461 0.02403846153846154 0.02403846153846154
0 0.5384615384615385 0.5961538461538461 0.02403846153846154 0.02403846153846154
0 0.43509615384615385 0.5913461538461539 0.02403846153846154 0.02403846153846154
0 0.701923076923077 0.5889423076923077 0.02403846153846154 0.02403846153846154
0 0.5865384615384616 0.5889423076923077 0.02403846153846154 0.02403846153846154
0 0.6225961538461539 0.5841346153846154 0.02403846153846154 0.02403846153846154
0 0.733173076923077 0.5793269230769231 0.02403846153846154 0.02403846153846154
0 0.3557692307692308 0.5504807692307693 0.02403846153846154 0.02403846153846154
0 0.16826923076923078 0.5384615384615385 0.02403846153846154 0.02403846153846154
0 0.04807692307692308 0.5216346153846154 0.02403846153846154 0.02403846153846154
0 0.23317307692307693 0.514423076923077 0.02403846153846154 0.02403846153846154
0 0.7836538461538461 0.5168269230769231 0.02403846153846154 0.02403846153846154
0 0.9326923076923077 0.5096153846153847 0.02403846153846154 0.02403846153846154
0 0.608173076923077 0.49759615384615385 0.02403846153846154 0.02403846153846154
0 0.19230769230769232 0.49278846153846156 0.02403846153846154 0.02403846153846154
0 0.6778846153846154 0.48557692307692313 0.02403846153846154 0.02403846153846154
0 0.09375 0.4807692307692308 0.02403846153846154 0.02403846153846154
0 0.07451923076923077 0.47836538461538464 0.02403846153846154 0.02403846153846154
0 0.9399038461538463 0.46875 0.02403846153846154 0.02403846153846154
0 0.8461538461538463 0.46153846153846156 0.02403846153846154 0.02403846153846154
0 0.0889423076923077 0.4495192307692308 0.02403846153846154 0.02403846153846154
0 0.7692307692307693 0.4447115384615385 0.02403846153846154 0.02403846153846154
0 0.5288461538461539 0.4399038461538462 0.02403846153846154 0.02403846153846154
0 0.59375 0.42307692307692313 0.02403846153846154 0.02403846153846154
0 0.44711538461538464 0.42307692307692313 0.02403846153846154 0.02403846153846154
0 0.3028846153846154 0.3918269230769231 0.02403846153846154 0.02403846153846154
0 0.3245192307692308 0.3822115384615385 0.02403846153846154 0.02403846153846154
0 0.07211538461538462 0.37980769230769235 0.02403846153846154 0.02403846153846154
0 0.14182692307692307 0.37980769230769235 0.02403846153846154 0.02403846153846154
0 0.9302884615384616 0.36778846153846156 0.02403846153846154 0.02403846153846154
0 0.5288461538461539 0.34615384615384615 0.02403846153846154 0.02403846153846154
0 0.7524038461538461 0.3389423076923077 0.02403846153846154 0.02403846153846154
0 0.9567307692307693 0.33653846153846156 0.02403846153846154 0.02403846153846154
0 0.4254807692307693 0.3269230769230769 0.02403846153846154 0.02403846153846154
0 0.3004807692307693 0.3245192307692308 0.02403846153846154 0.02403846153846154
0 0.4014423076923077 0.31490384615384615 0.02403846153846154 0.02403846153846154
0 0.11538461538461539 0.31009615384615385 0.02403846153846154 0.02403846153846154
0 0.6033653846153847 0.30528846153846156 0.02403846153846154 0.02403846153846154
0 0.34375 0.2956730769230769 0.02403846153846154 0.02403846153846154
0 0.5384615384615385 0.2932692307692308 0.02403846153846154 0.02403846153846154
0 0.8557692307692308 0.29086538461538464 0.02403846153846154 0.02403846153846154
0 0.1875 0.2932692307692308 0.02403846153846154 0.02403846153846154
0 0.7668269230769231 0.28125 0.02403846153846154 0.02403846153846154
0 0.8990384615384616 0.27884615384615385 0.02403846153846154 0.02403846153846154
0 0.8798076923076924 0.2572115384615385 0.02403846153846154 0.02403846153846154
0 0.920673076923077 0.25 0.02403846153846154 0.02403846153846154
0 0.6346153846153847 0.2403846153846154 0.02403846153846154 0.02403846153846154
0 0.4014423076923077 0.23076923076923078 0.02403846153846154 0.02403846153846154
0 0.4254807692307693 0.22355769230769232 0.02403846153846154 0.02403846153846154
0 0.8293269230769231 0.21875 0.02403846153846154 0.02403846153846154
0 0.3028846153846154 0.20673076923076925 0.02403846153846154 0.02403846153846154
0 0.13942307692307693 0.2043269230769231 0.02403846153846154 0.02403846153846154
0 0.9495192307692308 0.19711538461538464 0.02403846153846154 0.02403846153846154
0 0.8870192307692308 0.19230769230769232 0.02403846153846154 0.02403846153846154
0 0.6129807692307693 0.19471153846153846 0.02403846153846154 0.02403846153846154
0 0.09134615384615385 0.19230769230769232 0.02403846153846154 0.02403846153846154
0 0.6033653846153847 0.15625 0.02403846153846154 0.02403846153846154
0 0.8677884615384616 0.15625 0.02403846153846154 0.02403846153846154
0 0.29086538461538464 0.12980769230769232 0.02403846153846154 0.02403846153846154
0 0.1466346153846154 0.12259615384615385 0.02403846153846154 0.02403846153846154
0 0.4278846153846154 0.1201923076923077 0.02403846153846154 0.02403846153846154
0 0.3028846153846154 0.1201923076923077 0.02403846153846154 0.02403846153846154
0 0.701923076923077 0.1201923076923077 0.02403846153846154 0.02403846153846154
0 0.3774038461538462 0.1201923076923077 0.02403846153846154 0.02403846153846154
0 0.06730769230769232 0.11778846153846155 0.02403846153846154 0.02403846153846154
0 0.7596153846153847 0.11298076923076923 0.02403846153846154 0.02403846153846154
0 0.08413461538461539 0.10576923076923078 0.02403846153846154 0.02403846153846154
0 0.6346153846153847 0.11057692307692309 0.02403846153846154 0.02403846153846154
0 0.90625 0.07211538461538462 0.02403846153846154 0.02403846153846154
0 0.3293269230769231 0.07211538461538462 0.02403846153846154 0.02403846153846154
0 0.5745192307692308 0.07211538461538462 0.02403846153846154 0.02403846153846154
0 0.2355769230769231 0.06971153846153846 0.02403846153846154 0.02403846153846154
0 0.3966346153846154 0.0625 0.02403846153846154 0.02403846153846154
0 0.7283653846153847 0.04807692307692308 0.02403846153846154 0.02403846153846154
0 0.24759615384615385 0.04567307692307693 0.02403846153846154 0.02403846153846154
0 0.8942307692307693 0.040865384615384616 0.02403846153846154 0.02403846153846154
0 0.5865384615384616 0.03605769230769231 0.02403846153846154 0.02403846153846154
0 0.9302884615384616 0.028846153846153848 0.02403846153846154 0.02403846153846154
0 0.040865384615384616 0.9567307692307693 0.02403846153846154 0.02403846153846154
0 0.2091346153846154 0.22596153846153846 0.02403846153846154 0.02403846153846154
0 0.2451923076923077 0.13942307692307693 0.02403846153846154 0.02403846153846154
0 0.1466346153846154 0.5072115384615384 0.02403846153846154 0.02403846153846154
0 0.5745192307692308 0.4134615384615385 0.02403846153846154 0.02403846153846154
0 0.05528846153846154 0.21634615384615385 0.02403846153846154 0.02403846153846154
0 0.4182692307692308 0.4903846153846154 0.02403846153846154 0.02403846153846154
