0 0.2572115384615385 0.9591346153846154 0.02403846153846154 0.02403846153846154
0 0.96875 0.9495192307692308 0.02403846153846154 0.02403846153846154
0 0.889423076923077 0.9326923076923077 0.02403846153846154 0.02403846153846154
0 0.6129807692307693 0.9230769230769231 0.02403846153846154 0.02403846153846154
0 0.826923076923077 0.9110576923076924 0.02403846153846154 0.02403846153846154
0 0.7163461538461539 0.8533653846153847 0.02403846153846154 0.02403846153846154
0 0.7259615384615385 0.8173076923076924 0.02403846153846154 0.02403846153846154
0 0.5432692307692308 0.8100961538461539 0.02403846153846154 0.02403846153846154
0 0.6754807692307693 0.7884615384615385 0.02403846153846154 0.02403846153846154
0 0.9182692307692308 0.6850961538461539 0.02403846153846154 0.02403846153846154
0 0.8485576923076924 0.6682692307692308 0.02403846153846154 0.02403846153846154
0 0.7836538461538461 0.639423076923077 0.02403846153846154 0.02403846153846154
0 0.4759615384615385 0.608173076923077 0.02403846153846154 0.02403846153846154
0 0.06490384615384616 0.4591346153846154 0.02403846153846154 0.02403846153846154
0 0.46875 0.4567307692307693 0.02403846153846154 0.02403846153846154
0 0.90625 0.40625 0.02403846153846154 0.02403846153846154
0 0.17067307692307693 0.2884615384615385 0.02403846153846154 0.02403846153846154
0 0.5889423076923077 0.18990384615384617 0.02403846153846154 0.02403846153846154
0 0.8149038461538461 0.15865384615384617 0.02403846153846154 0.02403846153846154
0 0.576923076923077 0.1514423076923077 0.02403846153846154 0.02403846153846154
0 0.7668269230769231 0.12980769230769232 0.02403846153846154 0.02403846153846154
0 0.8870192307692308 0.11298076923076923 0.02403846153846154 0.02403846153846154
0 0.7451923076923077 0.11298076923076923 0.02403846153846154 0.02403846153846154
0 0.3942307692307693 0.028846153846153848 0.02403846153846154 0.02403846153846154
0 0.8774038461538463 0.03605769230769231 0.02403846153846154 0.02403846153846154
0 0.53125 0.25480769230769235 0.02403846153846154 0.02403846153846154
0 0.13461538461538464 0.16346153846153846 0.02403846153846154 0.02403846153846154
0 0.639423076923077 0.43509615384615385 0.02403846153846154 0.02403846153846154
0 0.14182692307692307 0.04326923076923077 0.02403846153846154 0.02403846153846154
0 0.2043269230769231 0.5336538461538461 0.02403846153846154 0.02403846153846154
0 0.13221153846153846 0.40625 0.02403846153846154 0.02403846153846154
0 0.8629807692307693 0.20673076923076925 0.02403846153846154 0.02403846153846154
