0 0.18509615384615385 0.9639423076923077 0.02403846153846154 0.02403846153846154
0 0.4447115384615385 0.9399038461538463 0.02403846153846154 0.02403846153846154
0 0.5649038461538461 0.9278846153846154 0.02403846153846154 0.02403846153846154
0 0.7307692307692308 0.9254807692307693 0.02403846153846154 0.02403846153846154
0 0.795673076923077 0.920673076923077 0.02403846153846154 0.02403846153846154
0 0.46875 0.9158653846153847 0.02403846153846154 0.02403846153846154
0 0.8533653846153847 0.8918269230769231 0.02403846153846154 0.02403846153846154
0 0.17307692307692307 0.8725961538461539 0.02403846153846154 0.02403846153846154
0 0.7620192307692308 0.8701923076923077 0.02403846153846154 0.02403846153846154
0 0.2572115384615385 0.8100961538461539 0.02403846153846154 0.02403846153846154
0 0.9495192307692308 0.795673076923077 0.02403846153846154 0.02403846153846154
0 0.6274038461538461 0.7860576923076924 0.02403846153846154 0.02403846153846154
0 0.6802884615384616 0.7764423076923077 0.02403846153846154 0.02403846153846154
0 0.4447115384615385 0.7668269230769231 0.02403846153846154 0.02403846153846154
0 0.4134615384615385 0.764423076923077 0.02403846153846154 0.02403846153846154
0 0.9471153846153847 0.7620192307692308 0.02403846153846154 0.02403846153846154
0 0.2716346153846154 0.7572115384615385 0.02403846153846154 0.02403846153846154
0 0.4326923076923077 0.75 0.02403846153846154 0.02403846153846154
0 0.8100961538461539 0.7403846153846154 0.02403846153846154 0.02403846153846154
0 0.9038461538461539 0.733173076923077 0.02403846153846154 0.02403846153846154
0 0.5528846153846154 0.7163461538461539 0.02403846153846154 0.02403846153846154
0 0.5793269230769231 0.6947115384615385 0.02403846153846154 0.02403846153846154
0 0.4807692307692308 0.6899038461538461 0.02403846153846154 0.02403846153846154
0 0.8822115384615385 0.6850961538461539 0.02403846153846154 0.02403846153846154
0 0.6586538461538461 0.6850961538461539 0.02403846153846154 0.02403846153846154
0 0.31490384615384615 0.6418269230769231 0.02403846153846154 0.02403846153846154
0 0.21634615384615385 0.6298076923076923 0.02403846153846154 0.02403846153846154
0 0.7836538461538461 0.625 0.02403846153846154 0.02403846153846154
0 0.40384615384615385 0.625 0.02403846153846154 0.02403846153846154
0 0.8870192307692308 0.6274038461538461 0.02403846153846154 0.02403846153846154
0 0.9302884615384616 0.6105769230769231 0.02403846153846154 0.02403846153846154
0 0.701923076923077 0.6105769230769231 0.02403846153846154 0.02403846153846154
0 0.920673076923077 0.6009615384615385 0.02403846153846154 0.02403846153846154
0 0.5264423076923077 0.5985576923076923 0.02403846153846154 0.02403846153846154
0 0.5841346153846154 0.5865384615384616 0.02403846153846154 0.02403846153846154
0 0.38461538461538464 0.576923076923077 0.02403846153846154 0.02403846153846154
0 0.5048076923076923 0.5673076923076923 0.02403846153846154 0.02403846153846154
0 0.19471153846153846 0.5649038461538461 0.02403846153846154 0.02403846153846154
0 0.8846153846153847 0.5432692307692308 0.02403846153846154 0.02403846153846154
0 0.5673076923076923 0.53125 0.02403846153846154 0.02403846153846154
0 0.6754807692307693 0.5120192307692308 0.02403846153846154 0.02403846153846154
0 0.4639423076923077 0.5096153846153847 0.02403846153846154 0.02403846153846154
0 0.24278846153846156 0.49759615384615385 0.02403846153846154 0.02403846153846154
0 0.3557692307692308 0.47836538461538464 0.02403846153846154 0.02403846153846154
0 0.10576923076923078 0.4639423076923077 0.02403846153846154 0.02403846153846154
0 0.90625 0.4519230769230769 0.02403846153846154 0.02403846153846154
0 0.7740384615384616 0.45432692307692313 0.02403846153846154 0.02403846153846154
0 0.53125 0.4519230769230769 0.02403846153846154 0.02403846153846154
0 0.31009615384615385 0.4519230769230769 0.02403846153846154 0.02403846153846154
0 0.875 0.4447115384615385 0.02403846153846154 0.02403846153846154
0 0.125 0.4375 0.02403846153846154 0.02403846153846154
0 0.08413461538461539 0.44230769230769235 0.02403846153846154 0.02403846153846154
0 0.5480769230769231 0.41105769230769235 0.02403846153846154 0.02403846153846154
0 0.4447115384615385 0.40625 0.02403846153846154 0.02403846153846154
0 0.7115384615384616 0.40384615384615385 0.02403846153846154 0.02403846153846154
0 0.5961538461538461 0.40384615384615385 0.02403846153846154 0.02403846153846154
0 0.6322115384615385 0.39903846153846156 0.02403846153846154 0.02403846153846154
0 0.7427884615384616 0.3942307692307693 0.02403846153846154 0.02403846153846154
0 0.3653846153846154 0.3653846153846154 0.02403846153846154 0.02403846153846154
0 0.1778846153846154 0.35336538461538464 0.02403846153846154 0.02403846153846154
0 0.057692307692307696 0.33653846153846156 0.02403846153846154 0.02403846153846154
0 0.24278846153846156 0.3293269230769231 0.02403846153846154 0.02403846153846154
0 0.7932692307692308 0.3317307692307693 0.02403846153846154 0.02403846153846154
0 0.9423076923076924 0.3245192307692308 0.02403846153846154 0.02403846153846154
0 0.6177884615384616 0.3125 0.02403846153846154 0.02403846153846154
0 0.20192307692307693 0.3076923076923077 0.02403846153846154 0.02403846153846154
0 0.6875 0.3004807692307693 0.02403846153846154 0.02403846153846154
0 0.10336538461538462 0.2956730769230769 0.02403846153846154 0.02403846153846154
0 0.08413461538461539 0.2932692307692308 0.02403846153846154 0.02403846153846154
0 0.9495192307692308 0.28365384615384615 0.02403846153846154 0.02403846153846154
0 0.8557692307692308 0.2764423076923077 0.02403846153846154 0.02403846153846154
0 0.09855769230769232 0.2644230769230769 0.02403846153846154 0.02403846153846154
0 0.7788461538461539 0.25961538461538464 0.02403846153846154 0.02403846153846154
0 0.5384615384615385 0.25480769230769235 0.02403846153846154 0.02403846153846154
0 0.6033653846153847 0.23798076923076925 0.02403846153846154 0.02403846153846154
0 0.4567307692307693 0.23798076923076925 0.02403846153846154 0.02403846153846154
0 0.3125 0.20673076923076925 0.02403846153846154 0.02403846153846154
0 0.3341346153846154 0.19711538461538464 0.02403846153846154 0.02403846153846154
0 0.08173076923076923 0.19471153846153846 0.02403846153846154 0.02403846153846154
0 0.1514423076923077 0.19471153846153846 0.02403846153846154 0.02403846153846154
0 0.9399038461538463 0.1826923076923077 0.02403846153846154 0.02403846153846154
0 0.5384615384615385 0.16105769230769232 0.02403846153846154 0.02403846153846154
0 0.7620192307692308 0.15384615384615385 0.02403846153846154 0.02403846153846154
0 0.9663461538461539 0.1514423076923077 0.02403846153846154 0.02403846153846154
0 0.43509615384615385 0.14182692307692307 0.02403846153846154 0.02403846153846154
0 0.31009615384615385 0.13942307692307693 0.02403846153846154 0.02403846153846154
0 0.41105769230769235 0.12980769230769232 0.02403846153846154 0.02403846153846154
0 0.125 0.125 0.02403846153846154 0.02403846153846154
0 0.6129807692307693 0.1201923076923077 0.02403846153846154 0.02403846153846154
0 0.35336538461538464 0.11057692307692309 0.02403846153846154 0.02403846153846154
0 0.5480769230769231 0.10817307692307693 0.02403846153846154 0.02403846153846154
0 0.8653846153846154 0.10576923076923078 0.02403846153846154 0.02403846153846154
0 0.19711538461538464 0.10817307692307693 0.02403846153846154 0.02403846153846154
0 0.7764423076923077 0.09615384615384616 0.02403846153846154 0.02403846153846154
0 0.9086538461538463 0.09375 0.02403846153846154 0.02403846153846154
0 0.889423076923077 0.07211538461538462 0.02403846153846154 0.02403846153846154
0 0.9302884615384616 0.06490384615384616 0.02403846153846154 0.02403846153846154
0 0.6442307692307693 0.05528846153846154 0.02403846153846154 0.02403846153846154
0 0.41105769230769235 0.04567307692307693 0.02403846153846154 0.02403846153846154
0 0.43509615384615385 0.038461538461538464 0.02403846153846154 0.02403846153846154
0 0.8389423076923077 0.03365384615384616 0.02403846153846154 0.02403846153846154
0 0.05048076923076923 0.7716346153846154 0.02403846153846154 0.02403846153846154
0 0.21875 0.040865384615384616 0.02403846153846154 0.02403846153846154
0 0.15625 0.32211538461538464 0.02403846153846154 0.02403846153846154
0 0.5841346153846154 0.22836538461538464 0.02403846153846154 0.02403846153846154
0 0.06490384615384616 0.03125 0.02403846153846154 0.02403846153846154
0 0.4278846153846154 0.30528846153846156 0.02403846153846154 0.02403846153846154
