0 0.6658653846153847 0.9639423076923077 0.02403846153846154 0.02403846153846154
0 0.8461538461538463 0.951923076923077 0.02403846153846154 0.02403846153846154
0 0.15625 0.9375 0.02403846153846154 0.02403846153846154
0 0.8701923076923077 0.9326923076923077 0.02403846153846154 0.02403846153846154
0 0.3125 0.9254807692307693 0.02403846153846154 0.02403846153846154
0 0.9230769230769231 0.90625 0.02403846153846154 0.02403846153846154
0 0.826923076923077 0.9014423076923077 0.02403846153846154 0.02403846153846154
0 0.4807692307692308 0.8990384615384616 0.02403846153846154 0.02403846153846154
0 0.3293269230769231 0.8798076923076924 0.02403846153846154 0.02403846153846154
0 0.5889423076923077 0.8557692307692308 0.02403846153846154 0.02403846153846154
0 0.7091346153846154 0.84375 0.02403846153846154 0.02403846153846154
0 0.875 0.8413461538461539 0.02403846153846154 0.02403846153846154
0 0.9399038461538463 0.8365384615384616 0.02403846153846154 0.02403846153846154
0 0.6129807692307693 0.8317307692307693 0.02403846153846154 0.02403846153846154
0 0.03365384615384616 0.8293269230769231 0.02403846153846154 0.02403846153846154
0 0.0889423076923077 0.8197115384615385 0.02403846153846154 0.02403846153846154
0 0.31730769230769235 0.7884615384615385 0.02403846153846154 0.02403846153846154
0 0.90625 0.7860576923076924 0.02403846153846154 0.02403846153846154
0 0.4014423076923077 0.7259615384615385 0.02403846153846154 0.02403846153846154
0 0.14182692307692307 0.7235576923076924 0.02403846153846154 0.02403846153846154
0 0.7716346153846154 0.701923076923077 0.02403846153846154 0.02403846153846154
0 0.8245192307692308 0.6923076923076923 0.02403846153846154 0.02403846153846154
0 0.5889423076923077 0.6826923076923077 0.02403846153846154 0.02403846153846154
0 0.5576923076923077 0.6802884615384616 0.02403846153846154 0.02403846153846154
0 0.41586538461538464 0.6730769230769231 0.02403846153846154 0.02403846153846154
0 0.576923076923077 0.6658653846153847 0.02403846153846154 0.02403846153846154
0 0.9543269230769231 0.65625 0.02403846153846154 0.02403846153846154
0 0.6971153846153847 0.6322115384615385 0.02403846153846154 0.02403846153846154
0 0.06490384615384616 0.6225961538461539 0.02403846153846154 0.02403846153846154
0 0.7235576923076924 0.6105769230769231 0.02403846153846154 0.02403846153846154
0 0.625 0.6057692307692308 0.02403846153846154 0.02403846153846154
0 0.8028846153846154 0.6009615384615385 0.02403846153846154 0.02403846153846154
0 0.14423076923076925 0.5649038461538461 0.02403846153846154 0.02403846153846154
0 0.4591346153846154 0.5576923076923077 0.02403846153846154 0.02403846153846154
0 0.3605769230769231 0.545673076923077 0.02403846153846154 0.02403846153846154
0 0.9278846153846154 0.5408653846153847 0.02403846153846154 0.02403846153846154
0 0.5480769230769231 0.5408653846153847 0.02403846153846154 0.02403846153846154
0 0.8461538461538463 0.5264423076923077 0.02403846153846154 0.02403846153846154
0 0.670673076923077 0.514423076923077 0.02403846153846154 0.02403846153846154
0 0.028846153846153848 0.5120192307692308 0.02403846153846154 0.02403846153846154
0 0.7283653846153847 0.5024038461538461 0.02403846153846154 0.02403846153846154
0 0.5288461538461539 0.49278846153846156 0.02403846153846154 0.02403846153846154
0 0.6490384615384616 0.4831730769230769 0.02403846153846154 0.02403846153846154
0 0.3389423076923077 0.4807692307692308 0.02403846153846154 0.02403846153846154
0 0.7115384615384616 0.44711538461538464 0.02403846153846154 0.02403846153846154
0 0.16586538461538464 0.4447115384615385 0.02403846153846154 0.02403846153846154
0 0.8197115384615385 0.4278846153846154 0.02403846153846154 0.02403846153846154
0 0.15625 0.4278846153846154 0.02403846153846154 0.02403846153846154
0 0.608173076923077 0.4254807692307693 0.02403846153846154 0.02403846153846154
0 0.3870192307692308 0.4134615384615385 0.02403846153846154 0.02403846153846154
0 0.5 0.3942307692307693 0.02403846153846154 0.02403846153846154
0 0.25 0.37980769230769235 0.02403846153846154 0.02403846153846154
0 0.9182692307692308 0.3701923076923077 0.02403846153846154 0.02403846153846154
0 0.6754807692307693 0.36778846153846156 0.02403846153846154 0.02403846153846154
0 0.45432692307692313 0.36778846153846156 0.02403846153846154 0.02403846153846154
0 0.2692307692307693 0.35336538461538464 0.02403846153846154 0.02403846153846154
0 0.22836538461538464 0.3581730769230769 0.02403846153846154 0.02403846153846154
0 0.16346153846153846 0.3269230769230769 0.02403846153846154 0.02403846153846154
0 0.6923076923076923 0.3269230769230769 0.02403846153846154 0.02403846153846154
0 0.5889423076923077 0.32211538461538464 0.02403846153846154 0.02403846153846154
0 0.8557692307692308 0.3197115384615385 0.02403846153846154 0.02403846153846154
0 0.7403846153846154 0.3197115384615385 0.02403846153846154 0.02403846153846154
0 0.7764423076923077 0.31490384615384615 0.02403846153846154 0.02403846153846154
0 0.040865384615384616 0.3125 0.02403846153846154 0.02403846153846154
0 0.8870192307692308 0.31009615384615385 0.02403846153846154 0.02403846153846154
0 0.5096153846153847 0.28125 0.02403846153846154 0.02403846153846154
0 0.32211538461538464 0.2692307692307693 0.02403846153846154 0.02403846153846154
0 0.20192307692307693 0.25240384615384615 0.02403846153846154 0.02403846153846154
0 0.3870192307692308 0.2451923076923077 0.02403846153846154 0.02403846153846154
0 0.9375 0.24759615384615385 0.02403846153846154 0.02403846153846154
0 0.7620192307692308 0.22836538461538464 0.02403846153846154 0.02403846153846154
0 0.34615384615384615 0.22355769230769232 0.02403846153846154 0.02403846153846154
0 0.8317307692307693 0.21634615384615385 0.02403846153846154 0.02403846153846154
0 0.24759615384615385 0.21153846153846156 0.02403846153846154 0.02403846153846154
0 0.22836538461538464 0.2091346153846154 0.02403846153846154 0.02403846153846154
0 0.06971153846153846 0.2043269230769231 0.02403846153846154 0.02403846153846154
0 0.24278846153846156 0.18028846153846154 0.02403846153846154 0.02403846153846154
0 0.9230769230769231 0.17548076923076925 0.02403846153846154 0.02403846153846154
0 0.6826923076923077 0.17067307692307693 0.02403846153846154 0.02403846153846154
0 0.09134615384615385 0.15625 0.02403846153846154 0.02403846153846154
0 0.7475961538461539 0.15384615384615385 0.02403846153846154 0.02403846153846154
0 0.6009615384615385 0.15384615384615385 0.02403846153846154 0.02403846153846154
0 0.06730769230769232 0.15384615384615385 0.02403846153846154 0.02403846153846154
0 0.04326923076923077 0.12740384615384617 0.02403846153846154 0.02403846153846154
0 0.4567307692307693 0.12259615384615385 0.02403846153846154 0.02403846153846154
0 0.47836538461538464 0.11298076923076923 0.02403846153846154 0.02403846153846154
0 0.22596153846153846 0.11057692307692309 0.02403846153846154 0.02403846153846154
0 0.2956730769230769 0.11057692307692309 0.02403846153846154 0.02403846153846154
0 0.05528846153846154 0.10336538461538462 0.02403846153846154 0.02403846153846154
0 0.6826923076923077 0.07692307692307693 0.02403846153846154 0.02403846153846154
0 0.90625 0.06971153846153846 0.02403846153846154 0.02403846153846154
0 0.5793269230769231 0.057692307692307696 0.02403846153846154 0.02403846153846154
0 0.45432692307692313 0.05528846153846154 0.02403846153846154 0.02403846153846154
0 0.5552884615384616 0.04567307692307693 0.02403846153846154 0.02403846153846154
0 0.2692307692307693 0.040865384615384616 0.02403846153846154 0.02403846153846154
0 0.7572115384615385 0.03605769230769231 0.02403846153846154 0.02403846153846154
0 0.49759615384615385 0.026442307692307696 0.02403846153846154 0.02403846153846154
0 0.6923076923076923 0.02403846153846154 0.02403846153846154 0.02403846153846154
0 0.34134615384615385 0.02403846153846154 0.02403846153846154 0.02403846153846154
0 0.02403846153846154 0.22355769230769232 0.02403846153846154 0.02403846153846154
0 0.15865384615384617 0.6153846153846154 0.02403846153846154 0.02403846153846154
0 0.19471153846153846 0.6875 0.02403846153846154 0.02403846153846154
0 0.3004807692307693 0.23798076923076925 0.02403846153846154 0.02403846153846154
0 0.7283653846153847 0.14423076923076925 0.02403846153846154 0.02403846153846154
0 0.16105769230769232 0.038461538461538464 0.02403846153846154 0.02403846153846154
0 0.5721153846153847 0.22115384615384617 0.02403846153846154 0.02403846153846154
