0 0.6971153846153847 0.9014423076923077 0.02403846153846154 0.02403846153846154
0 0.6514423076923077 0.875 0.02403846153846154 0.02403846153846154
0 0.8605769230769231 0.8028846153846154 0.02403846153846154 0.02403846153846154
0 0.6009615384615385 0.7932692307692308 0.02403846153846154 0.02403846153846154
0 0.7379807692307693 0.7524038461538461 0.02403846153846154 0.02403846153846154
0 0.5192307692307693 0.7307692307692308 0.02403846153846154 0.02403846153846154
0 0.7788461538461539 0.7211538461538461 0.02403846153846154 0.02403846153846154
0 0.12980769230769232 0.7091346153846154 0.02403846153846154 0.02403846153846154
0 0.90625 0.6754807692307693 0.02403846153846154 0.02403846153846154
0 0.8293269230769231 0.65625 0.02403846153846154 0.02403846153846154
0 0.4086538461538462 0.6442307692307693 0.02403846153846154 0.02403846153846154
0 0.22836538461538464 0.6129807692307693 0.02403846153846154 0.02403846153846154
0 0.3822115384615385 0.576923076923077 0.02403846153846154 0.02403846153846154
0 0.5913461538461539 0.5 0.02403846153846154 0.02403846153846154
0 0.6490384615384616 0.4711538461538462 0.02403846153846154 0.02403846153846154
0 0.670673076923077 0.4711538461538462 0.02403846153846154 0.02403846153846154
0 0.9639423076923077 0.41105769230769235 0.02403846153846154 0.02403846153846154
0 0.733173076923077 0.37259615384615385 0.02403846153846154 0.02403846153846154
0 0.7067307692307693 0.34615384615384615 0.02403846153846154 0.02403846153846154
0 0.8365384615384616 0.25240384615384615 0.02403846153846154 0.02403846153846154
0 0.8918269230769231 0.16826923076923078 0.02403846153846154 0.02403846153846154
0 0.7403846153846154 0.16346153846153846 0.02403846153846154 0.02403846153846154
0 0.028846153846153848 0.125 0.02403846153846154 0.02403846153846154
0 0.7932692307692308 0.10817307692307693 0.02403846153846154 0.02403846153846154
0 0.8076923076923077 0.06730769230769232 0.02403846153846154 0.02403846153846154
0 0.07211538461538462 0.04807692307692308 0.02403846153846154 0.02403846153846154
0 0.4375 0.03125 0.02403846153846154 0.02403846153846154
0 0.9591346153846154 0.05048076923076923 0.02403846153846154 0.02403846153846154
0 0.9447115384615385 0.3004807692307693 0.02403846153846154 0.02403846153846154
0 0.9134615384615385 0.2956730769230769 0.02403846153846154 0.02403846153846154
0 0.7283653846153847 0.22115384615384617 0.02403846153846154 0.02403846153846154
0 0.375 0.2572115384615385 0.02403846153846154 0.02403846153846154
0 0.6370192307692308 0.23798076923076925 0.02403846153846154 0.02403846153846154
0 0.6298076923076923 0.576923076923077 0.02403846153846154 0.02403846153846154
0 0.889423076923077 0.4711538461538462 0.02403846153846154 0.02403846153846154
0 0.8485576923076924 0.44230769230769235 0.02403846153846154 0.02403846153846154
0 0.16346153846153846 0.8293269230769231 0.02403846153846154 0.02403846153846154
0 0.3389423076923077 0.7163461538461539 0.02403846153846154 0.02403846153846154
0 0.2451923076923077 0.6538461538461539 0.02403846153846154 0.02403846153846154
0 0.24759615384615385 0.7548076923076924 0.02403846153846154 0.02403846153846154
0 0.27403846153846156 0.20673076923076925 0.02403846153846154 0.02403846153846154
0 0.6105769230769231 0.6682692307692308 0.02403846153846154 0.02403846153846154
0 0.9278846153846154 0.7596153846153847 0.02403846153846154 0.02403846153846154
0 0.27884615384615385 0.3894230769230769 0.02403846153846154 0.02403846153846154
0 0.07211538461538462 0.2572115384615385 0.02403846153846154 0.02403846153846154
0 0.10336538461538462 0.5576923076923077 0.02403846153846154 0.02403846153846154
0 0.057692307692307696 0.40384615384615385 0.02403846153846154 0.02403846153846154
0 0.07932692307692309 0.35336538461538464 0.02403846153846154 0.02403846153846154
0 0.8557692307692308 0.06490384615384616 0.02403846153846154 0.02403846153846154
0 0.25240384615384615 0.03125 0.02403846153846154 0.02403846153846154
0 0.3918269230769231 0.08653846153846154 0.02403846153846154 0.02403846153846154
0 0.6298076923076923 0.03365384615384616 0.02403846153846154 0.02403846153846154
0 0.1826923076923077 0.07451923076923077 0.02403846153846154 0.02403846153846154
0 0.5697115384615385 0.12740384615384617 0.02403846153846154 0.02403846153846154
0 0.6009615384615385 0.4447115384615385 0.02403846153846154 0.02403846153846154
