0 0.4711538461538462 0.9423076923076924 0.02403846153846154 0.02403846153846154
0 0.8149038461538461 0.9375 0.02403846153846154 0.02403846153846154
0 0.4831730769230769 0.9110576923076924 0.02403846153846154 0.02403846153846154
0 0.9326923076923077 0.9086538461538463 0.02403846153846154 0.02403846153846154
0 0.2764423076923077 0.8774038461538463 0.02403846153846154 0.02403846153846154
0 0.10576923076923078 0.8629807692307693 0.02403846153846154 0.02403846153846154
0 0.03125 0.858173076923077 0.02403846153846154 0.02403846153846154
0 0.4134615384615385 0.8076923076923077 0.02403846153846154 0.02403846153846154
0 0.8365384615384616 0.7884615384615385 0.02403846153846154 0.02403846153846154
0 0.8677884615384616 0.7716346153846154 0.02403846153846154 0.02403846153846154
0 0.21875 0.7620192307692308 0.02403846153846154 0.02403846153846154
0 0.6875 0.7596153846153847 0.02403846153846154 0.02403846153846154
0 0.1875 0.7403846153846154 0.02403846153846154 0.02403846153846154
0 0.795673076923077 0.7163461538461539 0.02403846153846154 0.02403846153846154
0 0.6105769230769231 0.7163461538461539 0.02403846153846154 0.02403846153846154
0 0.12259615384615385 0.6778846153846154 0.02403846153846154 0.02403846153846154
0 0.2451923076923077 0.6682692307692308 0.02403846153846154 0.02403846153846154
0 0.19471153846153846 0.6658653846153847 0.02403846153846154 0.02403846153846154
0 0.28125 0.639423076923077 0.02403846153846154 0.02403846153846154
0 0.3341346153846154 0.6129807692307693 0.02403846153846154 0.02403846153846154
0 0.11778846153846155 0.5793269230769231 0.02403846153846154 0.02403846153846154
0 0.22115384615384617 0.5528846153846154 0.02403846153846154 0.02403846153846154
0 0.6995192307692308 0.5552884615384616 0.02403846153846154 0.02403846153846154
0 0.13701923076923078 0.5384615384615385 0.02403846153846154 0.02403846153846154
0 0.07932692307692309 0.5336538461538461 0.02403846153846154 0.02403846153846154
0 0.858173076923077 0.5240384615384616 0.02403846153846154 0.02403846153846154
0 0.8221153846153847 0.4879807692307693 0.02403846153846154 0.02403846153846154
0 0.32211538461538464 0.4278846153846154 0.02403846153846154 0.02403846153846154
0 0.08653846153846154 0.39903846153846156 0.02403846153846154 0.02403846153846154
0 0.4086538461538462 0.40384615384615385 0.02403846153846154 0.02403846153846154
0 0.12740384615384617 0.4014423076923077 0.02403846153846154 0.02403846153846154
0 0.5216346153846154 0.3629807692307693 0.02403846153846154 0.02403846153846154
0 0.25961538461538464 0.3125 0.02403846153846154 0.02403846153846154
0 0.125 0.2884615384615385 0.02403846153846154 0.02403846153846154
0 0.3245192307692308 0.28365384615384615 0.02403846153846154 0.02403846153846154
0 0.2644230769230769 0.21634615384615385 0.02403846153846154 0.02403846153846154
0 0.2956730769230769 0.21875 0.02403846153846154 0.02403846153846154
0 0.4519230769230769 0.19951923076923078 0.02403846153846154 0.02403846153846154
0 0.9639423076923077 0.19951923076923078 0.02403846153846154 0.02403846153846154
0 0.3076923076923077 0.1875 0.02403846153846154 0.02403846153846154
0 0.4182692307692308 0.1826923076923077 0.02403846153846154 0.02403846153846154
0 0.6778846153846154 0.1778846153846154 0.02403846153846154 0.02403846153846154
0 0.040865384615384616 0.17067307692307693 0.02403846153846154 0.02403846153846154
0 0.37259615384615385 0.125 0.02403846153846154 0.02403846153846154
0 0.10096153846153846 0.10336538461538462 0.02403846153846154 0.02403846153846154
0 0.04326923076923077 0.09375 0.02403846153846154 0.02403846153846154
0 0.10096153846153846 0.07451923076923077 0.02403846153846154 0.02403846153846154
0 0.25961538461538464 0.05288461538461539 0.02403846153846154 0.02403846153846154
0 0.06971153846153846 0.057692307692307696 0.02403846153846154 0.02403846153846154
0 0.29086538461538464 0.040865384615384616 0.02403846153846154 0.02403846153846154
0 0.639423076923077 0.02403846153846154 0.02403846153846154 0.02403846153846154
0 0.06730769230769232 0.02403846153846154 0.02403846153846154 0.02403846153846154
0 0.639423076923077 0.9471153846153847 0.02403846153846154 0.02403846153846154
0 0.6346153846153847 0.8245192307692308 0.02403846153846154 0.02403846153846154
0 0.040865384615384616 0.46153846153846156 0.02403846153846154 0.02403846153846154
0 0.9423076923076924 0.6875 0.02403846153846154 0.02403846153846154
0 0.75 0.701923076923077 0.02403846153846154 0.02403846153846154
0 0.44230769230769235 0.84375 0.02403846153846154 0.02403846153846154
0 0.34375 0.14423076923076925 0.02403846153846154 0.02403846153846154
