0 0.19711538461538464 0.8245192307692308 0.02403846153846154 0.02403846153846154
0 0.7740384615384616 0.7932692307692308 0.02403846153846154 0.02403846153846154
0 0.7692307692307693 0.7596153846153847 0.02403846153846154 0.02403846153846154
0 0.2668269230769231 0.7115384615384616 0.02403846153846154 0.02403846153846154
0 0.3653846153846154 0.6947115384615385 0.02403846153846154 0.02403846153846154
0 0.2091346153846154 0.6754807692307693 0.02403846153846154 0.02403846153846154
0 0.10336538461538462 0.6682692307692308 0.02403846153846154 0.02403846153846154
0 0.875 0.5841346153846154 0.02403846153846154 0.02403846153846154
0 0.7115384615384616 0.6298076923076923 0.02403846153846154 0.02403846153846154
0 0.8317307692307693 0.5120192307692308 0.02403846153846154 0.02403846153846154
0 0.10817307692307693 0.4903846153846154 0.02403846153846154 0.02403846153846154
0 0.5 0.49278846153846156 0.02403846153846154 0.02403846153846154
0 0.02403846153846154 0.4903846153846154 0.02403846153846154 0.02403846153846154
0 0.02403846153846154 0.4567307692307693 0.02403846153846154 0.02403846153846154
0 0.3966346153846154 0.4567307692307693 0.02403846153846154 0.02403846153846154
0 0.5961538461538461 0.4134615384615385 0.02403846153846154 0.02403846153846154
0 0.05288461538461539 0.41105769230769235 0.02403846153846154 0.02403846153846154
0 0.08413461538461539 0.40625 0.02403846153846154 0.02403846153846154
0 0.3197115384615385 0.3918269230769231 0.02403846153846154 0.02403846153846154
0 0.040865384615384616 0.375 0.02403846153846154 0.02403846153846154
0 0.19471153846153846 0.375 0.02403846153846154 0.02403846153846154
0 0.026442307692307696 0.3389423076923077 0.02403846153846154 0.02403846153846154
0 0.25240384615384615 0.31490384615384615 0.02403846153846154 0.02403846153846154
0 0.44230769230769235 0.31490384615384615 0.02403846153846154 0.02403846153846154
0 0.1201923076923077 0.30528846153846156 0.02403846153846154 0.02403846153846154
0 0.2091346153846154 0.2980769230769231 0.02403846153846154 0.02403846153846154
0 0.22115384615384617 0.2716346153846154 0.02403846153846154 0.02403846153846154
0 0.10096153846153846 0.2716346153846154 0.02403846153846154 0.02403846153846154
0 0.22836538461538464 0.25480769230769235 0.02403846153846154 0.02403846153846154
0 0.03365384615384616 0.22355769230769232 0.02403846153846154 0.02403846153846154
0 0.71875 0.22115384615384617 0.02403846153846154 0.02403846153846154
0 0.41586538461538464 0.21634615384615385 0.02403846153846154 0.02403846153846154
0 0.16346153846153846 0.19471153846153846 0.02403846153846154 0.02403846153846154
0 0.5600961538461539 0.18509615384615385 0.02403846153846154 0.02403846153846154
0 0.9350961538461539 0.15625 0.02403846153846154 0.02403846153846154
0 0.06971153846153846 0.15625 0.02403846153846154 0.02403846153846154
0 0.6802884615384616 0.1514423076923077 0.02403846153846154 0.02403846153846154
0 0.670673076923077 0.13942307692307693 0.02403846153846154 0.02403846153846154
0 0.22355769230769232 0.14182692307692307 0.02403846153846154 0.02403846153846154
0 0.32211538461538464 0.12740384615384617 0.02403846153846154 0.02403846153846154
0 0.39903846153846156 0.11538461538461539 0.02403846153846154 0.02403846153846154
0 0.03125 0.10576923076923078 0.02403846153846154 0.02403846153846154
0 0.2692307692307693 0.09134615384615385 0.02403846153846154 0.02403846153846154
0 0.040865384615384616 0.07211538461538462 0.02403846153846154 0.02403846153846154
0 0.057692307692307696 0.03605769230769231 0.02403846153846154 0.02403846153846154
0 0.8557692307692308 0.04807692307692308 0.02403846153846154 0.02403846153846154
0 0.7836538461538461 0.19951923076923078 0.02403846153846154 0.02403846153846154
0 0.8221153846153847 0.1875 0.02403846153846154 0.02403846153846154
0 0.5793269230769231 0.04807692307692308 0.02403846153846154 0.02403846153846154
0 0.3966346153846154 0.3653846153846154 0.02403846153846154 0.02403846153846154
0 0.48557692307692313 0.4591346153846154 0.02403846153846154 0.02403846153846154
0 0.41586538461538464 0.545673076923077 0.02403846153846154 0.02403846153846154
0 0.34375 0.5336538461538461 0.02403846153846154 0.02403846153846154
0 0.5528846153846154 0.8413461538461539 0.02403846153846154 0.02403846153846154
0 0.5649038461538461 0.24278846153846156 0.02403846153846154 0.02403846153846154
0 0.6802884615384616 0.35336538461538464 0.02403846153846154 0.02403846153846154
0 0.9471153846153847 0.06009615384615385 0.02403846153846154 0.02403846153846154
0 0.46153846153846156 0.02403846153846154 0.02403846153846154 0.02403846153846154
0 0.701923076923077 0.08653846153846154 0.02403846153846154 0.02403846153846154
0 0.5384615384615385 0.0889423076923077 0.02403846153846154 0.02403846153846154
0 0.6033653846153847 0.08413461538461539 0.02403846153846154 0.02403846153846154
0 0.43509615384615385 0.07932692307692309 0.02403846153846154 0.02403846153846154
0 0.44230769230769235 0.14903846153846154 0.02403846153846154 0.02403846153846154
0 0.9278846153846154 0.2692307692307693 0.02403846153846154 0.02403846153846154
0 0.9254807692307693 0.46634615384615385 0.02403846153846154 0.02403846153846154
0 0.7860576923076924 0.5216346153846154 0.02403846153846154 0.02403846153846154
0 0.2716346153846154 0.7932692307692308 0.02403846153846154 0.02403846153846154
0 0.2043269230769231 0.4399038461538462 0.02403846153846154 0.02403846153846154
0 0.2139423076923077 0.03365384615384616 0.02403846153846154 0.02403846153846154
