0 0.43028846153846156 0.9495192307692308 0.02403846153846154 0.02403846153846154
0 0.9086538461538463 0.951923076923077 0.02403846153846154 0.02403846153846154
0 0.34615384615384615 0.9350961538461539 0.02403846153846154 0.02403846153846154
0 0.2884615384615385 0.9302884615384616 0.02403846153846154 0.02403846153846154
0 0.1778846153846154 0.8966346153846154 0.02403846153846154 0.02403846153846154
0 0.16105769230769232 0.8629807692307693 0.02403846153846154 0.02403846153846154
0 0.08653846153846154 0.826923076923077 0.02403846153846154 0.02403846153846154
0 0.53125 0.8245192307692308 0.02403846153846154 0.02403846153846154
0 0.18509615384615385 0.8076923076923077 0.02403846153846154 0.02403846153846154
0 0.2956730769230769 0.795673076923077 0.02403846153846154 0.02403846153846154
0 0.6177884615384616 0.8004807692307693 0.02403846153846154 0.02403846153846154
0 0.33653846153846156 0.7980769230769231 0.02403846153846154 0.02403846153846154
0 0.038461538461538464 0.7884615384615385 0.02403846153846154 0.02403846153846154
0 0.2091346153846154 0.7596153846153847 0.02403846153846154 0.02403846153846154
0 0.7307692307692308 0.7596153846153847 0.02403846153846154 0.02403846153846154
0 0.15384615384615385 0.7355769230769231 0.02403846153846154 0.02403846153846154
0 0.09375 0.7163461538461539 0.02403846153846154 0.02403846153846154
0 0.46875 0.7091346153846154 0.02403846153846154 0.02403846153846154
0 0.3341346153846154 0.6850961538461539 0.02403846153846154 0.02403846153846154
0 0.5336538461538461 0.6802884615384616 0.02403846153846154 0.02403846153846154
0 0.47355769230769235 0.6129807692307693 0.02403846153846154 0.02403846153846154
0 0.5048076923076923 0.6153846153846154 0.02403846153846154 0.02403846153846154
0 0.125 0.6057692307692308 0.02403846153846154 0.02403846153846154
0 0.23076923076923078 0.6009615384615385 0.02403846153846154 0.02403846153846154
0 0.09855769230769232 0.6033653846153847 0.02403846153846154 0.02403846153846154
0 0.6610576923076923 0.5961538461538461 0.02403846153846154 0.02403846153846154
0 0.5168269230769231 0.5841346153846154 0.02403846153846154 0.02403846153846154
0 0.6274038461538461 0.5793269230769231 0.02403846153846154 0.02403846153846154
0 0.8870192307692308 0.5745192307692308 0.02403846153846154 0.02403846153846154
0 0.1826923076923077 0.5649038461538461 0.02403846153846154 0.02403846153846154
0 0.25 0.5673076923076923 0.02403846153846154 0.02403846153846154
0 0.5817307692307693 0.5216346153846154 0.02403846153846154 0.02403846153846154
0 0.31009615384615385 0.5 0.02403846153846154 0.02403846153846154
0 0.25240384615384615 0.4903846153846154 0.02403846153846154 0.02403846153846154
0 0.31009615384615385 0.4711538461538462 0.02403846153846154 0.02403846153846154
0 0.46875 0.4495192307692308 0.02403846153846154 0.02403846153846154
0 0.27884615384615385 0.45432692307692313 0.02403846153846154 0.02403846153846154
0 0.06971153846153846 0.44711538461538464 0.02403846153846154 0.02403846153846154
0 0.5 0.4375 0.02403846153846154 0.02403846153846154
0 0.08173076923076923 0.43028846153846156 0.02403846153846154 0.02403846153846154
0 0.8485576923076924 0.4206730769230769 0.02403846153846154 0.02403846153846154
0 0.2764423076923077 0.4206730769230769 0.02403846153846154 0.02403846153846154
0 0.608173076923077 0.3966346153846154 0.02403846153846154 0.02403846153846154
0 0.3269230769230769 0.3918269230769231 0.02403846153846154 0.02403846153846154
0 0.23076923076923078 0.3870192307692308 0.02403846153846154 0.02403846153846154
0 0.5120192307692308 0.375 0.02403846153846154 0.02403846153846154
0 0.65625 0.3389423076923077 0.02403846153846154 0.02403846153846154
0 0.27884615384615385 0.3245192307692308 0.02403846153846154 0.02403846153846154
0 0.34615384615384615 0.32211538461538464 0.02403846153846154 0.02403846153846154
0 0.125 0.3245192307692308 0.02403846153846154 0.02403846153846154
0 0.9182692307692308 0.3076923076923077 0.02403846153846154 0.02403846153846154
0 0.5024038461538461 0.2980769230769231 0.02403846153846154 0.02403846153846154
0 0.40384615384615385 0.2956730769230769 0.02403846153846154 0.02403846153846154
0 0.3125 0.2716346153846154 0.02403846153846154 0.02403846153846154
0 0.8605769230769231 0.2716346153846154 0.02403846153846154 0.02403846153846154
0 0.7548076923076924 0.2644230769230769 0.02403846153846154 0.02403846153846154
0 0.06730769230769232 0.2451923076923077 0.02403846153846154 0.02403846153846154
0 0.1875 0.19951923076923078 0.02403846153846154 0.02403846153846154
0 0.5 0.19711538461538464 0.02403846153846154 0.02403846153846154
0 0.10096153846153846 0.18509615384615385 0.02403846153846154 0.02403846153846154
0 0.5264423076923077 0.1875 0.02403846153846154 0.02403846153846154
0 0.49759615384615385 0.16346153846153846 0.02403846153846154 0.02403846153846154
0 0.3605769230769231 0.14182692307692307 0.02403846153846154 0.02403846153846154
0 0.12740384615384617 0.09375 0.02403846153846154 0.02403846153846154
0 0.03125 0.09134615384615385 0.02403846153846154 0.02403846153846154
0 0.4326923076923077 0.08653846153846154 0.02403846153846154 0.02403846153846154
0 0.7596153846153847 0.08653846153846154 0.02403846153846154 0.02403846153846154
0 0.20673076923076925 0.08653846153846154 0.02403846153846154 0.02403846153846154
0 0.6754807692307693 0.08653846153846154 0.02403846153846154 0.02403846153846154
0 0.11057692307692309 0.05288461538461539 0.02403846153846154 0.02403846153846154
0 0.6754807692307693 0.05288461538461539 0.02403846153846154 0.02403846153846154
0 0.3317307692307693 0.026442307692307696 0.02403846153846154 0.02403846153846154
0 0.4399038461538462 0.028846153846153848 0.02403846153846154 0.02403846153846154
0 0.6490384615384616 0.28125 0.02403846153846154 0.02403846153846154
0 0.10096153846153846 0.11538461538461539 0.02403846153846154 0.02403846153846154
0 0.25 0.858173076923077 0.02403846153846154 0.02403846153846154
0 0.9230769230769231 0.3894230769230769 0.02403846153846154 0.02403846153846154
0 0.8557692307692308 0.03605769230769231 0.02403846153846154 0.02403846153846154
0 0.5528846153846154 0.5408653846153847 0.02403846153846154 0.02403846153846154
0 0.4447115384615385 0.4014423076923077 0.02403846153846154 0.02403846153846154
