0 0.576923076923077 0.9711538461538463 0.02403846153846154 0.02403846153846154
0 0.47836538461538464 0.96875 0.02403846153846154 0.02403846153846154
0 0.3870192307692308 0.9447115384615385 0.02403846153846154 0.02403846153846154
0 0.9350961538461539 0.9447115384615385 0.02403846153846154 0.02403846153846154
0 0.8293269230769231 0.9375 0.02403846153846154 0.02403846153846154
0 0.14182692307692307 0.9182692307692308 0.02403846153846154 0.02403846153846154
0 0.2620192307692308 0.8725961538461539 0.02403846153846154 0.02403846153846154
0 0.5745192307692308 0.8701923076923077 0.02403846153846154 0.02403846153846154
0 0.17548076923076925 0.858173076923077 0.02403846153846154 0.02403846153846154
0 0.6009615384615385 0.8605769230769231 0.02403846153846154 0.02403846153846154
0 0.038461538461538464 0.8389423076923077 0.02403846153846154 0.02403846153846154
0 0.5721153846153847 0.8365384615384616 0.02403846153846154 0.02403846153846154
0 0.06971153846153846 0.8389423076923077 0.02403846153846154 0.02403846153846154
0 0.057692307692307696 0.8245192307692308 0.02403846153846154 0.02403846153846154
0 0.43509615384615385 0.8149038461538461 0.02403846153846154 0.02403846153846154
0 0.20192307692307693 0.7668269230769231 0.02403846153846154 0.02403846153846154
0 0.10576923076923078 0.764423076923077 0.02403846153846154 0.02403846153846154
0 0.5072115384615384 0.7596153846153847 0.02403846153846154 0.02403846153846154
0 0.8341346153846154 0.7596153846153847 0.02403846153846154 0.02403846153846154
0 0.28125 0.7596153846153847 0.02403846153846154 0.02403846153846154
0 0.75 0.7596153846153847 0.02403846153846154 0.02403846153846154
0 0.18509615384615385 0.7259615384615385 0.02403846153846154 0.02403846153846154
0 0.75 0.7259615384615385 0.02403846153846154 0.02403846153846154
0 0.40625 0.6995192307692308 0.02403846153846154 0.02403846153846154
0 0.514423076923077 0.701923076923077 0.02403846153846154 0.02403846153846154
0 0.026442307692307696 0.6995192307692308 0.02403846153846154 0.02403846153846154
0 0.3245192307692308 0.6850961538461539 0.02403846153846154 0.02403846153846154
0 0.7788461538461539 0.6802884615384616 0.02403846153846154 0.02403846153846154
0 0.8100961538461539 0.6754807692307693 0.02403846153846154 0.02403846153846154
0 0.5432692307692308 0.6730769230769231 0.02403846153846154 0.02403846153846154
0 0.14903846153846154 0.6730769230769231 0.02403846153846154 0.02403846153846154
0 0.20673076923076925 0.6610576923076923 0.02403846153846154 0.02403846153846154
0 0.7091346153846154 0.65625 0.02403846153846154 0.02403846153846154
0 0.6177884615384616 0.6466346153846154 0.02403846153846154 0.02403846153846154
0 0.7668269230769231 0.6442307692307693 0.02403846153846154 0.02403846153846154
0 0.920673076923077 0.6442307692307693 0.02403846153846154 0.02403846153846154
0 0.4278846153846154 0.6322115384615385 0.02403846153846154 0.02403846153846154
0 0.6177884615384616 0.6177884615384616 0.02403846153846154 0.02403846153846154
0 0.5072115384615384 0.6201923076923077 0.02403846153846154 0.02403846153846154
0 0.7524038461538461 0.608173076923077 0.02403846153846154 0.02403846153846154
0 0.4711538461538462 0.6057692307692308 0.02403846153846154 0.02403846153846154
0 0.19230769230769232 0.6057692307692308 0.02403846153846154 0.02403846153846154
0 0.7067307692307693 0.6057692307692308 0.02403846153846154 0.02403846153846154
0 0.3004807692307693 0.5865384615384616 0.02403846153846154 0.02403846153846154
0 0.08653846153846154 0.5841346153846154 0.02403846153846154 0.02403846153846154
0 0.8461538461538463 0.5745192307692308 0.02403846153846154 0.02403846153846154
0 0.9350961538461539 0.5673076923076923 0.02403846153846154 0.02403846153846154
0 0.5673076923076923 0.5625 0.02403846153846154 0.02403846153846154
0 0.9471153846153847 0.5408653846153847 0.02403846153846154 0.02403846153846154
0 0.826923076923077 0.5408653846153847 0.02403846153846154 0.02403846153846154
0 0.6057692307692308 0.5384615384615385 0.02403846153846154 0.02403846153846154
0 0.39903846153846156 0.5288461538461539 0.02403846153846154 0.02403846153846154
0 0.9543269230769231 0.5240384615384616 0.02403846153846154 0.02403846153846154
0 0.5288461538461539 0.5264423076923077 0.02403846153846154 0.02403846153846154
0 0.15625 0.5264423076923077 0.02403846153846154 0.02403846153846154
0 0.5 0.5192307692307693 0.02403846153846154 0.02403846153846154
0 0.6634615384615385 0.5120192307692308 0.02403846153846154 0.02403846153846154
0 0.7596153846153847 0.49278846153846156 0.02403846153846154 0.02403846153846154
0 0.639423076923077 0.4831730769230769 0.02403846153846154 0.02403846153846154
0 0.17307692307692307 0.48557692307692313 0.02403846153846154 0.02403846153846154
0 0.06971153846153846 0.4807692307692308 0.02403846153846154 0.02403846153846154
0 0.3341346153846154 0.47836538461538464 0.02403846153846154 0.02403846153846154
0 0.7091346153846154 0.47355769230769235 0.02403846153846154 0.02403846153846154
0 0.25480769230769235 0.4807692307692308 0.02403846153846154 0.02403846153846154
0 0.3653846153846154 0.46875 0.02403846153846154 0.02403846153846154
0 0.889423076923077 0.4639423076923077 0.02403846153846154 0.02403846153846154
0 0.028846153846153848 0.4567307692307693 0.02403846153846154 0.02403846153846154
0 0.5841346153846154 0.43509615384615385 0.02403846153846154 0.02403846153846154
0 0.38461538461538464 0.4278846153846154 0.02403846153846154 0.02403846153846154
0 0.795673076923077 0.4254807692307693 0.02403846153846154 0.02403846153846154
0 0.6634615384615385 0.4182692307692308 0.02403846153846154 0.02403846153846154
0 0.9495192307692308 0.41105769230769235 0.02403846153846154 0.02403846153846154
0 0.42307692307692313 0.41105769230769235 0.02403846153846154 0.02403846153846154
0 0.40625 0.40384615384615385 0.02403846153846154 0.02403846153846154
0 0.5649038461538461 0.3966346153846154 0.02403846153846154 0.02403846153846154
0 0.6754807692307693 0.3918269230769231 0.02403846153846154 0.02403846153846154
0 0.24278846153846156 0.3870192307692308 0.02403846153846154 0.02403846153846154
0 0.05288461538461539 0.37980769230769235 0.02403846153846154 0.02403846153846154
0 0.3125 0.375 0.02403846153846154 0.02403846153846154
0 0.7572115384615385 0.375 0.02403846153846154 0.02403846153846154
0 0.4807692307692308 0.34615384615384615 0.02403846153846154 0.02403846153846154
0 0.7668269230769231 0.34134615384615385 0.02403846153846154 0.02403846153846154
0 0.40384615384615385 0.3341346153846154 0.02403846153846154 0.02403846153846154
0 0.15625 0.3317307692307693 0.02403846153846154 0.02403846153846154
0 0.22596153846153846 0.31490384615384615 0.02403846153846154 0.02403846153846154
0 0.7836538461538461 0.30528846153846156 0.02403846153846154 0.02403846153846154
0 0.65625 0.2956730769230769 0.02403846153846154 0.02403846153846154
0 0.3028846153846154 0.2956730769230769 0.02403846153846154 0.02403846153846154
0 0.8004807692307693 0.28365384615384615 0.02403846153846154 0.02403846153846154
0 0.8413461538461539 0.28125 0.02403846153846154 0.02403846153846154
0 0.7403846153846154 0.27884615384615385 0.02403846153846154 0.02403846153846154
0 0.8846153846153847 0.2716346153846154 0.02403846153846154 0.02403846153846154
0 0.7860576923076924 0.2620192307692308 0.02403846153846154 0.02403846153846154
0 0.5600961538461539 0.2572115384615385 0.02403846153846154 0.02403846153846154
0 0.4134615384615385 0.23317307692307693 0.02403846153846154 0.02403846153846154
0 0.16105769230769232 0.2355769230769231 0.02403846153846154 0.02403846153846154
0 0.3870192307692308 0.23798076923076925 0.02403846153846154 0.02403846153846154
0 0.5889423076923077 0.22596153846153846 0.02403846153846154 0.02403846153846154
0 0.7908653846153847 0.22355769230769232 0.02403846153846154 0.02403846153846154
0 0.03365384615384616 0.2043269230769231 0.02403846153846154 0.02403846153846154
0 0.8822115384615385 0.20192307692307693 0.02403846153846154 0.02403846153846154
0 0.764423076923077 0.19471153846153846 0.02403846153846154 0.02403846153846154
0 0.5913461538461539 0.19230769230769232 0.02403846153846154 0.02403846153846154
0 0.23798076923076925 0.19471153846153846 0.02403846153846154 0.02403846153846154
0 0.17307692307692307 0.18028846153846154 0.02403846153846154 0.02403846153846154
0 0.59375 0.17307692307692307 0.02403846153846154 0.02403846153846154
0 0.39903846153846156 0.17067307692307693 0.02403846153846154 0.02403846153846154
0 0.5913461538461539 0.14182692307692307 0.02403846153846154 0.02403846153846154
0 0.514423076923077 0.1466346153846154 0.02403846153846154 0.02403846153846154
0 0.25 0.14182692307692307 0.02403846153846154 0.02403846153846154
0 0.90625 0.13701923076923078 0.02403846153846154 0.02403846153846154
0 0.2668269230769231 0.12740384615384617 0.02403846153846154 0.02403846153846154
0 0.7163461538461539 0.125 0.02403846153846154 0.02403846153846154
0 0.03605769230769231 0.1201923076923077 0.02403846153846154 0.02403846153846154
0 0.23798076923076925 0.11538461538461539 0.02403846153846154 0.02403846153846154
0 0.6730769230769231 0.11057692307692309 0.02403846153846154 0.02403846153846154
0 0.46153846153846156 0.10817307692307693 0.02403846153846154 0.02403846153846154
0 0.7475961538461539 0.09134615384615385 0.02403846153846154 0.02403846153846154
0 0.5817307692307693 0.0889423076923077 0.02403846153846154 0.02403846153846154
0 0.2451923076923077 0.08413461538461539 0.02403846153846154 0.02403846153846154
0 0.8942307692307693 0.07692307692307693 0.02403846153846154 0.02403846153846154
0 0.19711538461538464 0.07211538461538462 0.02403846153846154 0.02403846153846154
0 0.7620192307692308 0.05048076923076923 0.02403846153846154 0.02403846153846154
0 0.23317307692307693 0.04807692307692308 0.02403846153846154 0.02403846153846154
0 0.5 0.04567307692307693 0.02403846153846154 0.02403846153846154
0 0.46153846153846156 0.05048076923076923 0.02403846153846154 0.02403846153846154
0 0.7043269230769231 0.04326923076923077 0.02403846153846154 0.02403846153846154
0 0.7235576923076924 0.9543269230769231 0.02403846153846154 0.02403846153846154
0 0.2644230769230769 0.5865384615384616 0.02403846153846154 0.02403846153846154
0 0.17548076923076925 0.7884615384615385 0.02403846153846154 0.02403846153846154
0 0.12740384615384617 0.6442307692307693 0.02403846153846154 0.02403846153846154
0 0.9302884615384616 0.7091346153846154 0.02403846153846154 0.02403846153846154
0 0.4903846153846154 0.1826923076923077 0.02403846153846154 0.02403846153846154
0 0.16826923076923078 0.36778846153846156 0.02403846153846154 0.02403846153846154
0 0.9591346153846154 0.05288461538461539 0.02403846153846154 0.02403846153846154
0 0.8413461538461539 0.15865384615384617 0.02403846153846154 0.02403846153846154
0 0.9399038461538463 0.3028846153846154 0.02403846153846154 0.02403846153846154
