0 0.3028846153846154 0.9639423076923077 0.02403846153846154 0.02403846153846154
0 0.7235576923076924 0.9326923076923077 0.02403846153846154 0.02403846153846154
0 0.09615384615384616 0.9158653846153847 0.02403846153846154 0.02403846153846154
0 0.3389423076923077 0.8990384615384616 0.02403846153846154 0.02403846153846154
0 0.44711538461538464 0.8846153846153847 0.02403846153846154 0.02403846153846154
0 0.34375 0.8774038461538463 0.02403846153846154 0.02403846153846154
0 0.5120192307692308 0.875 0.02403846153846154 0.02403846153846154
0 0.24759615384615385 0.858173076923077 0.02403846153846154 0.02403846153846154
0 0.3028846153846154 0.8389423076923077 0.02403846153846154 0.02403846153846154
0 0.17548076923076925 0.8365384615384616 0.02403846153846154 0.02403846153846154
0 0.38461538461538464 0.8245192307692308 0.02403846153846154 0.02403846153846154
0 0.8413461538461539 0.7932692307692308 0.02403846153846154 0.02403846153846154
0 0.625 0.7980769230769231 0.02403846153846154 0.02403846153846154
0 0.3822115384615385 0.7716346153846154 0.02403846153846154 0.02403846153846154
0 0.4879807692307693 0.7740384615384616 0.02403846153846154 0.02403846153846154
0 0.6754807692307693 0.7379807692307693 0.02403846153846154 0.02403846153846154
0 0.9014423076923077 0.7259615384615385 0.02403846153846154 0.02403846153846154
0 0.2620192307692308 0.7067307692307693 0.02403846153846154 0.02403846153846154
0 0.6057692307692308 0.701923076923077 0.02403846153846154 0.02403846153846154
0 0.27403846153846156 0.6754807692307693 0.02403846153846154 0.02403846153846154
0 0.7235576923076924 0.6730769230769231 0.02403846153846154 0.02403846153846154
0 0.06730769230769232 0.6418269230769231 0.02403846153846154 0.02403846153846154
0 0.2043269230769231 0.5721153846153847 0.02403846153846154 0.02403846153846154
0 0.9254807692307693 0.545673076923077 0.02403846153846154 0.02403846153846154
0 0.6274038461538461 0.5528846153846154 0.02403846153846154 0.02403846153846154
0 0.6586538461538461 0.5360576923076923 0.02403846153846154 0.02403846153846154
0 0.47836538461538464 0.5240384615384616 0.02403846153846154 0.02403846153846154
0 0.5865384615384616 0.4807692307692308 0.02403846153846154 0.02403846153846154
0 0.4014423076923077 0.4807692307692308 0.02403846153846154 0.02403846153846154
0 0.8197115384615385 0.4759615384615385 0.02403846153846154 0.02403846153846154
0 0.8341346153846154 0.4711538461538462 0.02403846153846154 0.02403846153846154
0 0.8413461538461539 0.46153846153846156 0.02403846153846154 0.02403846153846154
0 0.03605769230769231 0.4326923076923077 0.02403846153846154 0.02403846153846154
0 0.07211538461538462 0.40384615384615385 0.02403846153846154 0.02403846153846154
0 0.7836538461538461 0.38461538461538464 0.02403846153846154 0.02403846153846154
0 0.125 0.3774038461538462 0.02403846153846154 0.02403846153846154
0 0.4903846153846154 0.3197115384615385 0.02403846153846154 0.02403846153846154
0 0.951923076923077 0.2884615384615385 0.02403846153846154 0.02403846153846154
0 0.6490384615384616 0.2884615384615385 0.02403846153846154 0.02403846153846154
0 0.8605769230769231 0.2668269230769231 0.02403846153846154 0.02403846153846154
0 0.6129807692307693 0.25240384615384615 0.02403846153846154 0.02403846153846154
0 0.7908653846153847 0.22596153846153846 0.02403846153846154 0.02403846153846154
0 0.11298076923076923 0.19230769230769232 0.02403846153846154 0.02403846153846154
0 0.19951923076923078 0.16826923076923078 0.02403846153846154 0.02403846153846154
0 0.3125 0.12740384615384617 0.02403846153846154 0.02403846153846154
0 0.05048076923076923 0.07692307692307693 0.02403846153846154 0.02403846153846154
0 0.11538461538461539 0.04807692307692308 0.02403846153846154 0.02403846153846154
0 0.6442307692307693 0.8629807692307693 0.02403846153846154 0.02403846153846154
0 0.7163461538461539 0.8389423076923077 0.02403846153846154 0.02403846153846154
0 0.20673076923076925 0.9230769230769231 0.02403846153846154 0.02403846153846154
0 0.43028846153846156 0.7115384615384616 0.02403846153846154 0.02403846153846154
0 0.4254807692307693 0.5889423076923077 0.02403846153846154 0.02403846153846154
0 0.733173076923077 0.4519230769230769 0.02403846153846154 0.02403846153846154
0 0.5408653846153847 0.46634615384615385 0.02403846153846154 0.02403846153846154
0 0.23317307692307693 0.608173076923077 0.02403846153846154 0.02403846153846154
