0 0.9326923076923077 0.8629807692307693 0.02403846153846154 0.02403846153846154
0 0.2091346153846154 0.8413461538461539 0.02403846153846154 0.02403846153846154
0 0.6009615384615385 0.84375 0.02403846153846154 0.02403846153846154
0 0.125 0.8413461538461539 0.02403846153846154 0.02403846153846154
0 0.125 0.8076923076923077 0.02403846153846154 0.02403846153846154
0 0.49759615384615385 0.8076923076923077 0.02403846153846154 0.02403846153846154
0 0.6971153846153847 0.764423076923077 0.02403846153846154 0.02403846153846154
0 0.15384615384615385 0.7620192307692308 0.02403846153846154 0.02403846153846154
0 0.18509615384615385 0.7572115384615385 0.02403846153846154 0.02403846153846154
0 0.4206730769230769 0.7427884615384616 0.02403846153846154 0.02403846153846154
0 0.08413461538461539 0.7379807692307693 0.02403846153846154 0.02403846153846154
0 0.14182692307692307 0.7259615384615385 0.02403846153846154 0.02403846153846154
0 0.2956730769230769 0.7259615384615385 0.02403846153846154 0.02403846153846154
0 0.12740384615384617 0.6899038461538461 0.02403846153846154 0.02403846153846154
0 0.08173076923076923 0.6875 0.02403846153846154 0.02403846153846154
0 0.35336538461538464 0.6658653846153847 0.02403846153846154 0.02403846153846154
0 0.5432692307692308 0.6658653846153847 0.02403846153846154 0.02403846153846154
0 0.22115384615384617 0.65625 0.02403846153846154 0.02403846153846154
0 0.31009615384615385 0.6490384615384616 0.02403846153846154 0.02403846153846154
0 0.32211538461538464 0.6225961538461539 0.02403846153846154 0.02403846153846154
0 0.20192307692307693 0.6225961538461539 0.02403846153846154 0.02403846153846154
0 0.3293269230769231 0.6057692307692308 0.02403846153846154 0.02403846153846154
0 0.038461538461538464 0.59375 0.02403846153846154 0.02403846153846154
0 0.13461538461538464 0.5745192307692308 0.02403846153846154 0.02403846153846154
0 0.8197115384615385 0.5721153846153847 0.02403846153846154 0.02403846153846154
0 0.5168269230769231 0.5673076923076923 0.02403846153846154 0.02403846153846154
0 0.08413461538461539 0.5552884615384616 0.02403846153846154 0.02403846153846154
0 0.2644230769230769 0.545673076923077 0.02403846153846154 0.02403846153846154
0 0.6610576923076923 0.5360576923076923 0.02403846153846154 0.02403846153846154
0 0.17067307692307693 0.5072115384615384 0.02403846153846154 0.02403846153846154
0 0.78125 0.5024038461538461 0.02403846153846154 0.02403846153846154
0 0.038461538461538464 0.5 0.02403846153846154 0.02403846153846154
0 0.7716346153846154 0.4903846153846154 0.02403846153846154 0.02403846153846154
0 0.3245192307692308 0.49278846153846156 0.02403846153846154 0.02403846153846154
0 0.42307692307692313 0.47836538461538464 0.02403846153846154 0.02403846153846154
0 0.05048076923076923 0.47355769230769235 0.02403846153846154 0.02403846153846154
0 0.5 0.46634615384615385 0.02403846153846154 0.02403846153846154
0 0.13221153846153846 0.4567307692307693 0.02403846153846154 0.02403846153846154
0 0.3701923076923077 0.44230769230769235 0.02403846153846154 0.02403846153846154
0 0.14182692307692307 0.42307692307692313 0.02403846153846154 0.02403846153846154
0 0.15865384615384617 0.3870192307692308 0.02403846153846154 0.02403846153846154
0 0.03125 0.3774038461538462 0.02403846153846154 0.02403846153846154
0 0.17548076923076925 0.3653846153846154 0.02403846153846154 0.02403846153846154
0 0.21634615384615385 0.3629807692307693 0.02403846153846154 0.02403846153846154
0 0.11538461538461539 0.3605769230769231 0.02403846153846154 0.02403846153846154
0 0.5024038461538461 0.35336538461538464 0.02403846153846154 0.02403846153846154
0 0.25961538461538464 0.35336538461538464 0.02403846153846154 0.02403846153846154
0 0.16105769230769232 0.34375 0.02403846153846154 0.02403846153846154
0 0.16586538461538464 0.30528846153846156 0.02403846153846154 0.02403846153846154
0 0.6610576923076923 0.28605769230769235 0.02403846153846154 0.02403846153846154
0 0.2572115384615385 0.28365384615384615 0.02403846153846154 0.02403846153846154
0 0.13942307692307693 0.2764423076923077 0.02403846153846154 0.02403846153846154
0 0.9278846153846154 0.25961538461538464 0.02403846153846154 0.02403846153846154
0 0.49759615384615385 0.25 0.02403846153846154 0.02403846153846154
0 0.3653846153846154 0.2355769230769231 0.02403846153846154 0.02403846153846154
0 0.41105769230769235 0.22836538461538464 0.02403846153846154 0.02403846153846154
0 0.5865384615384616 0.2139423076923077 0.02403846153846154 0.02403846153846154
0 0.28125 0.21875 0.02403846153846154 0.02403846153846154
0 0.09134615384615385 0.20673076923076925 0.02403846153846154 0.02403846153846154
0 0.514423076923077 0.20192307692307693 0.02403846153846154 0.02403846153846154
0 0.6298076923076923 0.19471153846153846 0.02403846153846154 0.02403846153846154
0 0.04807692307692308 0.19230769230769232 0.02403846153846154 0.02403846153846154
0 0.5528846153846154 0.18990384615384617 0.02403846153846154 0.02403846153846154
0 0.12259615384615385 0.17307692307692307 0.02403846153846154 0.02403846153846154
0 0.5841346153846154 0.17067307692307693 0.02403846153846154 0.02403846153846154
0 0.2692307692307693 0.15865384615384617 0.02403846153846154 0.02403846153846154
0 0.608173076923077 0.1514423076923077 0.02403846153846154 0.02403846153846154
0 0.13701923076923078 0.13221153846153846 0.02403846153846154 0.02403846153846154
0 0.07932692307692309 0.125 0.02403846153846154 0.02403846153846154
0 0.90625 0.12259615384615385 0.02403846153846154 0.02403846153846154
0 0.8918269230769231 0.11298076923076923 0.02403846153846154 0.02403846153846154
0 0.3918269230769231 0.11057692307692309 0.02403846153846154 0.02403846153846154
0 0.4375 0.10336538461538462 0.02403846153846154 0.02403846153846154
0 0.04807692307692308 0.10096153846153846 0.02403846153846154 0.02403846153846154
0 0.8245192307692308 0.09855769230769232 0.02403846153846154 0.02403846153846154
0 0.17548076923076925 0.08413461538461539 0.02403846153846154 0.02403846153846154
0 0.9471153846153847 0.08173076923076923 0.02403846153846154 0.02403846153846154
0 0.34855769230769235 0.07692307692307693 0.02403846153846154 0.02403846153846154
0 0.25480769230769235 0.07451923076923077 0.02403846153846154 0.02403846153846154
0 0.6418269230769231 0.07211538461538462 0.02403846153846154 0.02403846153846154
0 0.8533653846153847 0.07451923076923077 0.02403846153846154 0.02403846153846154
0 0.5408653846153847 0.06490384615384616 0.02403846153846154 0.02403846153846154
0 0.5961538461538461 0.06009615384615385 0.02403846153846154 0.02403846153846154
0 0.4326923076923077 0.04567307692307693 0.02403846153846154 0.02403846153846154
0 0.20673076923076925 0.038461538461538464 0.02403846153846154 0.02403846153846154
0 0.9567307692307693 0.39903846153846156 0.02403846153846154 0.02403846153846154
0 0.8846153846153847 0.5504807692307693 0.02403846153846154 0.02403846153846154
0 0.9230769230769231 0.5384615384615385 0.02403846153846154 0.02403846153846154
0 0.6802884615384616 0.39903846153846156 0.02403846153846154 0.02403846153846154
0 0.7379807692307693 0.3076923076923077 0.02403846153846154 0.02403846153846154
0 0.701923076923077 0.21634615384615385 0.02403846153846154 0.02403846153846154
0 0.7259615384615385 0.22596153846153846 0.02403846153846154 0.02403846153846154
0 0.7932692307692308 0.10336538461538462 0.02403846153846154 0.02403846153846154
0 0.49759615384615385 0.7163461538461539 0.02403846153846154 0.02403846153846154
0 0.5865384615384616 0.8100961538461539 0.02403846153846154 0.02403846153846154
0 0.5168269230769231 0.8966346153846154 0.02403846153846154 0.02403846153846154
0 0.4447115384615385 0.8846153846153847 0.02403846153846154 0.02403846153846154
0 0.6658653846153847 0.59375 0.02403846153846154 0.02403846153846154
0 0.78125 0.7043269230769231 0.02403846153846154 0.02403846153846154
0 0.9302884615384616 0.3701923076923077 0.02403846153846154 0.02403846153846154
0 0.71875 0.10576923076923078 0.02403846153846154 0.02403846153846154
0 0.5432692307692308 0.27884615384615385 0.02403846153846154 0.02403846153846154
0 0.514423076923077 0.31730769230769235 0.02403846153846154 0.02403846153846154
0 0.5625 0.375 0.02403846153846154 0.02403846153846154
0 0.8028846153846154 0.4375 0.02403846153846154 0.02403846153846154
0 0.639423076923077 0.4399038461538462 0.02403846153846154 0.02403846153846154
0 0.7043269230769231 0.43509615384615385 0.02403846153846154 0.02403846153846154
0 0.6899038461538461 0.36778846153846156 0.02403846153846154 0.02403846153846154
0 0.5360576923076923 0.43028846153846156 0.02403846153846154 0.02403846153846154
0 0.5432692307692308 0.5 0.02403846153846154 0.02403846153846154
0 0.8870192307692308 0.8725961538461539 0.02403846153846154 0.02403846153846154
0 0.30528846153846156 0.7908653846153847 0.02403846153846154 0.02403846153846154
0 0.9326923076923077 0.18028846153846154 0.02403846153846154 0.02403846153846154
0 0.8798076923076924 0.18028846153846154 0.02403846153846154 0.02403846153846154
0 0.8052884615384616 0.16105769230769232 0.02403846153846154 0.02403846153846154
0 0.44230769230769235 0.15384615384615385 0.02403846153846154 0.02403846153846154
0 0.38461538461538464 0.1826923076923077 0.02403846153846154 0.02403846153846154
0 0.3341346153846154 0.13461538461538464 0.02403846153846154 0.02403846153846154
0 0.21634615384615385 0.2403846153846154 0.02403846153846154 0.02403846153846154
0 0.3966346153846154 0.3605769230769231 0.02403846153846154 0.02403846153846154
0 0.31490384615384615 0.38461538461538464 0.02403846153846154 0.02403846153846154
0 0.5793269230769231 0.08413461538461539 0.02403846153846154 0.02403846153846154
0 0.4639423076923077 0.05288461538461539 0.02403846153846154 0.02403846153846154
