0 0.10817307692307693 0.96875 0.02403846153846154 0.02403846153846154
0 0.4519230769230769 0.9639423076923077 0.02403846153846154 0.02403846153846154
0 0.1201923076923077 0.9375 0.02403846153846154 0.02403846153846154
0 0.5697115384615385 0.9350961538461539 0.02403846153846154 0.02403846153846154
0 0.90625 0.8389423076923077 0.02403846153846154 0.02403846153846154
0 0.05048076923076923 0.8341346153846154 0.02403846153846154 0.02403846153846154
0 0.7716346153846154 0.8076923076923077 0.02403846153846154 0.02403846153846154
0 0.47355769230769235 0.8149038461538461 0.02403846153846154 0.02403846153846154
0 0.5048076923076923 0.7980769230769231 0.02403846153846154 0.02403846153846154
0 0.3245192307692308 0.7860576923076924 0.02403846153846154 0.02403846153846154
0 0.4326923076923077 0.7427884615384616 0.02403846153846154 0.02403846153846154
0 0.24759615384615385 0.7427884615384616 0.02403846153846154 0.02403846153846154
0 0.6658653846153847 0.7379807692307693 0.02403846153846154 0.02403846153846154
0 0.6802884615384616 0.733173076923077 0.02403846153846154 0.02403846153846154
0 0.6875 0.7235576923076924 0.02403846153846154 0.02403846153846154
0 0.6298076923076923 0.6466346153846154 0.02403846153846154 0.02403846153846154
0 0.875 0.6033653846153847 0.02403846153846154 0.02403846153846154
0 0.33653846153846156 0.5817307692307693 0.02403846153846154 0.02403846153846154
0 0.7980769230769231 0.5504807692307693 0.02403846153846154 0.02403846153846154
0 0.4951923076923077 0.5504807692307693 0.02403846153846154 0.02403846153846154
0 0.7067307692307693 0.5288461538461539 0.02403846153846154 0.02403846153846154
0 0.4591346153846154 0.514423076923077 0.02403846153846154 0.02403846153846154
0 0.6370192307692308 0.4879807692307693 0.02403846153846154 0.02403846153846154
0 0.04567307692307693 0.43028846153846156 0.02403846153846154 0.02403846153846154
0 0.15865384615384617 0.3894230769230769 0.02403846153846154 0.02403846153846154
0 0.0889423076923077 0.22596153846153846 0.02403846153846154 0.02403846153846154
0 0.6009615384615385 0.22596153846153846 0.02403846153846154 0.02403846153846154
0 0.05528846153846154 0.2091346153846154 0.02403846153846154 0.02403846153846154
0 0.31490384615384615 0.2043269230769231 0.02403846153846154 0.02403846153846154
0 0.2764423076923077 0.05048076923076923 0.02403846153846154 0.02403846153846154
0 0.03605769230769231 0.026442307692307696 0.02403846153846154 0.02403846153846154
0 0.2716346153846154 0.8509615384615385 0.02403846153846154 0.02403846153846154
0 0.5793269230769231 0.7139423076923077 0.02403846153846154 0.02403846153846154
0 0.3870192307692308 0.7283653846153847 0.02403846153846154 0.02403846153846154
0 0.07932692307692309 0.8701923076923077 0.02403846153846154 0.02403846153846154
0 0.6322115384615385 0.06730769230769232 0.02403846153846154 0.02403846153846154
