0 0.4951923076923077 0.9543269230769231 0.02403846153846154 0.02403846153846154
0 0.4375 0.9447115384615385 0.02403846153846154 0.02403846153846154
0 0.4951923076923077 0.9254807692307693 0.02403846153846154 0.02403846153846154
0 0.6538461538461539 0.9038461538461539 0.02403846153846154 0.02403846153846154
0 0.4639423076923077 0.9086538461538463 0.02403846153846154 0.02403846153846154
0 0.25480769230769235 0.9014423076923077 0.02403846153846154 0.02403846153846154
0 0.6850961538461539 0.8918269230769231 0.02403846153846154 0.02403846153846154
0 0.2668269230769231 0.8846153846153847 0.02403846153846154 0.02403846153846154
0 0.46153846153846156 0.875 0.02403846153846154 0.02403846153846154
0 0.7932692307692308 0.8509615384615385 0.02403846153846154 0.02403846153846154
0 0.5120192307692308 0.8461538461538463 0.02403846153846154 0.02403846153846154
0 0.07211538461538462 0.8461538461538463 0.02403846153846154 0.02403846153846154
0 0.41586538461538464 0.8413461538461539 0.02403846153846154 0.02403846153846154
0 0.6971153846153847 0.8293269230769231 0.02403846153846154 0.02403846153846154
0 0.8413461538461539 0.7932692307692308 0.02403846153846154 0.02403846153846154
0 0.4639423076923077 0.7788461538461539 0.02403846153846154 0.02403846153846154
0 0.53125 0.7764423076923077 0.02403846153846154 0.02403846153846154
0 0.31009615384615385 0.7788461538461539 0.02403846153846154 0.02403846153846154
0 0.6875 0.7524038461538461 0.02403846153846154 0.02403846153846154
0 0.5889423076923077 0.75 0.02403846153846154 0.02403846153846154
0 0.49759615384615385 0.7259615384615385 0.02403846153846154 0.02403846153846154
0 0.9399038461538463 0.71875 0.02403846153846154 0.02403846153846154
0 0.25240384615384615 0.6995192307692308 0.02403846153846154 0.02403846153846154
0 0.37259615384615385 0.6538461538461539 0.02403846153846154 0.02403846153846154
0 0.6850961538461539 0.6514423076923077 0.02403846153846154 0.02403846153846154
0 0.28605769230769235 0.639423076923077 0.02403846153846154 0.02403846153846154
0 0.7115384615384616 0.6418269230769231 0.02403846153846154 0.02403846153846154
0 0.14903846153846154 0.6201923076923077 0.02403846153846154 0.02403846153846154
0 0.10336538461538462 0.6201923076923077 0.02403846153846154 0.02403846153846154
0 0.6826923076923077 0.6177884615384616 0.02403846153846154 0.02403846153846154
0 0.18028846153846154 0.6201923076923077 0.02403846153846154 0.02403846153846154
0 0.16826923076923078 0.6057692307692308 0.02403846153846154 0.02403846153846154
0 0.545673076923077 0.5961538461538461 0.02403846153846154 0.02403846153846154
0 0.3125 0.5480769230769231 0.02403846153846154 0.02403846153846154
0 0.21634615384615385 0.545673076923077 0.02403846153846154 0.02403846153846154
0 0.6177884615384616 0.5408653846153847 0.02403846153846154 0.02403846153846154
0 0.9447115384615385 0.5408653846153847 0.02403846153846154 0.02403846153846154
0 0.3918269230769231 0.5408653846153847 0.02403846153846154 0.02403846153846154
0 0.8605769230769231 0.5408653846153847 0.02403846153846154 0.02403846153846154
0 0.2956730769230769 0.5072115384615384 0.02403846153846154 0.02403846153846154
0 0.8605769230769231 0.5072115384615384 0.02403846153846154 0.02403846153846154
0 0.04807692307692308 0.49759615384615385 0.02403846153846154 0.02403846153846154
0 0.5168269230769231 0.4807692307692308 0.02403846153846154 0.02403846153846154
0 0.625 0.4831730769230769 0.02403846153846154 0.02403846153846154
0 0.13701923076923078 0.4807692307692308 0.02403846153846154 0.02403846153846154
0 0.43509615384615385 0.46634615384615385 0.02403846153846154 0.02403846153846154
0 0.889423076923077 0.46153846153846156 0.02403846153846154 0.02403846153846154
0 0.920673076923077 0.4567307692307693 0.02403846153846154 0.02403846153846154
0 0.6538461538461539 0.45432692307692313 0.02403846153846154 0.02403846153846154
0 0.25961538461538464 0.45432692307692313 0.02403846153846154 0.02403846153846154
0 0.31730769230769235 0.44230769230769235 0.02403846153846154 0.02403846153846154
0 0.8197115384615385 0.4375 0.02403846153846154 0.02403846153846154
0 0.11778846153846155 0.4326923076923077 0.02403846153846154 0.02403846153846154
0 0.03125 0.43028846153846156 0.02403846153846154 0.02403846153846154
0 0.7283653846153847 0.4278846153846154 0.02403846153846154 0.02403846153846154
0 0.8774038461538463 0.4254807692307693 0.02403846153846154 0.02403846153846154
0 0.5384615384615385 0.4134615384615385 0.02403846153846154 0.02403846153846154
0 0.7283653846153847 0.39903846153846156 0.02403846153846154 0.02403846153846154
0 0.6177884615384616 0.4014423076923077 0.02403846153846154 0.02403846153846154
0 0.8629807692307693 0.3894230769230769 0.02403846153846154 0.02403846153846154
0 0.5817307692307693 0.3870192307692308 0.02403846153846154 0.02403846153846154
0 0.3028846153846154 0.3870192307692308 0.02403846153846154 0.02403846153846154
0 0.8173076923076924 0.3870192307692308 0.02403846153846154 0.02403846153846154
0 0.41105769230769235 0.36778846153846156 0.02403846153846154 0.02403846153846154
0 0.19711538461538464 0.3653846153846154 0.02403846153846154 0.02403846153846154
0 0.9567307692307693 0.3557692307692308 0.02403846153846154 0.02403846153846154
0 0.6778846153846154 0.34375 0.02403846153846154 0.02403846153846154
0 0.0889423076923077 0.3341346153846154 0.02403846153846154 0.02403846153846154
0 0.11778846153846155 0.3245192307692308 0.02403846153846154 0.02403846153846154
0 0.9375 0.32211538461538464 0.02403846153846154 0.02403846153846154
0 0.7163461538461539 0.3197115384615385 0.02403846153846154 0.02403846153846154
0 0.5096153846153847 0.31009615384615385 0.02403846153846154 0.02403846153846154
0 0.639423076923077 0.3076923076923077 0.02403846153846154 0.02403846153846154
0 0.2668269230769231 0.3076923076923077 0.02403846153846154 0.02403846153846154
0 0.6105769230769231 0.3004807692307693 0.02403846153846154 0.02403846153846154
0 0.7740384615384616 0.2932692307692308 0.02403846153846154 0.02403846153846154
0 0.8701923076923077 0.27403846153846156 0.02403846153846154 0.02403846153846154
0 0.75 0.2644230769230769 0.02403846153846154 0.02403846153846154
0 0.28365384615384615 0.2668269230769231 0.02403846153846154 0.02403846153846154
0 0.18028846153846154 0.2620192307692308 0.02403846153846154 0.02403846153846154
0 0.4447115384615385 0.25961538461538464 0.02403846153846154 0.02403846153846154
0 0.8197115384615385 0.25480769230769235 0.02403846153846154 0.02403846153846154
0 0.3653846153846154 0.2620192307692308 0.02403846153846154 0.02403846153846154
0 0.4759615384615385 0.25 0.02403846153846154 0.02403846153846154
0 0.13942307692307693 0.23798076923076925 0.02403846153846154 0.02403846153846154
0 0.09855769230769232 0.21875 0.02403846153846154 0.02403846153846154
0 0.6947115384615385 0.21634615384615385 0.02403846153846154 0.02403846153846154
0 0.4951923076923077 0.2091346153846154 0.02403846153846154 0.02403846153846154
0 0.90625 0.20673076923076925 0.02403846153846154 0.02403846153846154
0 0.7740384615384616 0.19951923076923078 0.02403846153846154 0.02403846153846154
0 0.5336538461538461 0.19230769230769232 0.02403846153846154 0.02403846153846154
0 0.5168269230769231 0.18509615384615385 0.02403846153846154 0.02403846153846154
0 0.6754807692307693 0.1778846153846154 0.02403846153846154 0.02403846153846154
0 0.7860576923076924 0.17307692307692307 0.02403846153846154 0.02403846153846154
0 0.35336538461538464 0.16826923076923078 0.02403846153846154 0.02403846153846154
0 0.16346153846153846 0.16105769230769232 0.02403846153846154 0.02403846153846154
0 0.42307692307692313 0.15625 0.02403846153846154 0.02403846153846154
0 0.8677884615384616 0.15625 0.02403846153846154 0.02403846153846154
0 0.5913461538461539 0.12740384615384617 0.02403846153846154 0.02403846153846154
0 0.8774038461538463 0.12259615384615385 0.02403846153846154 0.02403846153846154
0 0.514423076923077 0.11538461538461539 0.02403846153846154 0.02403846153846154
0 0.2668269230769231 0.11298076923076923 0.02403846153846154 0.02403846153846154
0 0.33653846153846156 0.09615384615384616 0.02403846153846154 0.02403846153846154
0 0.8942307692307693 0.08653846153846154 0.02403846153846154 0.02403846153846154
0 0.7668269230769231 0.07692307692307693 0.02403846153846154 0.02403846153846154
0 0.4134615384615385 0.07692307692307693 0.02403846153846154 0.02403846153846154
0 0.9110576923076924 0.06490384615384616 0.02403846153846154 0.02403846153846154
0 0.951923076923077 0.0625 0.02403846153846154 0.02403846153846154
0 0.8509615384615385 0.06009615384615385 0.02403846153846154 0.02403846153846154
0 0.06730769230769232 0.05288461538461539 0.02403846153846154 0.02403846153846154
0 0.8966346153846154 0.04326923076923077 0.02403846153846154 0.02403846153846154
0 0.670673076923077 0.038461538461538464 0.02403846153846154 0.02403846153846154
0 0.8341346153846154 0.7355769230769231 0.02403846153846154 0.02403846153846154
0 0.04807692307692308 0.9447115384615385 0.02403846153846154 0.02403846153846154
0 0.1826923076923077 0.7980769230769231 0.02403846153846154 0.02403846153846154
0 0.375 0.36778846153846156 0.02403846153846154 0.02403846153846154
0 0.28605769230769235 0.5697115384615385 0.02403846153846154 0.02403846153846154
0 0.23798076923076925 0.4254807692307693 0.02403846153846154 0.02403846153846154
0 0.27884615384615385 0.14903846153846154 0.02403846153846154 0.02403846153846154
0 0.6298076923076923 0.8557692307692308 0.02403846153846154 0.02403846153846154
