0 0.7043269230769231 0.8341346153846154 0.02403846153846154 0.02403846153846154
0 0.32211538461538464 0.7115384615384616 0.02403846153846154 0.02403846153846154
0 0.03605769230769231 0.6899038461538461 0.02403846153846154 0.02403846153846154
0 0.8870192307692308 0.53125 0.02403846153846154 0.02403846153846154
0 0.5745192307692308 0.5048076923076923 0.02403846153846154 0.02403846153846154
0 0.5697115384615385 0.4711538461538462 0.02403846153846154 0.02403846153846154
0 0.06730769230769232 0.42307692307692313 0.02403846153846154 0.02403846153846154
0 0.16586538461538464 0.40625 0.02403846153846154 0.02403846153846154
0 0.6754807692307693 0.2956730769230769 0.02403846153846154 0.02403846153846154
0 0.5120192307692308 0.34134615384615385 0.02403846153846154 0.02403846153846154
0 0.6322115384615385 0.22355769230769232 0.02403846153846154 0.02403846153846154
0 0.3004807692307693 0.2043269230769231 0.02403846153846154 0.02403846153846154
0 0.19711538461538464 0.16826923076923078 0.02403846153846154 0.02403846153846154
0 0.3966346153846154 0.125 0.02403846153846154 0.02403846153846154
0 0.1201923076923077 0.10336538461538462 0.02403846153846154 0.02403846153846154
0 0.05288461538461539 0.026442307692307696 0.02403846153846154 0.02403846153846154
0 0.24278846153846156 0.026442307692307696 0.02403846153846154 0.02403846153846154
0 0.19711538461538464 0.07692307692307693 0.02403846153846154 0.02403846153846154
0 0.28605769230769235 0.17067307692307693 0.02403846153846154 0.02403846153846154
0 0.21634615384615385 0.2572115384615385 0.02403846153846154 0.02403846153846154
0 0.14423076923076925 0.2451923076923077 0.02403846153846154 0.02403846153846154
0 0.35336538461538464 0.5528846153846154 0.02403846153846154 0.02403846153846154
0 0.4807692307692308 0.06490384615384616 0.02403846153846154 0.02403846153846154
0 0.7259615384615385 0.1778846153846154 0.02403846153846154 0.02403846153846154
0 0.8846153846153847 0.28365384615384615 0.02403846153846154 0.02403846153846154
0 0.5865384615384616 0.23317307692307693 0.02403846153846154 0.02403846153846154
0 0.07211538461538462 0.5048076923076923 0.02403846153846154 0.02403846153846154
