0 0.4182692307692308 0.9663461538461539 0.02403846153846154 0.02403846153846154
0 0.3653846153846154 0.9615384615384616 0.02403846153846154 0.02403846153846154
0 0.31490384615384615 0.951923076923077 0.02403846153846154 0.02403846153846154
0 0.44230769230769235 0.9471153846153847 0.02403846153846154 0.02403846153846154
0 0.7259615384615385 0.9110576923076924 0.02403846153846154 0.02403846153846154
0 0.8461538461538463 0.9014423076923077 0.02403846153846154 0.02403846153846154
0 0.5600961538461539 0.8918269230769231 0.02403846153846154 0.02403846153846154
0 0.34855769230769235 0.8846153846153847 0.02403846153846154 0.02403846153846154
0 0.5096153846153847 0.8725961538461539 0.02403846153846154 0.02403846153846154
0 0.639423076923077 0.8533653846153847 0.02403846153846154 0.02403846153846154
0 0.8822115384615385 0.8365384615384616 0.02403846153846154 0.02403846153846154
0 0.49759615384615385 0.8293269230769231 0.02403846153846154 0.02403846153846154
0 0.8870192307692308 0.8149038461538461 0.02403846153846154 0.02403846153846154
0 0.3581730769230769 0.8173076923076924 0.02403846153846154 0.02403846153846154
0 0.23076923076923078 0.8028846153846154 0.02403846153846154 0.02403846153846154
0 0.7908653846153847 0.795673076923077 0.02403846153846154 0.02403846153846154
0 0.04326923076923077 0.7860576923076924 0.02403846153846154 0.02403846153846154
0 0.8461538461538463 0.7764423076923077 0.02403846153846154 0.02403846153846154
0 0.71875 0.7740384615384616 0.02403846153846154 0.02403846153846154
0 0.9278846153846154 0.7620192307692308 0.02403846153846154 0.02403846153846154
0 0.07211538461538462 0.7548076923076924 0.02403846153846154 0.02403846153846154
0 0.47836538461538464 0.7475961538461539 0.02403846153846154 0.02403846153846154
0 0.9254807692307693 0.7091346153846154 0.02403846153846154 0.02403846153846154
0 0.8052884615384616 0.6442307692307693 0.02403846153846154 0.02403846153846154
0 0.15865384615384617 0.6274038461538461 0.02403846153846154 0.02403846153846154
0 0.8173076923076924 0.6129807692307693 0.02403846153846154 0.02403846153846154
0 0.15384615384615385 0.5865384615384616 0.02403846153846154 0.02403846153846154
0 0.6105769230769231 0.5793269230769231 0.02403846153846154 0.02403846153846154
0 0.4399038461538462 0.5649038461538461 0.02403846153846154 0.02403846153846154
0 0.3653846153846154 0.5600961538461539 0.02403846153846154 0.02403846153846154
0 0.7475961538461539 0.5096153846153847 0.02403846153846154 0.02403846153846154
0 0.16105769230769232 0.48557692307692313 0.02403846153846154 0.02403846153846154
0 0.03365384615384616 0.46634615384615385 0.02403846153846154 0.02403846153846154
0 0.5528846153846154 0.4639423076923077 0.02403846153846154 0.02403846153846154
0 0.18990384615384617 0.4639423076923077 0.02403846153846154 0.02403846153846154
0 0.24759615384615385 0.4567307692307693 0.02403846153846154 0.02403846153846154
0 0.5216346153846154 0.44230769230769235 0.02403846153846154 0.02403846153846154
0 0.9447115384615385 0.4182692307692308 0.02403846153846154 0.02403846153846154
0 0.040865384615384616 0.4134615384615385 0.02403846153846154 0.02403846153846154
0 0.4567307692307693 0.37980769230769235 0.02403846153846154 0.02403846153846154
0 0.5793269230769231 0.3701923076923077 0.02403846153846154 0.02403846153846154
0 0.5288461538461539 0.36778846153846156 0.02403846153846154 0.02403846153846154
0 0.03605769230769231 0.3581730769230769 0.02403846153846154 0.02403846153846154
0 0.6153846153846154 0.34134615384615385 0.02403846153846154 0.02403846153846154
0 0.6682692307692308 0.31490384615384615 0.02403846153846154 0.02403846153846154
0 0.4519230769230769 0.28125 0.02403846153846154 0.02403846153846154
0 0.5552884615384616 0.25480769230769235 0.02403846153846154 0.02403846153846154
0 0.4711538461538462 0.2403846153846154 0.02403846153846154 0.02403846153846154
0 0.4134615384615385 0.2355769230769231 0.02403846153846154 0.02403846153846154
0 0.10096153846153846 0.22596153846153846 0.02403846153846154 0.02403846153846154
0 0.3028846153846154 0.20192307692307693 0.02403846153846154 0.02403846153846154
0 0.06971153846153846 0.19230769230769232 0.02403846153846154 0.02403846153846154
0 0.28605769230769235 0.16826923076923078 0.02403846153846154 0.02403846153846154
0 0.21153846153846156 0.13221153846153846 0.02403846153846154 0.02403846153846154
0 0.65625 0.12980769230769232 0.02403846153846154 0.02403846153846154
0 0.31009615384615385 0.11298076923076923 0.02403846153846154 0.02403846153846154
0 0.4206730769230769 0.10096153846153846 0.02403846153846154 0.02403846153846154
0 0.7427884615384616 0.10576923076923078 0.02403846153846154 0.02403846153846154
0 0.46153846153846156 0.10336538461538462 0.02403846153846154 0.02403846153846154
0 0.16346153846153846 0.09375 0.02403846153846154 0.02403846153846154
0 0.3341346153846154 0.06490384615384616 0.02403846153846154 0.02403846153846154
0 0.8557692307692308 0.06490384615384616 0.02403846153846154 0.02403846153846154
0 0.27884615384615385 0.040865384615384616 0.02403846153846154 0.02403846153846154
0 0.75 0.8605769230769231 0.02403846153846154 0.02403846153846154
0 0.96875 0.5264423076923077 0.02403846153846154 0.02403846153846154
0 0.375 0.16346153846153846 0.02403846153846154 0.02403846153846154
0 0.7764423076923077 0.545673076923077 0.02403846153846154 0.02403846153846154
0 0.05528846153846154 0.2692307692307693 0.02403846153846154 0.02403846153846154
0 0.026442307692307696 0.24759615384615385 0.02403846153846154 0.02403846153846154
0 0.1201923076923077 0.44230769230769235 0.02403846153846154 0.02403846153846154
