0 0.11778846153846155 0.9567307692307693 0.02403846153846154 0.02403846153846154
0 0.21153846153846156 0.9302884615384616 0.02403846153846154 0.02403846153846154
0 0.8966346153846154 0.9038461538461539 0.02403846153846154 0.02403846153846154
0 0.125 0.858173076923077 0.02403846153846154 0.02403846153846154
0 0.10096153846153846 0.8509615384615385 0.02403846153846154 0.02403846153846154
0 0.8365384615384616 0.8413461538461539 0.02403846153846154 0.02403846153846154
0 0.21634615384615385 0.8461538461538463 0.02403846153846154 0.02403846153846154
0 0.7620192307692308 0.8389423076923077 0.02403846153846154 0.02403846153846154
0 0.7788461538461539 0.826923076923077 0.02403846153846154 0.02403846153846154
0 0.2692307692307693 0.8197115384615385 0.02403846153846154 0.02403846153846154
0 0.4447115384615385 0.8100961538461539 0.02403846153846154 0.02403846153846154
0 0.13942307692307693 0.8004807692307693 0.02403846153846154 0.02403846153846154
0 0.5384615384615385 0.795673076923077 0.02403846153846154 0.02403846153846154
0 0.7043269230769231 0.7836538461538461 0.02403846153846154 0.02403846153846154
0 0.5721153846153847 0.7788461538461539 0.02403846153846154 0.02403846153846154
0 0.14903846153846154 0.7692307692307693 0.02403846153846154 0.02403846153846154
0 0.1875 0.7620192307692308 0.02403846153846154 0.02403846153846154
0 0.4254807692307693 0.7115384615384616 0.02403846153846154 0.02403846153846154
0 0.16105769230769232 0.6754807692307693 0.02403846153846154 0.02403846153846154
0 0.21153846153846156 0.6538461538461539 0.02403846153846154 0.02403846153846154
0 0.12259615384615385 0.5697115384615385 0.02403846153846154 0.02403846153846154
0 0.06730769230769232 0.5384615384615385 0.02403846153846154 0.02403846153846154
0 0.17548076923076925 0.5360576923076923 0.02403846153846154 0.02403846153846154
0 0.6610576923076923 0.5360576923076923 0.02403846153846154 0.02403846153846154
0 0.2764423076923077 0.4759615384615385 0.02403846153846154 0.02403846153846154
0 0.11778846153846155 0.46153846153846156 0.02403846153846154 0.02403846153846154
0 0.3605769230769231 0.4495192307692308 0.02403846153846154 0.02403846153846154
0 0.3894230769230769 0.4399038461538462 0.02403846153846154 0.02403846153846154
0 0.03605769230769231 0.41105769230769235 0.02403846153846154 0.02403846153846154
0 0.0625 0.38461538461538464 0.02403846153846154 0.02403846153846154
0 0.31009615384615385 0.3774038461538462 0.02403846153846154 0.02403846153846154
0 0.46634615384615385 0.3653846153846154 0.02403846153846154 0.02403846153846154
0 0.6009615384615385 0.33653846153846156 0.02403846153846154 0.02403846153846154
0 0.2403846153846154 0.32211538461538464 0.02403846153846154 0.02403846153846154
0 0.5673076923076923 0.3076923076923077 0.02403846153846154 0.02403846153846154
0 0.608173076923077 0.2956730769230769 0.02403846153846154 0.02403846153846154
0 0.3076923076923077 0.2644230769230769 0.02403846153846154 0.02403846153846154
0 0.2932692307692308 0.25480769230769235 0.02403846153846154 0.02403846153846154
0 0.028846153846153848 0.24759615384615385 0.02403846153846154 0.02403846153846154
0 0.7235576923076924 0.25240384615384615 0.02403846153846154 0.02403846153846154
0 0.3701923076923077 0.23798076923076925 0.02403846153846154 0.02403846153846154
0 0.05288461538461539 0.2043269230769231 0.02403846153846154 0.02403846153846154
0 0.09375 0.11778846153846155 0.02403846153846154 0.02403846153846154
0 0.4278846153846154 0.11057692307692309 0.02403846153846154 0.02403846153846154
0 0.6418269230769231 0.026442307692307696 0.02403846153846154 0.02403846153846154
0 0.27403846153846156 0.5192307692307693 0.02403846153846154 0.02403846153846154
0 0.30528846153846156 0.9230769230769231 0.02403846153846154 0.02403846153846154
0 0.2644230769230769 0.9230769230769231 0.02403846153846154 0.02403846153846154
0 0.30528846153846156 0.7620192307692308 0.02403846153846154 0.02403846153846154
0 0.3557692307692308 0.7163461538461539 0.02403846153846154 0.02403846153846154
0 0.5697115384615385 0.4903846153846154 0.02403846153846154 0.02403846153846154
0 0.25 0.25240384615384615 0.02403846153846154 0.02403846153846154
0 0.34615384615384615 0.057692307692307696 0.02403846153846154 0.02403846153846154
0 0.5841346153846154 0.608173076923077 0.02403846153846154 0.02403846153846154
0 0.41586538461538464 0.5552884615384616 0.02403846153846154 0.02403846153846154
0 0.2932692307692308 0.5865384615384616 0.02403846153846154 0.02403846153846154
0 0.06490384615384616 0.49278846153846156 0.02403846153846154 0.02403846153846154
0 0.2043269230769231 0.7139423076923077 0.02403846153846154 0.02403846153846154
0 0.7163461538461539 0.3389423076923077 0.02403846153846154 0.02403846153846154
0 0.545673076923077 0.13701923076923078 0.02403846153846154 0.02403846153846154
0 0.46153846153846156 0.09615384615384616 0.02403846153846154 0.02403846153846154
0 0.28365384615384615 0.41105769230769235 0.02403846153846154 0.02403846153846154
0 0.5360576923076923 0.9158653846153847 0.02403846153846154 0.02403846153846154
