0 0.08653846153846154 0.9711538461538463 0.02403846153846154 0.02403846153846154
0 0.8461538461538463 0.9399038461538463 0.02403846153846154 0.02403846153846154
0 0.34615384615384615 0.889423076923077 0.02403846153846154 0.02403846153846154
0 0.19951923076923078 0.8485576923076924 0.02403846153846154 0.02403846153846154
0 0.2139423076923077 0.8365384615384616 0.02403846153846154 0.02403846153846154
0 0.45432692307692313 0.8076923076923077 0.02403846153846154 0.02403846153846154
0 0.05288461538461539 0.795673076923077 0.02403846153846154 0.02403846153846154
0 0.35336538461538464 0.764423076923077 0.02403846153846154 0.02403846153846154
0 0.06490384615384616 0.75 0.02403846153846154 0.02403846153846154
0 0.2355769230769231 0.7403846153846154 0.02403846153846154 0.02403846153846154
0 0.7980769230769231 0.7355769230769231 0.02403846153846154 0.02403846153846154
0 0.7596153846153847 0.6947115384615385 0.02403846153846154 0.02403846153846154
0 0.40384615384615385 0.6947115384615385 0.02403846153846154 0.02403846153846154
0 0.9230769230769231 0.670673076923077 0.02403846153846154 0.02403846153846154
0 0.1514423076923077 0.5889423076923077 0.02403846153846154 0.02403846153846154
0 0.2980769230769231 0.5072115384615384 0.02403846153846154 0.02403846153846154
0 0.05288461538461539 0.4903846153846154 0.02403846153846154 0.02403846153846154
0 0.03125 0.46634615384615385 0.02403846153846154 0.02403846153846154
0 0.6610576923076923 0.44230769230769235 0.02403846153846154 0.02403846153846154
0 0.7668269230769231 0.4278846153846154 0.02403846153846154 0.02403846153846154
0 0.7908653846153847 0.34615384615384615 0.02403846153846154 0.02403846153846154
0 0.6875 0.22596153846153846 0.02403846153846154 0.02403846153846154
0 0.6201923076923077 0.25480769230769235 0.02403846153846154 0.02403846153846154
0 0.5504807692307693 0.514423076923077 0.02403846153846154 0.02403846153846154
