0 0.8197115384615385 0.9567307692307693 0.02403846153846154 0.02403846153846154
0 0.8701923076923077 0.9471153846153847 0.02403846153846154 0.02403846153846154
0 0.7596153846153847 0.9375 0.02403846153846154 0.02403846153846154
0 0.35336538461538464 0.9302884615384616 0.02403846153846154 0.02403846153846154
0 0.6875 0.920673076923077 0.02403846153846154 0.02403846153846154
0 0.951923076923077 0.9158653846153847 0.02403846153846154 0.02403846153846154
0 0.6225961538461539 0.8846153846153847 0.02403846153846154 0.02403846153846154
0 0.4495192307692308 0.875 0.02403846153846154 0.02403846153846154
0 0.9326923076923077 0.8653846153846154 0.02403846153846154 0.02403846153846154
0 0.9663461538461539 0.8341346153846154 0.02403846153846154 0.02403846153846154
0 0.75 0.7932692307692308 0.02403846153846154 0.02403846153846154
0 0.5240384615384616 0.733173076923077 0.02403846153846154 0.02403846153846154
0 0.6370192307692308 0.7259615384615385 0.02403846153846154 0.02403846153846154
0 0.7908653846153847 0.71875 0.02403846153846154 0.02403846153846154
0 0.6850961538461539 0.7043269230769231 0.02403846153846154 0.02403846153846154
0 0.7572115384615385 0.6658653846153847 0.02403846153846154 0.02403846153846154
0 0.6538461538461539 0.6634615384615385 0.02403846153846154 0.02403846153846154
0 0.25961538461538464 0.6586538461538461 0.02403846153846154 0.02403846153846154
0 0.4495192307692308 0.5841346153846154 0.02403846153846154 0.02403846153846154
0 0.8701923076923077 0.5432692307692308 0.02403846153846154 0.02403846153846154
0 0.8846153846153847 0.53125 0.02403846153846154 0.02403846153846154
0 0.7235576923076924 0.4903846153846154 0.02403846153846154 0.02403846153846154
0 0.4639423076923077 0.4711538461538462 0.02403846153846154 0.02403846153846154
0 0.7355769230769231 0.4447115384615385 0.02403846153846154 0.02403846153846154
0 0.90625 0.43509615384615385 0.02403846153846154 0.02403846153846154
0 0.5576923076923077 0.4014423076923077 0.02403846153846154 0.02403846153846154
0 0.8221153846153847 0.28365384615384615 0.02403846153846154 0.02403846153846154
0 0.5625 0.24759615384615385 0.02403846153846154 0.02403846153846154
0 0.96875 0.20192307692307693 0.02403846153846154 0.02403846153846154
0 0.7235576923076924 0.18509615384615385 0.02403846153846154 0.02403846153846154
0 0.701923076923077 0.16105769230769232 0.02403846153846154 0.02403846153846154
0 0.5408653846153847 0.3701923076923077 0.02403846153846154 0.02403846153846154
0 0.44230769230769235 0.2932692307692308 0.02403846153846154 0.02403846153846154
0 0.5865384615384616 0.21634615384615385 0.02403846153846154 0.02403846153846154
0 0.5817307692307693 0.5168269230769231 0.02403846153846154 0.02403846153846154
0 0.5096153846153847 0.5528846153846154 0.02403846153846154 0.02403846153846154
0 0.3293269230769231 0.6009615384615385 0.02403846153846154 0.02403846153846154
0 0.4591346153846154 0.7379807692307693 0.02403846153846154 0.02403846153846154
0 0.3894230769230769 0.7451923076923077 0.02403846153846154 0.02403846153846154
0 0.3245192307692308 0.21634615384615385 0.02403846153846154 0.02403846153846154
0 0.2403846153846154 0.15384615384615385 0.02403846153846154 0.02403846153846154
0 0.19951923076923078 0.9158653846153847 0.02403846153846154 0.02403846153846154
0 0.2620192307692308 0.8389423076923077 0.02403846153846154 0.02403846153846154
0 0.3822115384615385 0.9543269230769231 0.02403846153846154 0.02403846153846154
0 0.5096153846153847 0.9471153846153847 0.02403846153846154 0.02403846153846154
0 0.5889423076923077 0.8461538461538463 0.02403846153846154 0.02403846153846154
0 0.11778846153846155 0.7235576923076924 0.02403846153846154 0.02403846153846154
0 0.3269230769230769 0.6346153846153847 0.02403846153846154 0.02403846153846154
0 0.07451923076923077 0.920673076923077 0.02403846153846154 0.02403846153846154
0 0.02403846153846154 0.9543269230769231 0.02403846153846154 0.02403846153846154
