0 0.8365384615384616 0.9423076923076924 0.02403846153846154 0.02403846153846154
0 0.026442307692307696 0.8293269230769231 0.02403846153846154 0.02403846153846154
0 0.27884615384615385 0.8076923076923077 0.02403846153846154 0.02403846153846154
0 0.6754807692307693 0.7668269230769231 0.02403846153846154 0.02403846153846154
0 0.05048076923076923 0.7475961538461539 0.02403846153846154 0.02403846153846154
0 0.47836538461538464 0.7235576923076924 0.02403846153846154 0.02403846153846154
0 0.3004807692307693 0.7091346153846154 0.02403846153846154 0.02403846153846154
0 0.8125 0.6754807692307693 0.02403846153846154 0.02403846153846154
0 0.5576923076923077 0.5600961538461539 0.02403846153846154 0.02403846153846154
0 0.33653846153846156 0.47836538461538464 0.02403846153846154 0.02403846153846154
0 0.2956730769230769 0.47355769230769235 0.02403846153846154 0.02403846153846154
0 0.3269230769230769 0.4711538461538462 0.02403846153846154 0.02403846153846154
0 0.8822115384615385 0.4447115384615385 0.02403846153846154 0.02403846153846154
0 0.33653846153846156 0.44230769230769235 0.02403846153846154 0.02403846153846154
0 0.48557692307692313 0.43028846153846156 0.02403846153846154 0.02403846153846154
0 0.20673076923076925 0.4206730769230769 0.02403846153846154 0.02403846153846154
0 0.36778846153846156 0.3966346153846154 0.02403846153846154 0.02403846153846154
0 0.4951923076923077 0.33653846153846156 0.02403846153846154 0.02403846153846154
0 0.5480769230769231 0.31009615384615385 0.02403846153846154 0.02403846153846154
0 0.5072115384615384 0.2932692307692308 0.02403846153846154 0.02403846153846154
0 0.6201923076923077 0.25240384615384615 0.02403846153846154 0.02403846153846154
0 0.06971153846153846 0.2355769230769231 0.02403846153846154 0.02403846153846154
0 0.6634615384615385 0.22355769230769232 0.02403846153846154 0.02403846153846154
0 0.28605769230769235 0.13461538461538464 0.02403846153846154 0.02403846153846154
