0 0.09855769230769232 0.9615384615384616 0.02403846153846154 0.02403846153846154
0 0.5408653846153847 0.9447115384615385 0.02403846153846154 0.02403846153846154
0 0.11538461538461539 0.9134615384615385 0.02403846153846154 0.02403846153846154
0 0.3966346153846154 0.90625 0.02403846153846154 0.02403846153846154
0 0.6033653846153847 0.8846153846153847 0.02403846153846154 0.02403846153846154
0 0.41586538461538464 0.8725961538461539 0.02403846153846154 0.02403846153846154
0 0.8629807692307693 0.8557692307692308 0.02403846153846154 0.02403846153846154
0 0.9014423076923077 0.8173076923076924 0.02403846153846154 0.02403846153846154
0 0.576923076923077 0.7884615384615385 0.02403846153846154 0.02403846153846154
0 0.858173076923077 0.75 0.02403846153846154 0.02403846153846154
0 0.07692307692307693 0.7379807692307693 0.02403846153846154 0.02403846153846154
0 0.18509615384615385 0.65625 0.02403846153846154 0.02403846153846154
0 0.71875 0.6490384615384616 0.02403846153846154 0.02403846153846154
0 0.08413461538461539 0.6129807692307693 0.02403846153846154 0.02403846153846154
0 0.5288461538461539 0.5841346153846154 0.02403846153846154 0.02403846153846154
0 0.4903846153846154 0.5432692307692308 0.02403846153846154 0.02403846153846154
0 0.13461538461538464 0.5432692307692308 0.02403846153846154 0.02403846153846154
0 0.6538461538461539 0.5192307692307693 0.02403846153846154 0.02403846153846154
0 0.028846153846153848 0.3557692307692308 0.02403846153846154 0.02403846153846154
0 0.3918269230769231 0.29086538461538464 0.02403846153846154 0.02403846153846154
0 0.49759615384615385 0.2764423076923077 0.02403846153846154 0.02403846153846154
0 0.75 0.25480769230769235 0.02403846153846154 0.02403846153846154
0 0.5216346153846154 0.19471153846153846 0.02403846153846154 0.02403846153846154
0 0.9495192307692308 0.17067307692307693 0.02403846153846154 0.02403846153846154
0 0.7716346153846154 0.15625 0.02403846153846154 0.02403846153846154
0 0.4182692307692308 0.07451923076923077 0.02403846153846154 0.02403846153846154
0 0.3509615384615385 0.10336538461538462 0.02403846153846154 0.02403846153846154
0 0.28125 0.3629807692307693 0.02403846153846154 0.02403846153846154
0 0.9615384615384616 0.9350961538461539 0.02403846153846154 0.02403846153846154
