0 0.7163461538461539 0.96875 0.02403846153846154 0.02403846153846154
0 0.38461538461538464 0.9591346153846154 0.02403846153846154 0.02403846153846154
0 0.25 0.9567307692307693 0.02403846153846154 0.02403846153846154
0 0.733173076923077 0.9447115384615385 0.02403846153846154 0.02403846153846154
0 0.2980769230769231 0.9471153846153847 0.02403846153846154 0.02403846153846154
0 0.7524038461538461 0.9278846153846154 0.02403846153846154 0.02403846153846154
0 0.37980769230769235 0.9278846153846154 0.02403846153846154 0.02403846153846154
0 0.7043269230769231 0.9254807692307693 0.02403846153846154 0.02403846153846154
0 0.8605769230769231 0.9230769230769231 0.02403846153846154 0.02403846153846154
0 0.2980769230769231 0.9134615384615385 0.02403846153846154 0.02403846153846154
0 0.4519230769230769 0.8918269230769231 0.02403846153846154 0.02403846153846154
0 0.1875 0.8918269230769231 0.02403846153846154 0.02403846153846154
0 0.11298076923076923 0.8725961538461539 0.02403846153846154 0.02403846153846154
0 0.4711538461538462 0.8629807692307693 0.02403846153846154 0.02403846153846154
0 0.920673076923077 0.8629807692307693 0.02403846153846154 0.02403846153846154
0 0.7427884615384616 0.8509615384615385 0.02403846153846154 0.02403846153846154
0 0.6850961538461539 0.8341346153846154 0.02403846153846154 0.02403846153846154
0 0.24759615384615385 0.8197115384615385 0.02403846153846154 0.02403846153846154
0 0.19230769230769232 0.7884615384615385 0.02403846153846154 0.02403846153846154
0 0.6105769230769231 0.7860576923076924 0.02403846153846154 0.02403846153846154
0 0.21875 0.78125 0.02403846153846154 0.02403846153846154
0 0.7067307692307693 0.7788461538461539 0.02403846153846154 0.02403846153846154
0 0.9471153846153847 0.7740384615384616 0.02403846153846154 0.02403846153846154
0 0.8052884615384616 0.7740384615384616 0.02403846153846154 0.02403846153846154
0 0.3245192307692308 0.7716346153846154 0.02403846153846154 0.02403846153846154
0 0.5528846153846154 0.7716346153846154 0.02403846153846154 0.02403846153846154
0 0.7259615384615385 0.7668269230769231 0.02403846153846154 0.02403846153846154
0 0.3581730769230769 0.7620192307692308 0.02403846153846154 0.02403846153846154
0 0.65625 0.7451923076923077 0.02403846153846154 0.02403846153846154
0 0.4807692307692308 0.7379807692307693 0.02403846153846154 0.02403846153846154
0 0.2932692307692308 0.7283653846153847 0.02403846153846154 0.02403846153846154
0 0.44711538461538464 0.7235576923076924 0.02403846153846154 0.02403846153846154
0 0.6778846153846154 0.7091346153846154 0.02403846153846154 0.02403846153846154
0 0.4326923076923077 0.6850961538461539 0.02403846153846154 0.02403846153846154
0 0.13461538461538464 0.6754807692307693 0.02403846153846154 0.02403846153846154
0 0.3701923076923077 0.6682692307692308 0.02403846153846154 0.02403846153846154
0 0.7283653846153847 0.65625 0.02403846153846154 0.02403846153846154
0 0.9543269230769231 0.6442307692307693 0.02403846153846154 0.02403846153846154
0 0.9711538461538463 0.6322115384615385 0.02403846153846154 0.02403846153846154
0 0.0625 0.6274038461538461 0.02403846153846154 0.02403846153846154
0 0.25480769230769235 0.6201923076923077 0.02403846153846154 0.02403846153846154
0 0.639423076923077 0.6105769230769231 0.02403846153846154 0.02403846153846154
0 0.9495192307692308 0.6057692307692308 0.02403846153846154 0.02403846153846154
0 0.4134615384615385 0.59375 0.02403846153846154 0.02403846153846154
0 0.9038461538461539 0.5817307692307693 0.02403846153846154 0.02403846153846154
0 0.9711538461538463 0.5745192307692308 0.02403846153846154 0.02403846153846154
0 0.7524038461538461 0.5697115384615385 0.02403846153846154 0.02403846153846154
0 0.6634615384615385 0.5721153846153847 0.02403846153846154 0.02403846153846154
0 0.96875 0.5504807692307693 0.02403846153846154 0.02403846153846154
0 0.2716346153846154 0.5480769230769231 0.02403846153846154 0.02403846153846154
0 0.90625 0.5408653846153847 0.02403846153846154 0.02403846153846154
0 0.6995192307692308 0.5360576923076923 0.02403846153846154 0.02403846153846154
0 0.5360576923076923 0.5216346153846154 0.02403846153846154 0.02403846153846154
0 0.03605769230769231 0.5168269230769231 0.02403846153846154 0.02403846153846154
0 0.6225961538461539 0.5120192307692308 0.02403846153846154 0.02403846153846154
0 0.5480769230769231 0.5072115384615384 0.02403846153846154 0.02403846153846154
0 0.8918269230769231 0.4951923076923077 0.02403846153846154 0.02403846153846154
0 0.3918269230769231 0.4807692307692308 0.02403846153846154 0.02403846153846154
0 0.65625 0.48557692307692313 0.02403846153846154 0.02403846153846154
0 0.9591346153846154 0.46875 0.02403846153846154 0.02403846153846154
0 0.6899038461538461 0.46875 0.02403846153846154 0.02403846153846154
0 0.14903846153846154 0.4639423076923077 0.02403846153846154 0.02403846153846154
0 0.2620192307692308 0.4495192307692308 0.02403846153846154 0.02403846153846154
0 0.4278846153846154 0.4375 0.02403846153846154 0.02403846153846154
0 0.028846153846153848 0.4375 0.02403846153846154 0.02403846153846154
0 0.7524038461538461 0.4326923076923077 0.02403846153846154 0.02403846153846154
0 0.13942307692307693 0.4326923076923077 0.02403846153846154 0.02403846153846154
0 0.6057692307692308 0.42307692307692313 0.02403846153846154 0.02403846153846154
0 0.37259615384615385 0.4206730769230769 0.02403846153846154 0.02403846153846154
0 0.21153846153846156 0.4134615384615385 0.02403846153846154 0.02403846153846154
0 0.6153846153846154 0.39903846153846156 0.02403846153846154 0.02403846153846154
0 0.19711538461538464 0.3942307692307693 0.02403846153846154 0.02403846153846154
0 0.53125 0.3870192307692308 0.02403846153846154 0.02403846153846154
0 0.2572115384615385 0.3822115384615385 0.02403846153846154 0.02403846153846154
0 0.4567307692307693 0.37980769230769235 0.02403846153846154 0.02403846153846154
0 0.40384615384615385 0.3629807692307693 0.02403846153846154 0.02403846153846154
0 0.09615384615384616 0.3605769230769231 0.02403846153846154 0.02403846153846154
0 0.545673076923077 0.35336538461538464 0.02403846153846154 0.02403846153846154
0 0.39903846153846156 0.34134615384615385 0.02403846153846154 0.02403846153846154
0 0.75 0.3293269230769231 0.02403846153846154 0.02403846153846154
0 0.33653846153846156 0.3293269230769231 0.02403846153846154 0.02403846153846154
0 0.9399038461538463 0.30528846153846156 0.02403846153846154 0.02403846153846154
0 0.3509615384615385 0.2956730769230769 0.02403846153846154 0.02403846153846154
0 0.5168269230769231 0.2764423076923077 0.02403846153846154 0.02403846153846154
0 0.45432692307692313 0.25961538461538464 0.02403846153846154 0.02403846153846154
0 0.28605769230769235 0.2355769230769231 0.02403846153846154 0.02403846153846154
0 0.8798076923076924 0.21634615384615385 0.02403846153846154 0.02403846153846154
0 0.8485576923076924 0.2043269230769231 0.02403846153846154 0.02403846153846154
0 0.3894230769230769 0.2043269230769231 0.02403846153846154 0.02403846153846154
0 0.6875 0.20673076923076925 0.02403846153846154 0.02403846153846154
0 0.9086538461538463 0.16105769230769232 0.02403846153846154 0.02403846153846154
0 0.4567307692307693 0.12980769230769232 0.02403846153846154 0.02403846153846154
0 0.8509615384615385 0.11778846153846155 0.02403846153846154 0.02403846153846154
0 0.8413461538461539 0.10576923076923078 0.02403846153846154 0.02403846153846154
0 0.49278846153846156 0.11057692307692309 0.02403846153846154 0.02403846153846154
0 0.889423076923077 0.0889423076923077 0.02403846153846154 0.02403846153846154
0 0.41586538461538464 0.0625 0.02403846153846154 0.02403846153846154
0 0.46634615384615385 0.05288461538461539 0.02403846153846154 0.02403846153846154
0 0.3557692307692308 0.04326923076923077 0.02403846153846154 0.02403846153846154
0 0.28365384615384615 0.026442307692307696 0.02403846153846154 0.02403846153846154
0 0.10576923076923078 0.05288461538461539 0.02403846153846154 0.02403846153846154
0 0.6826923076923077 0.03125 0.02403846153846154 0.02403846153846154
0 0.27403846153846156 0.2716346153846154 0.02403846153846154 0.02403846153846154
0 0.18509615384615385 0.28125 0.02403846153846154 0.02403846153846154
0 0.795673076923077 0.09855769230769232 0.02403846153846154 0.02403846153846154
0 0.17067307692307693 0.6298076923076923 0.02403846153846154 0.02403846153846154
0 0.16105769230769232 0.6057692307692308 0.02403846153846154 0.02403846153846154
0 0.07211538461538462 0.7211538461538461 0.02403846153846154 0.02403846153846154
0 0.03125 0.7860576923076924 0.02403846153846154 0.02403846153846154
0 0.49759615384615385 0.43509615384615385 0.02403846153846154 0.02403846153846154
0 0.6971153846153847 0.6514423076923077 0.02403846153846154 0.02403846153846154
0 0.6346153846153847 0.6610576923076923 0.02403846153846154 0.02403846153846154
0 0.8076923076923077 0.5889423076923077 0.02403846153846154 0.02403846153846154
0 0.4375 0.7860576923076924 0.02403846153846154 0.02403846153846154
0 0.5961538461538461 0.9230769230769231 0.02403846153846154 0.02403846153846154
0 0.6442307692307693 0.9615384615384616 0.02403846153846154 0.02403846153846154
0 0.2956730769230769 0.8485576923076924 0.02403846153846154 0.02403846153846154
0 0.8461538461538463 0.9567307692307693 0.02403846153846154 0.02403846153846154
0 0.8942307692307693 0.6322115384615385 0.02403846153846154 0.02403846153846154
