0 0.3028846153846154 0.9711538461538463 0.02403846153846154 0.02403846153846154
0 0.375 0.9326923076923077 0.02403846153846154 0.02403846153846154
0 0.2716346153846154 0.9302884615384616 0.02403846153846154 0.02403846153846154
0 0.6346153846153847 0.8509615384615385 0.02403846153846154 0.02403846153846154
0 0.06730769230769232 0.8509615384615385 0.02403846153846154 0.02403846153846154
0 0.4879807692307693 0.8100961538461539 0.02403846153846154 0.02403846153846154
0 0.5024038461538461 0.7980769230769231 0.02403846153846154 0.02403846153846154
0 0.7427884615384616 0.7692307692307693 0.02403846153846154 0.02403846153846154
0 0.34134615384615385 0.7572115384615385 0.02403846153846154 0.02403846153846154
0 0.08173076923076923 0.7379807692307693 0.02403846153846154 0.02403846153846154
0 0.6418269230769231 0.7259615384615385 0.02403846153846154 0.02403846153846154
0 0.35336538461538464 0.7115384615384616 0.02403846153846154 0.02403846153846154
0 0.5240384615384616 0.701923076923077 0.02403846153846154 0.02403846153846154
0 0.17548076923076925 0.6682692307692308 0.02403846153846154 0.02403846153846154
0 0.6923076923076923 0.65625 0.02403846153846154 0.02403846153846154
0 0.4399038461538462 0.5504807692307693 0.02403846153846154 0.02403846153846154
0 0.18028846153846154 0.514423076923077 0.02403846153846154 0.02403846153846154
0 0.5865384615384616 0.46875 0.02403846153846154 0.02403846153846154
0 0.34134615384615385 0.4519230769230769 0.02403846153846154 0.02403846153846154
0 0.3197115384615385 0.4278846153846154 0.02403846153846154 0.02403846153846154
0 0.9495192307692308 0.40384615384615385 0.02403846153846154 0.02403846153846154
0 0.15865384615384617 0.6370192307692308 0.02403846153846154 0.02403846153846154
0 0.06009615384615385 0.5600961538461539 0.02403846153846154 0.02403846153846154
0 0.2043269230769231 0.4831730769230769 0.02403846153846154 0.02403846153846154
0 0.19951923076923078 0.7836538461538461 0.02403846153846154 0.02403846153846154
0 0.12740384615384617 0.8197115384615385 0.02403846153846154 0.02403846153846154
0 0.9086538461538463 0.21634615384615385 0.02403846153846154 0.02403846153846154
0 0.8389423076923077 0.4759615384615385 0.02403846153846154 0.02403846153846154
