0 0.9182692307692308 0.8533653846153847 0.02403846153846154 0.02403846153846154
0 0.5120192307692308 0.8461538461538463 0.02403846153846154 0.02403846153846154
0 0.8461538461538463 0.8365384615384616 0.02403846153846154 0.02403846153846154
0 0.78125 0.8004807692307693 0.02403846153846154 0.02403846153846154
0 0.608173076923077 0.7908653846153847 0.02403846153846154 0.02403846153846154
0 0.9086538461538463 0.7091346153846154 0.02403846153846154 0.02403846153846154
0 0.6826923076923077 0.6490384615384616 0.02403846153846154 0.02403846153846154
0 0.795673076923077 0.6418269230769231 0.02403846153846154 0.02403846153846154
0 0.9495192307692308 0.6346153846153847 0.02403846153846154 0.02403846153846154
0 0.84375 0.6201923076923077 0.02403846153846154 0.02403846153846154
0 0.9158653846153847 0.5817307692307693 0.02403846153846154 0.02403846153846154
0 0.8125 0.5793269230769231 0.02403846153846154 0.02403846153846154
0 0.4182692307692308 0.5745192307692308 0.02403846153846154 0.02403846153846154
0 0.608173076923077 0.5 0.02403846153846154 0.02403846153846154
0 0.8822115384615385 0.40625 0.02403846153846154 0.02403846153846154
0 0.6225961538461539 0.3870192307692308 0.02403846153846154 0.02403846153846154
0 0.8942307692307693 0.3605769230769231 0.02403846153846154 0.02403846153846154
0 0.7163461538461539 0.31730769230769235 0.02403846153846154 0.02403846153846154
0 0.7211538461538461 0.16346153846153846 0.02403846153846154 0.02403846153846154
0 0.8822115384615385 0.10096153846153846 0.02403846153846154 0.02403846153846154
0 0.8605769230769231 0.07692307692307693 0.02403846153846154 0.02403846153846154
0 0.6995192307692308 0.28605769230769235 0.02403846153846154 0.02403846153846154
0 0.6009615384615385 0.2091346153846154 0.02403846153846154 0.02403846153846154
0 0.7451923076923077 0.13221153846153846 0.02403846153846154 0.02403846153846154
0 0.7403846153846154 0.4326923076923077 0.02403846153846154 0.02403846153846154
0 0.6682692307692308 0.46875 0.02403846153846154 0.02403846153846154
0 0.4879807692307693 0.5168269230769231 0.02403846153846154 0.02403846153846154
0 0.6177884615384616 0.6538461538461539 0.02403846153846154 0.02403846153846154
0 0.5480769230769231 0.6610576923076923 0.02403846153846154 0.02403846153846154
0 0.4831730769230769 0.13221153846153846 0.02403846153846154 0.02403846153846154
0 0.39903846153846156 0.06971153846153846 0.02403846153846154 0.02403846153846154
0 0.3581730769230769 0.8317307692307693 0.02403846153846154 0.02403846153846154
0 0.4206730769230769 0.7548076923076924 0.02403846153846154 0.02403846153846154
0 0.5408653846153847 0.8701923076923077 0.02403846153846154 0.02403846153846154
0 0.6682692307692308 0.8629807692307693 0.02403846153846154 0.02403846153846154
0 0.7475961538461539 0.7620192307692308 0.02403846153846154 0.02403846153846154
0 0.2764423076923077 0.639423076923077 0.02403846153846154 0.02403846153846154
0 0.48557692307692313 0.5504807692307693 0.02403846153846154 0.02403846153846154
0 0.23317307692307693 0.8365384615384616 0.02403846153846154 0.02403846153846154
0 0.1826923076923077 0.8701923076923077 0.02403846153846154 0.02403846153846154
