0 0.04807692307692308 0.9567307692307693 0.02403846153846154 0.02403846153846154
0 0.4447115384615385 0.9423076923076924 0.02403846153846154 0.02403846153846154
0 0.05528846153846154 0.9158653846153847 0.02403846153846154 0.02403846153846154
0 0.14903846153846154 0.889423076923077 0.02403846153846154 0.02403846153846154
0 0.8341346153846154 0.8629807692307693 0.02403846153846154 0.02403846153846154
0 0.0625 0.8173076923076924 0.02403846153846154 0.02403846153846154
0 0.038461538461538464 0.8100961538461539 0.02403846153846154 0.02403846153846154
0 0.7740384615384616 0.8004807692307693 0.02403846153846154 0.02403846153846154
0 0.15384615384615385 0.8052884615384616 0.02403846153846154 0.02403846153846154
0 0.6995192307692308 0.7980769230769231 0.02403846153846154 0.02403846153846154
0 0.7163461538461539 0.7860576923076924 0.02403846153846154 0.02403846153846154
0 0.20673076923076925 0.7788461538461539 0.02403846153846154 0.02403846153846154
0 0.3822115384615385 0.7692307692307693 0.02403846153846154 0.02403846153846154
0 0.07692307692307693 0.7596153846153847 0.02403846153846154 0.02403846153846154
0 0.4759615384615385 0.7548076923076924 0.02403846153846154 0.02403846153846154
0 0.6418269230769231 0.7427884615384616 0.02403846153846154 0.02403846153846154
0 0.5096153846153847 0.7379807692307693 0.02403846153846154 0.02403846153846154
0 0.08653846153846154 0.7283653846153847 0.02403846153846154 0.02403846153846154
0 0.125 0.7211538461538461 0.02403846153846154 0.02403846153846154
0 0.3629807692307693 0.670673076923077 0.02403846153846154 0.02403846153846154
0 0.09855769230769232 0.6346153846153847 0.02403846153846154 0.02403846153846154
0 0.14903846153846154 0.6129807692307693 0.02403846153846154 0.02403846153846154
0 0.06009615384615385 0.5288461538461539 0.02403846153846154 0.02403846153846154
0 0.11298076923076923 0.4951923076923077 0.02403846153846154 0.02403846153846154
0 0.5985576923076923 0.4951923076923077 0.02403846153846154 0.02403846153846154
0 0.2139423076923077 0.43509615384615385 0.02403846153846154 0.02403846153846154
0 0.05528846153846154 0.4206730769230769 0.02403846153846154 0.02403846153846154
0 0.2980769230769231 0.4086538461538462 0.02403846153846154 0.02403846153846154
0 0.3269230769230769 0.39903846153846156 0.02403846153846154 0.02403846153846154
0 0.24759615384615385 0.33653846153846156 0.02403846153846154 0.02403846153846154
0 0.40384615384615385 0.3245192307692308 0.02403846153846154 0.02403846153846154
0 0.5384615384615385 0.2956730769230769 0.02403846153846154 0.02403846153846154
0 0.1778846153846154 0.28125 0.02403846153846154 0.02403846153846154
0 0.5048076923076923 0.2668269230769231 0.02403846153846154 0.02403846153846154
0 0.545673076923077 0.25480769230769235 0.02403846153846154 0.02403846153846154
0 0.2451923076923077 0.22355769230769232 0.02403846153846154 0.02403846153846154
0 0.23076923076923078 0.2139423076923077 0.02403846153846154 0.02403846153846154
0 0.6610576923076923 0.21153846153846156 0.02403846153846154 0.02403846153846154
0 0.3076923076923077 0.19711538461538464 0.02403846153846154 0.02403846153846154
0 0.03125 0.07692307692307693 0.02403846153846154 0.02403846153846154
0 0.3653846153846154 0.06971153846153846 0.02403846153846154 0.02403846153846154
0 0.21153846153846156 0.47836538461538464 0.02403846153846154 0.02403846153846154
0 0.24278846153846156 0.8822115384615385 0.02403846153846154 0.02403846153846154
0 0.20192307692307693 0.8822115384615385 0.02403846153846154 0.02403846153846154
0 0.24278846153846156 0.7211538461538461 0.02403846153846154 0.02403846153846154
0 0.2932692307692308 0.6754807692307693 0.02403846153846154 0.02403846153846154
0 0.5625 0.9471153846153847 0.02403846153846154 0.02403846153846154
0 0.5072115384615384 0.4495192307692308 0.02403846153846154 0.02403846153846154
0 0.1875 0.21153846153846156 0.02403846153846154 0.02403846153846154
0 0.5216346153846154 0.5673076923076923 0.02403846153846154 0.02403846153846154
0 0.35336538461538464 0.514423076923077 0.02403846153846154 0.02403846153846154
0 0.23076923076923078 0.545673076923077 0.02403846153846154 0.02403846153846154
0 0.14182692307692307 0.6730769230769231 0.02403846153846154 0.02403846153846154
0 0.6538461538461539 0.2980769230769231 0.02403846153846154 0.02403846153846154
0 0.4831730769230769 0.09615384615384616 0.02403846153846154 0.02403846153846154
0 0.39903846153846156 0.05528846153846154 0.02403846153846154 0.02403846153846154
0 0.22115384615384617 0.3701923076923077 0.02403846153846154 0.02403846153846154
0 0.47355769230769235 0.875 0.02403846153846154 0.02403846153846154
