0 0.06971153846153846 0.9399038461538463 0.02403846153846154 0.02403846153846154
0 0.24278846153846156 0.9110576923076924 0.02403846153846154 0.02403846153846154
0 0.03125 0.8822115384615385 0.02403846153846154 0.02403846153846154
0 0.1875 0.8798076923076924 0.02403846153846154 0.02403846153846154
0 0.2956730769230769 0.8774038461538463 0.02403846153846154 0.02403846153846154
0 0.78125 0.8774038461538463 0.02403846153846154 0.02403846153846154
0 0.06009615384615385 0.875 0.02403846153846154 0.02403846153846154
0 0.3966346153846154 0.8173076923076924 0.02403846153846154 0.02403846153846154
0 0.23798076923076925 0.8028846153846154 0.02403846153846154 0.02403846153846154
0 0.04567307692307693 0.8004807692307693 0.02403846153846154 0.02403846153846154
0 0.4807692307692308 0.7908653846153847 0.02403846153846154 0.02403846153846154
0 0.5096153846153847 0.78125 0.02403846153846154 0.02403846153846154
0 0.15625 0.7524038461538461 0.02403846153846154 0.02403846153846154
0 0.13942307692307693 0.733173076923077 0.02403846153846154 0.02403846153846154
0 0.1826923076923077 0.7259615384615385 0.02403846153846154 0.02403846153846154
0 0.43028846153846156 0.71875 0.02403846153846154 0.02403846153846154
0 0.1201923076923077 0.7139423076923077 0.02403846153846154 0.02403846153846154
0 0.5865384615384616 0.7067307692307693 0.02403846153846154 0.02403846153846154
0 0.7211538461538461 0.6778846153846154 0.02403846153846154 0.02403846153846154
0 0.3605769230769231 0.6634615384615385 0.02403846153846154 0.02403846153846154
0 0.6875 0.6490384615384616 0.02403846153846154 0.02403846153846154
0 0.7283653846153847 0.6370192307692308 0.02403846153846154 0.02403846153846154
0 0.4278846153846154 0.6057692307692308 0.02403846153846154 0.02403846153846154
0 0.4134615384615385 0.5961538461538461 0.02403846153846154 0.02403846153846154
0 0.14903846153846154 0.5889423076923077 0.02403846153846154 0.02403846153846154
0 0.84375 0.59375 0.02403846153846154 0.02403846153846154
0 0.4903846153846154 0.5793269230769231 0.02403846153846154 0.02403846153846154
0 0.06490384615384616 0.545673076923077 0.02403846153846154 0.02403846153846154
0 0.17307692307692307 0.545673076923077 0.02403846153846154 0.02403846153846154
0 0.2139423076923077 0.4591346153846154 0.02403846153846154 0.02403846153846154
0 0.10576923076923078 0.46153846153846156 0.02403846153846154 0.02403846153846154
0 0.5480769230769231 0.4519230769230769 0.02403846153846154 0.02403846153846154
0 0.04567307692307693 0.4086538461538462 0.02403846153846154 0.02403846153846154
0 0.7620192307692308 0.36778846153846156 0.02403846153846154 0.02403846153846154
0 0.5913461538461539 0.3605769230769231 0.02403846153846154 0.02403846153846154
0 0.6225961538461539 0.3605769230769231 0.02403846153846154 0.02403846153846154
0 0.10817307692307693 0.34855769230769235 0.02403846153846154 0.02403846153846154
0 0.5288461538461539 0.32211538461538464 0.02403846153846154 0.02403846153846154
0 0.36778846153846156 0.3197115384615385 0.02403846153846154 0.02403846153846154
0 0.576923076923077 0.28605769230769235 0.02403846153846154 0.02403846153846154
0 0.40625 0.28125 0.02403846153846154 0.02403846153846154
0 0.7427884615384616 0.25961538461538464 0.02403846153846154 0.02403846153846154
0 0.08173076923076923 0.25240384615384615 0.02403846153846154 0.02403846153846154
0 0.3629807692307693 0.2139423076923077 0.02403846153846154 0.02403846153846154
0 0.7548076923076924 0.19951923076923078 0.02403846153846154 0.02403846153846154
0 0.4879807692307693 0.13461538461538464 0.02403846153846154 0.02403846153846154
0 0.22355769230769232 0.11298076923076923 0.02403846153846154 0.02403846153846154
0 0.03365384615384616 0.04807692307692308 0.02403846153846154 0.02403846153846154
0 0.3942307692307693 0.8605769230769231 0.02403846153846154 0.02403846153846154
0 0.6899038461538461 0.8317307692307693 0.02403846153846154 0.02403846153846154
0 0.3701923076923077 0.59375 0.02403846153846154 0.02403846153846154
0 0.46634615384615385 0.39903846153846156 0.02403846153846154 0.02403846153846154
0 0.8870192307692308 0.2716346153846154 0.02403846153846154 0.02403846153846154
0 0.7043269230769231 0.9495192307692308 0.02403846153846154 0.02403846153846154
0 0.5360576923076923 0.8966346153846154 0.02403846153846154 0.02403846153846154
0 0.4134615384615385 0.9278846153846154 0.02403846153846154 0.02403846153846154
0 0.18509615384615385 0.8341346153846154 0.02403846153846154 0.02403846153846154
0 0.8365384615384616 0.6802884615384616 0.02403846153846154 0.02403846153846154
0 0.6658653846153847 0.47836538461538464 0.02403846153846154 0.02403846153846154
0 0.5817307692307693 0.4375 0.02403846153846154 0.02403846153846154
0 0.40384615384615385 0.7524038461538461 0.02403846153846154 0.02403846153846154
