0 0.4206730769230769 0.9663461538461539 0.02403846153846154 0.02403846153846154
0 0.04326923076923077 0.9663461538461539 0.02403846153846154 0.02403846153846154
0 0.4519230769230769 0.9471153846153847 0.02403846153846154 0.02403846153846154
0 0.25480769230769235 0.9375 0.02403846153846154 0.02403846153846154
0 0.5793269230769231 0.9254807692307693 0.02403846153846154 0.02403846153846154
0 0.5889423076923077 0.9134615384615385 0.02403846153846154 0.02403846153846154
0 0.22596153846153846 0.90625 0.02403846153846154 0.02403846153846154
0 0.5985576923076923 0.8846153846153847 0.02403846153846154 0.02403846153846154
0 0.7043269230769231 0.84375 0.02403846153846154 0.02403846153846154
0 0.038461538461538464 0.7908653846153847 0.02403846153846154 0.02403846153846154
0 0.07692307692307693 0.7091346153846154 0.02403846153846154 0.02403846153846154
0 0.41105769230769235 0.6971153846153847 0.02403846153846154 0.02403846153846154
0 0.6274038461538461 0.6105769230769231 0.02403846153846154 0.02403846153846154
0 0.45432692307692313 0.6057692307692308 0.02403846153846154 0.02403846153846154
0 0.2692307692307693 0.5240384615384616 0.02403846153846154 0.02403846153846154
0 0.22836538461538464 0.4567307692307693 0.02403846153846154 0.02403846153846154
0 0.8149038461538461 0.3269230769230769 0.02403846153846154 0.02403846153846154
0 0.02403846153846154 0.22596153846153846 0.02403846153846154 0.02403846153846154
0 0.12740384615384617 0.21153846153846156 0.02403846153846154 0.02403846153846154
0 0.6875 0.09375 0.02403846153846154 0.02403846153846154
0 0.889423076923077 0.8173076923076924 0.02403846153846154 0.02403846153846154
0 0.9663461538461539 0.8509615384615385 0.02403846153846154 0.02403846153846154
0 0.826923076923077 0.8461538461538463 0.02403846153846154 0.02403846153846154
0 0.889423076923077 0.6899038461538461 0.02403846153846154 0.02403846153846154
0 0.6274038461538461 0.4375 0.02403846153846154 0.02403846153846154
0 0.7524038461538461 0.22355769230769232 0.02403846153846154 0.02403846153846154
0 0.28605769230769235 0.8413461538461539 0.02403846153846154 0.02403846153846154
0 0.3341346153846154 0.6298076923076923 0.02403846153846154 0.02403846153846154
0 0.53125 0.7163461538461539 0.02403846153846154 0.02403846153846154
0 0.5697115384615385 0.6730769230769231 0.02403846153846154 0.02403846153846154
0 0.4903846153846154 0.5961538461538461 0.02403846153846154 0.02403846153846154
0 0.34615384615384615 0.375 0.02403846153846154 0.02403846153846154
0 0.14903846153846154 0.9134615384615385 0.02403846153846154 0.02403846153846154
