0 0.4879807692307693 0.9711538461538463 0.02403846153846154 0.02403846153846154
0 0.7548076923076924 0.96875 0.02403846153846154 0.02403846153846154
0 0.7115384615384616 0.9615384615384616 0.02403846153846154 0.02403846153846154
0 0.4134615384615385 0.951923076923077 0.02403846153846154 0.02403846153846154
0 0.7716346153846154 0.9423076923076924 0.02403846153846154 0.02403846153846154
0 0.3076923076923077 0.9399038461538463 0.02403846153846154 0.02403846153846154
0 0.5985576923076923 0.920673076923077 0.02403846153846154 0.02403846153846154
0 0.545673076923077 0.8990384615384616 0.02403846153846154 0.02403846153846154
0 0.1514423076923077 0.8942307692307693 0.02403846153846154 0.02403846153846154
0 0.7451923076923077 0.8677884615384616 0.02403846153846154 0.02403846153846154
0 0.9086538461538463 0.8653846153846154 0.02403846153846154 0.02403846153846154
0 0.4903846153846154 0.8677884615384616 0.02403846153846154 0.02403846153846154
0 0.07451923076923077 0.858173076923077 0.02403846153846154 0.02403846153846154
0 0.6225961538461539 0.8509615384615385 0.02403846153846154 0.02403846153846154
0 0.5264423076923077 0.8557692307692308 0.02403846153846154 0.02403846153846154
0 0.8533653846153847 0.8509615384615385 0.02403846153846154 0.02403846153846154
0 0.2956730769230769 0.8389423076923077 0.02403846153846154 0.02403846153846154
0 0.9567307692307693 0.8245192307692308 0.02403846153846154 0.02403846153846154
0 0.8798076923076924 0.8245192307692308 0.02403846153846154 0.02403846153846154
0 0.05528846153846154 0.8221153846153847 0.02403846153846154 0.02403846153846154
0 0.7788461538461539 0.8197115384615385 0.02403846153846154 0.02403846153846154
0 0.5913461538461539 0.8076923076923077 0.02403846153846154 0.02403846153846154
0 0.7475961538461539 0.8052884615384616 0.02403846153846154 0.02403846153846154
0 0.04326923076923077 0.7884615384615385 0.02403846153846154 0.02403846153846154
0 0.2980769230769231 0.7836538461538461 0.02403846153846154 0.02403846153846154
0 0.733173076923077 0.764423076923077 0.02403846153846154 0.02403846153846154
0 0.6682692307692308 0.7475961538461539 0.02403846153846154 0.02403846153846154
0 0.9615384615384616 0.7307692307692308 0.02403846153846154 0.02403846153846154
0 0.0625 0.7259615384615385 0.02403846153846154 0.02403846153846154
0 0.03365384615384616 0.7115384615384616 0.02403846153846154 0.02403846153846154
0 0.3629807692307693 0.7091346153846154 0.02403846153846154 0.02403846153846154
0 0.15384615384615385 0.6995192307692308 0.02403846153846154 0.02403846153846154
0 0.2139423076923077 0.6875 0.02403846153846154 0.02403846153846154
0 0.7139423076923077 0.6730769230769231 0.02403846153846154 0.02403846153846154
0 0.9639423076923077 0.6514423076923077 0.02403846153846154 0.02403846153846154
0 0.5697115384615385 0.6298076923076923 0.02403846153846154 0.02403846153846154
0 0.8341346153846154 0.6033653846153847 0.02403846153846154 0.02403846153846154
0 0.9230769230769231 0.5913461538461539 0.02403846153846154 0.02403846153846154
0 0.25961538461538464 0.5889423076923077 0.02403846153846154 0.02403846153846154
0 0.7115384615384616 0.5721153846153847 0.02403846153846154 0.02403846153846154
0 0.889423076923077 0.5600961538461539 0.02403846153846154 0.02403846153846154
0 0.9543269230769231 0.5673076923076923 0.02403846153846154 0.02403846153846154
0 0.6923076923076923 0.5600961538461539 0.02403846153846154 0.02403846153846154
0 0.21153846153846156 0.545673076923077 0.02403846153846154 0.02403846153846154
0 0.44711538461538464 0.5432692307692308 0.02403846153846154 0.02403846153846154
0 0.5600961538461539 0.53125 0.02403846153846154 0.02403846153846154
0 0.8028846153846154 0.5168269230769231 0.02403846153846154 0.02403846153846154
0 0.7259615384615385 0.5168269230769231 0.02403846153846154 0.02403846153846154
0 0.3293269230769231 0.5168269230769231 0.02403846153846154 0.02403846153846154
0 0.44230769230769235 0.514423076923077 0.02403846153846154 0.02403846153846154
0 0.6274038461538461 0.5072115384615384 0.02403846153846154 0.02403846153846154
0 0.5120192307692308 0.49278846153846156 0.02403846153846154 0.02403846153846154
0 0.07932692307692309 0.48557692307692313 0.02403846153846154 0.02403846153846154
0 0.9158653846153847 0.47836538461538464 0.02403846153846154 0.02403846153846154
0 0.49759615384615385 0.47355769230769235 0.02403846153846154 0.02403846153846154
0 0.8341346153846154 0.46634615384615385 0.02403846153846154 0.02403846153846154
0 0.7572115384615385 0.4591346153846154 0.02403846153846154 0.02403846153846154
0 0.5576923076923077 0.46153846153846156 0.02403846153846154 0.02403846153846154
0 0.19711538461538464 0.45432692307692313 0.02403846153846154 0.02403846153846154
0 0.5384615384615385 0.4375 0.02403846153846154 0.02403846153846154
0 0.3966346153846154 0.4399038461538462 0.02403846153846154 0.02403846153846154
0 0.8461538461538463 0.4326923076923077 0.02403846153846154 0.02403846153846154
0 0.4326923076923077 0.42307692307692313 0.02403846153846154 0.02403846153846154
0 0.2932692307692308 0.4254807692307693 0.02403846153846154 0.02403846153846154
0 0.6995192307692308 0.4206730769230769 0.02403846153846154 0.02403846153846154
0 0.6370192307692308 0.40625 0.02403846153846154 0.02403846153846154
0 0.16826923076923078 0.3966346153846154 0.02403846153846154 0.02403846153846154
0 0.6490384615384616 0.375 0.02403846153846154 0.02403846153846154
0 0.48557692307692313 0.3653846153846154 0.02403846153846154 0.02403846153846154
0 0.5360576923076923 0.3581730769230769 0.02403846153846154 0.02403846153846154
0 0.8149038461538461 0.3557692307692308 0.02403846153846154 0.02403846153846154
0 0.23076923076923078 0.3317307692307693 0.02403846153846154 0.02403846153846154
0 0.7524038461538461 0.33653846153846156 0.02403846153846154 0.02403846153846154
0 0.5841346153846154 0.31490384615384615 0.02403846153846154 0.02403846153846154
0 0.9326923076923077 0.31009615384615385 0.02403846153846154 0.02403846153846154
0 0.2956730769230769 0.24759615384615385 0.02403846153846154 0.02403846153846154
0 0.7572115384615385 0.2091346153846154 0.02403846153846154 0.02403846153846154
0 0.7932692307692308 0.18990384615384617 0.02403846153846154 0.02403846153846154
0 0.4567307692307693 0.16346153846153846 0.02403846153846154 0.02403846153846154
0 0.9423076923076924 0.1514423076923077 0.02403846153846154 0.02403846153846154
0 0.42307692307692313 0.14903846153846154 0.02403846153846154 0.02403846153846154
0 0.7139423076923077 0.14182692307692307 0.02403846153846154 0.02403846153846154
0 0.41105769230769235 0.13221153846153846 0.02403846153846154 0.02403846153846154
0 0.27884615384615385 0.14182692307692307 0.02403846153846154 0.02403846153846154
0 0.7668269230769231 0.13221153846153846 0.02403846153846154 0.02403846153846154
0 0.65625 0.125 0.02403846153846154 0.02403846153846154
0 0.5841346153846154 0.10576923076923078 0.02403846153846154 0.02403846153846154
0 0.09855769230769232 0.10336538461538462 0.02403846153846154 0.02403846153846154
0 0.5192307692307693 0.07211538461538462 0.02403846153846154 0.02403846153846154
0 0.34615384615384615 0.06009615384615385 0.02403846153846154 0.02403846153846154
0 0.826923076923077 0.05288461538461539 0.02403846153846154 0.02403846153846154
0 0.16105769230769232 0.03365384615384616 0.02403846153846154 0.02403846153846154
0 0.37980769230769235 0.9471153846153847 0.02403846153846154 0.02403846153846154
0 0.03125 0.5889423076923077 0.02403846153846154 0.02403846153846154
0 0.28365384615384615 0.2884615384615385 0.02403846153846154 0.02403846153846154
0 0.14182692307692307 0.3822115384615385 0.02403846153846154 0.02403846153846154
0 0.05528846153846154 0.25 0.02403846153846154 0.02403846153846154
0 0.25480769230769235 0.49278846153846156 0.02403846153846154 0.02403846153846154
0 0.10336538461538462 0.5576923076923077 0.02403846153846154 0.02403846153846154
0 0.4278846153846154 0.7524038461538461 0.02403846153846154 0.02403846153846154
0 0.41586538461538464 0.8533653846153847 0.02403846153846154 0.02403846153846154
0 0.3605769230769231 0.7836538461538461 0.02403846153846154 0.02403846153846154
0 0.5552884615384616 0.6947115384615385 0.02403846153846154 0.02403846153846154
