0 0.49278846153846156 0.9663461538461539 0.02403846153846154 0.02403846153846154
0 0.18990384615384617 0.9567307692307693 0.02403846153846154 0.02403846153846154
0 0.057692307692307696 0.9663461538461539 0.02403846153846154 0.02403846153846154
0 0.545673076923077 0.9567307692307693 0.02403846153846154 0.02403846153846154
0 0.43509615384615385 0.9495192307692308 0.02403846153846154 0.02403846153846154
0 0.7620192307692308 0.9399038461538463 0.02403846153846154 0.02403846153846154
0 0.3629807692307693 0.9302884615384616 0.02403846153846154 0.02403846153846154
0 0.2980769230769231 0.8966346153846154 0.02403846153846154 0.02403846153846154
0 0.125 0.8846153846153847 0.02403846153846154 0.02403846153846154
0 0.6057692307692308 0.8774038461538463 0.02403846153846154 0.02403846153846154
0 0.639423076923077 0.84375 0.02403846153846154 0.02403846153846154
0 0.6778846153846154 0.8197115384615385 0.02403846153846154 0.02403846153846154
0 0.7115384615384616 0.8149038461538461 0.02403846153846154 0.02403846153846154
0 0.4254807692307693 0.8028846153846154 0.02403846153846154 0.02403846153846154
0 0.7307692307692308 0.7692307692307693 0.02403846153846154 0.02403846153846154
0 0.19951923076923078 0.7427884615384616 0.02403846153846154 0.02403846153846154
0 0.3125 0.7379807692307693 0.02403846153846154 0.02403846153846154
0 0.46634615384615385 0.7283653846153847 0.02403846153846154 0.02403846153846154
0 0.4326923076923077 0.6754807692307693 0.02403846153846154 0.02403846153846154
0 0.3269230769230769 0.6754807692307693 0.02403846153846154 0.02403846153846154
0 0.7235576923076924 0.6274038461538461 0.02403846153846154 0.02403846153846154
0 0.125 0.59375 0.02403846153846154 0.02403846153846154
0 0.6923076923076923 0.59375 0.02403846153846154 0.02403846153846154
0 0.5600961538461539 0.5408653846153847 0.02403846153846154 0.02403846153846154
0 0.7980769230769231 0.5120192307692308 0.02403846153846154 0.02403846153846154
0 0.3966346153846154 0.5 0.02403846153846154 0.02403846153846154
0 0.5865384615384616 0.49278846153846156 0.02403846153846154 0.02403846153846154
0 0.6995192307692308 0.4711538461538462 0.02403846153846154 0.02403846153846154
0 0.41105769230769235 0.4567307692307693 0.02403846153846154 0.02403846153846154
0 0.5817307692307693 0.4447115384615385 0.02403846153846154 0.02403846153846154
0 0.10336538461538462 0.43028846153846156 0.02403846153846154 0.02403846153846154
0 0.23317307692307693 0.41105769230769235 0.02403846153846154 0.02403846153846154
0 0.75 0.39903846153846156 0.02403846153846154 0.02403846153846154
0 0.22115384615384617 0.3894230769230769 0.02403846153846154 0.02403846153846154
0 0.2355769230769231 0.2572115384615385 0.02403846153846154 0.02403846153846154
0 0.9038461538461539 0.22355769230769232 0.02403846153846154 0.02403846153846154
0 0.39903846153846156 0.19711538461538464 0.02403846153846154 0.02403846153846154
0 0.3605769230769231 0.09855769230769232 0.02403846153846154 0.02403846153846154
0 0.2403846153846154 0.0625 0.02403846153846154 0.02403846153846154
0 0.12740384615384617 0.75 0.02403846153846154 0.02403846153846154
0 0.04326923076923077 0.7259615384615385 0.02403846153846154 0.02403846153846154
0 0.8173076923076924 0.7379807692307693 0.02403846153846154 0.02403846153846154
0 0.8149038461538461 0.05048076923076923 0.02403846153846154 0.02403846153846154
