0 0.06009615384615385 0.9471153846153847 0.02403846153846154 0.02403846153846154
0 0.7788461538461539 0.9302884615384616 0.02403846153846154 0.02403846153846154
0 0.18028846153846154 0.8966346153846154 0.02403846153846154 0.02403846153846154
0 0.7475961538461539 0.8966346153846154 0.02403846153846154 0.02403846153846154
0 0.6153846153846154 0.84375 0.02403846153846154 0.02403846153846154
0 0.8533653846153847 0.8149038461538461 0.02403846153846154 0.02403846153846154
0 0.4519230769230769 0.8028846153846154 0.02403846153846154 0.02403846153846154
0 0.6418269230769231 0.795673076923077 0.02403846153846154 0.02403846153846154
0 0.7548076923076924 0.7740384615384616 0.02403846153846154 0.02403846153846154
0 0.46634615384615385 0.7596153846153847 0.02403846153846154 0.02403846153846154
0 0.6370192307692308 0.7475961538461539 0.02403846153846154 0.02403846153846154
0 0.15865384615384617 0.733173076923077 0.02403846153846154 0.02403846153846154
0 0.2884615384615385 0.7139423076923077 0.02403846153846154 0.02403846153846154
0 0.8052884615384616 0.701923076923077 0.02403846153846154 0.02403846153846154
0 0.2764423076923077 0.6923076923076923 0.02403846153846154 0.02403846153846154
0 0.29086538461538464 0.5600961538461539 0.02403846153846154 0.02403846153846154
0 0.9591346153846154 0.5264423076923077 0.02403846153846154 0.02403846153846154
0 0.05528846153846154 0.5288461538461539 0.02403846153846154 0.02403846153846154
0 0.45432692307692313 0.5 0.02403846153846154 0.02403846153846154
0 0.41586538461538464 0.4014423076923077 0.02403846153846154 0.02403846153846154
0 0.2956730769230769 0.3653846153846154 0.02403846153846154 0.02403846153846154
0 0.4447115384615385 0.12740384615384617 0.02403846153846154 0.02403846153846154
0 0.8701923076923077 0.35336538461538464 0.02403846153846154 0.02403846153846154
