0 0.2355769230769231 0.9663461538461539 0.02403846153846154 0.02403846153846154
0 0.43509615384615385 0.9350961538461539 0.02403846153846154 0.02403846153846154
0 0.5985576923076923 0.9326923076923077 0.02403846153846154 0.02403846153846154
0 0.18028846153846154 0.9350961538461539 0.02403846153846154 0.02403846153846154
0 0.795673076923077 0.920673076923077 0.02403846153846154 0.02403846153846154
0 0.3125 0.9182692307692308 0.02403846153846154 0.02403846153846154
0 0.21634615384615385 0.9230769230769231 0.02403846153846154 0.02403846153846154
0 0.5432692307692308 0.9182692307692308 0.02403846153846154 0.02403846153846154
0 0.7163461538461539 0.9134615384615385 0.02403846153846154 0.02403846153846154
0 0.6466346153846154 0.8918269230769231 0.02403846153846154 0.02403846153846154
0 0.5697115384615385 0.8918269230769231 0.02403846153846154 0.02403846153846154
0 0.46875 0.8870192307692308 0.02403846153846154 0.02403846153846154
0 0.28125 0.875 0.02403846153846154 0.02403846153846154
0 0.4375 0.8725961538461539 0.02403846153846154 0.02403846153846154
0 0.6682692307692308 0.858173076923077 0.02403846153846154 0.02403846153846154
0 0.42307692307692313 0.8317307692307693 0.02403846153846154 0.02403846153846154
0 0.7403846153846154 0.8173076923076924 0.02403846153846154 0.02403846153846154
0 0.3581730769230769 0.8149038461538461 0.02403846153846154 0.02403846153846154
0 0.6947115384615385 0.8052884615384616 0.02403846153846154 0.02403846153846154
0 0.7163461538461539 0.8052884615384616 0.02403846153846154 0.02403846153846154
0 0.6514423076923077 0.7980769230769231 0.02403846153846154 0.02403846153846154
0 0.9471153846153847 0.7908653846153847 0.02403846153846154 0.02403846153846154
0 0.05288461538461539 0.7764423076923077 0.02403846153846154 0.02403846153846154
0 0.40384615384615385 0.7403846153846154 0.02403846153846154 0.02403846153846154
0 0.8028846153846154 0.7355769230769231 0.02403846153846154 0.02403846153846154
0 0.8942307692307693 0.7283653846153847 0.02403846153846154 0.02403846153846154
0 0.9591346153846154 0.7211538461538461 0.02403846153846154 0.02403846153846154
0 0.6947115384615385 0.7211538461538461 0.02403846153846154 0.02403846153846154
0 0.7427884615384616 0.71875 0.02403846153846154 0.02403846153846154
0 0.6538461538461539 0.71875 0.02403846153846154 0.02403846153846154
0 0.9591346153846154 0.6971153846153847 0.02403846153846154 0.02403846153846154
0 0.25961538461538464 0.6971153846153847 0.02403846153846154 0.02403846153846154
0 0.8990384615384616 0.6875 0.02403846153846154 0.02403846153846154
0 0.6875 0.6826923076923077 0.02403846153846154 0.02403846153846154
0 0.5240384615384616 0.670673076923077 0.02403846153846154 0.02403846153846154
0 0.6129807692307693 0.6586538461538461 0.02403846153846154 0.02403846153846154
0 0.8822115384615385 0.6442307692307693 0.02403846153846154 0.02403846153846154
0 0.4014423076923077 0.639423076923077 0.02403846153846154 0.02403846153846154
0 0.5793269230769231 0.6274038461538461 0.02403846153846154 0.02403846153846154
0 0.8725961538461539 0.6225961538461539 0.02403846153846154 0.02403846153846154
0 0.6442307692307693 0.6346153846153847 0.02403846153846154 0.02403846153846154
0 0.3822115384615385 0.6274038461538461 0.02403846153846154 0.02403846153846154
0 0.9471153846153847 0.6153846153846154 0.02403846153846154 0.02403846153846154
0 0.6802884615384616 0.6153846153846154 0.02403846153846154 0.02403846153846154
0 0.13701923076923078 0.6105769230769231 0.02403846153846154 0.02403846153846154
0 0.25 0.5985576923076923 0.02403846153846154 0.02403846153846154
0 0.49278846153846156 0.5841346153846154 0.02403846153846154 0.02403846153846154
0 0.41586538461538464 0.5841346153846154 0.02403846153846154 0.02403846153846154
0 0.13221153846153846 0.5817307692307693 0.02403846153846154 0.02403846153846154
0 0.31730769230769235 0.5745192307692308 0.02403846153846154 0.02403846153846154
0 0.20192307692307693 0.5600961538461539 0.02403846153846154 0.02403846153846154
0 0.6057692307692308 0.545673076923077 0.02403846153846154 0.02403846153846154
0 0.1875 0.5408653846153847 0.02403846153846154 0.02403846153846154
0 0.5240384615384616 0.5336538461538461 0.02403846153846154 0.02403846153846154
0 0.44711538461538464 0.5264423076923077 0.02403846153846154 0.02403846153846154
0 0.24759615384615385 0.5288461538461539 0.02403846153846154 0.02403846153846154
0 0.22836538461538464 0.5048076923076923 0.02403846153846154 0.02403846153846154
0 0.08653846153846154 0.5072115384615384 0.02403846153846154 0.02403846153846154
0 0.9615384615384616 0.5024038461538461 0.02403846153846154 0.02403846153846154
0 0.5360576923076923 0.5 0.02403846153846154 0.02403846153846154
0 0.12259615384615385 0.4903846153846154 0.02403846153846154 0.02403846153846154
0 0.3894230769230769 0.4879807692307693 0.02403846153846154 0.02403846153846154
0 0.7379807692307693 0.4759615384615385 0.02403846153846154 0.02403846153846154
0 0.3269230769230769 0.47355769230769235 0.02403846153846154 0.02403846153846154
0 0.9302884615384616 0.4519230769230769 0.02403846153846154 0.02403846153846154
0 0.3389423076923077 0.44230769230769235 0.02403846153846154 0.02403846153846154
0 0.17548076923076925 0.4326923076923077 0.02403846153846154 0.02403846153846154
0 0.22596153846153846 0.4254807692307693 0.02403846153846154 0.02403846153846154
0 0.5048076923076923 0.42307692307692313 0.02403846153846154 0.02403846153846154
0 0.44230769230769235 0.40384615384615385 0.02403846153846154 0.02403846153846154
0 0.6802884615384616 0.3822115384615385 0.02403846153846154 0.02403846153846154
0 0.27403846153846156 0.3822115384615385 0.02403846153846154 0.02403846153846154
0 0.6225961538461539 0.3774038461538462 0.02403846153846154 0.02403846153846154
0 0.8677884615384616 0.3629807692307693 0.02403846153846154 0.02403846153846154
0 0.8389423076923077 0.3509615384615385 0.02403846153846154 0.02403846153846154
0 0.6802884615384616 0.3509615384615385 0.02403846153846154 0.02403846153846154
0 0.8990384615384616 0.3076923076923077 0.02403846153846154 0.02403846153846154
0 0.44711538461538464 0.2764423076923077 0.02403846153846154 0.02403846153846154
0 0.84375 0.2644230769230769 0.02403846153846154 0.02403846153846154
0 0.4831730769230769 0.2572115384615385 0.02403846153846154 0.02403846153846154
0 0.8774038461538463 0.23798076923076925 0.02403846153846154 0.02403846153846154
0 0.1466346153846154 0.23076923076923078 0.02403846153846154 0.02403846153846154
0 0.6322115384615385 0.21875 0.02403846153846154 0.02403846153846154
0 0.11298076923076923 0.21634615384615385 0.02403846153846154 0.02403846153846154
0 0.40384615384615385 0.2091346153846154 0.02403846153846154 0.02403846153846154
0 0.10096153846153846 0.19951923076923078 0.02403846153846154 0.02403846153846154
0 0.4567307692307693 0.19951923076923078 0.02403846153846154 0.02403846153846154
0 0.34615384615384615 0.19230769230769232 0.02403846153846154 0.02403846153846154
0 0.6730769230769231 0.1826923076923077 0.02403846153846154 0.02403846153846154
0 0.27403846153846156 0.17307692307692307 0.02403846153846154 0.02403846153846154
0 0.2091346153846154 0.13942307692307693 0.02403846153846154 0.02403846153846154
0 0.03605769230769231 0.12740384615384617 0.02403846153846154 0.02403846153846154
0 0.8966346153846154 0.125 0.02403846153846154 0.02403846153846154
0 0.5168269230769231 0.1201923076923077 0.02403846153846154 0.02403846153846154
0 0.5504807692307693 0.08653846153846154 0.02403846153846154 0.02403846153846154
0 0.951923076923077 0.08413461538461539 0.02403846153846154 0.02403846153846154
0 0.5889423076923077 0.0625 0.02403846153846154 0.02403846153846154
0 0.6225961538461539 0.057692307692307696 0.02403846153846154 0.02403846153846154
0 0.33653846153846156 0.04567307692307693 0.02403846153846154 0.02403846153846154
0 0.9350961538461539 0.7451923076923077 0.02403846153846154 0.02403846153846154
0 0.8846153846153847 0.7716346153846154 0.02403846153846154 0.02403846153846154
0 0.11778846153846155 0.8197115384615385 0.02403846153846154 0.02403846153846154
0 0.10576923076923078 0.920673076923077 0.02403846153846154 0.02403846153846154
0 0.05048076923076923 0.8509615384615385 0.02403846153846154 0.02403846153846154
0 0.2451923076923077 0.7620192307692308 0.02403846153846154 0.02403846153846154
