0 0.05288461538461539 0.9615384615384616 0.02403846153846154 0.02403846153846154
0 0.3269230769230769 0.9471153846153847 0.02403846153846154 0.02403846153846154
0 0.06971153846153846 0.9350961538461539 0.02403846153846154 0.02403846153846154
0 0.5192307692307693 0.9350961538461539 0.02403846153846154 0.02403846153846154
0 0.37259615384615385 0.90625 0.02403846153846154 0.02403846153846154
0 0.28365384615384615 0.90625 0.02403846153846154 0.02403846153846154
0 0.8076923076923077 0.90625 0.02403846153846154 0.02403846153846154
0 0.5961538461538461 0.8677884615384616 0.02403846153846154 0.02403846153846154
0 0.8677884615384616 0.8629807692307693 0.02403846153846154 0.02403846153846154
0 0.04326923076923077 0.8605769230769231 0.02403846153846154 0.02403846153846154
0 0.20673076923076925 0.858173076923077 0.02403846153846154 0.02403846153846154
0 0.40384615384615385 0.8461538461538463 0.02403846153846154 0.02403846153846154
0 0.1514423076923077 0.84375 0.02403846153846154 0.02403846153846154
0 0.3245192307692308 0.8389423076923077 0.02403846153846154 0.02403846153846154
0 0.6129807692307693 0.8413461538461539 0.02403846153846154 0.02403846153846154
0 0.9615384615384616 0.8317307692307693 0.02403846153846154 0.02403846153846154
0 0.670673076923077 0.8245192307692308 0.02403846153846154 0.02403846153846154
0 0.25480769230769235 0.8173076923076924 0.02403846153846154 0.02403846153846154
0 0.1778846153846154 0.8173076923076924 0.02403846153846154 0.02403846153846154
0 0.07692307692307693 0.8125 0.02403846153846154 0.02403846153846154
0 0.04567307692307693 0.7980769230769231 0.02403846153846154 0.02403846153846154
0 0.6009615384615385 0.7908653846153847 0.02403846153846154 0.02403846153846154
0 0.2764423076923077 0.7836538461538461 0.02403846153846154 0.02403846153846154
0 0.6634615384615385 0.78125 0.02403846153846154 0.02403846153846154
0 0.9471153846153847 0.764423076923077 0.02403846153846154 0.02403846153846154
0 0.8725961538461539 0.7620192307692308 0.02403846153846154 0.02403846153846154
0 0.03125 0.7572115384615385 0.02403846153846154 0.02403846153846154
0 0.8509615384615385 0.7548076923076924 0.02403846153846154 0.02403846153846154
0 0.34855769230769235 0.7427884615384616 0.02403846153846154 0.02403846153846154
0 0.6225961538461539 0.7355769230769231 0.02403846153846154 0.02403846153846154
0 0.3028846153846154 0.7307692307692308 0.02403846153846154 0.02403846153846154
0 0.3245192307692308 0.7307692307692308 0.02403846153846154 0.02403846153846154
0 0.25961538461538464 0.7235576923076924 0.02403846153846154 0.02403846153846154
0 0.5552884615384616 0.7163461538461539 0.02403846153846154 0.02403846153846154
0 0.670673076923077 0.7091346153846154 0.02403846153846154 0.02403846153846154
0 0.8918269230769231 0.701923076923077 0.02403846153846154 0.02403846153846154
0 0.6875 0.6754807692307693 0.02403846153846154 0.02403846153846154
0 0.9350961538461539 0.6682692307692308 0.02403846153846154 0.02403846153846154
0 0.41105769230769235 0.6610576923076923 0.02403846153846154 0.02403846153846154
0 0.5024038461538461 0.6538461538461539 0.02403846153846154 0.02403846153846154
0 0.5673076923076923 0.6466346153846154 0.02403846153846154 0.02403846153846154
0 0.3028846153846154 0.6466346153846154 0.02403846153846154 0.02403846153846154
0 0.3509615384615385 0.6442307692307693 0.02403846153846154 0.02403846153846154
0 0.2620192307692308 0.6442307692307693 0.02403846153846154 0.02403846153846154
0 0.5673076923076923 0.6225961538461539 0.02403846153846154 0.02403846153846154
0 0.6057692307692308 0.6177884615384616 0.02403846153846154 0.02403846153846154
0 0.7355769230769231 0.6129807692307693 0.02403846153846154 0.02403846153846154
0 0.5072115384615384 0.6129807692307693 0.02403846153846154 0.02403846153846154
0 0.2956730769230769 0.608173076923077 0.02403846153846154 0.02403846153846154
0 0.9254807692307693 0.6009615384615385 0.02403846153846154 0.02403846153846154
0 0.13221153846153846 0.5961538461538461 0.02403846153846154 0.02403846153846154
0 0.22115384615384617 0.5841346153846154 0.02403846153846154 0.02403846153846154
0 0.9110576923076924 0.576923076923077 0.02403846153846154 0.02403846153846154
0 0.4903846153846154 0.5697115384615385 0.02403846153846154 0.02403846153846154
0 0.6057692307692308 0.5552884615384616 0.02403846153846154 0.02403846153846154
0 0.764423076923077 0.5552884615384616 0.02403846153846154 0.02403846153846154
0 0.1875 0.5528846153846154 0.02403846153846154 0.02403846153846154
0 0.9591346153846154 0.5552884615384616 0.02403846153846154 0.02403846153846154
0 0.4807692307692308 0.5480769230769231 0.02403846153846154 0.02403846153846154
0 0.25240384615384615 0.5600961538461539 0.02403846153846154 0.02403846153846154
0 0.5552884615384616 0.5408653846153847 0.02403846153846154 0.02403846153846154
0 0.2884615384615385 0.5408653846153847 0.02403846153846154 0.02403846153846154
0 0.951923076923077 0.5120192307692308 0.02403846153846154 0.02403846153846154
0 0.10096153846153846 0.5096153846153847 0.02403846153846154 0.02403846153846154
0 0.02403846153846154 0.5096153846153847 0.02403846153846154 0.02403846153846154
0 0.6971153846153847 0.5 0.02403846153846154 0.02403846153846154
0 0.2139423076923077 0.4711538461538462 0.02403846153846154 0.02403846153846154
0 0.8725961538461539 0.4711538461538462 0.02403846153846154 0.02403846153846154
0 0.13221153846153846 0.4591346153846154 0.02403846153846154 0.02403846153846154
0 0.05528846153846154 0.4519230769230769 0.02403846153846154 0.02403846153846154
0 0.6634615384615385 0.44230769230769235 0.02403846153846154 0.02403846153846154
0 0.9254807692307693 0.4375 0.02403846153846154 0.02403846153846154
0 0.6899038461538461 0.4375 0.02403846153846154 0.02403846153846154
0 0.5697115384615385 0.4278846153846154 0.02403846153846154 0.02403846153846154
0 0.14423076923076925 0.4254807692307693 0.02403846153846154 0.02403846153846154
0 0.8509615384615385 0.41586538461538464 0.02403846153846154 0.02403846153846154
0 0.6201923076923077 0.41586538461538464 0.02403846153846154 0.02403846153846154
0 0.34615384615384615 0.4014423076923077 0.02403846153846154 0.02403846153846154
0 0.8125 0.3918269230769231 0.02403846153846154 0.02403846153846154
0 0.5384615384615385 0.3774038461538462 0.02403846153846154 0.02403846153846154
0 0.6754807692307693 0.36778846153846156 0.02403846153846154 0.02403846153846154
0 0.6009615384615385 0.3629807692307693 0.02403846153846154 0.02403846153846154
0 0.11298076923076923 0.34855769230769235 0.02403846153846154 0.02403846153846154
0 0.5889423076923077 0.3197115384615385 0.02403846153846154 0.02403846153846154
0 0.05048076923076923 0.3293269230769231 0.02403846153846154 0.02403846153846154
0 0.7860576923076924 0.31490384615384615 0.02403846153846154 0.02403846153846154
0 0.2884615384615385 0.3076923076923077 0.02403846153846154 0.02403846153846154
0 0.23076923076923078 0.3028846153846154 0.02403846153846154 0.02403846153846154
0 0.7668269230769231 0.29086538461538464 0.02403846153846154 0.02403846153846154
0 0.4759615384615385 0.2884615384615385 0.02403846153846154 0.02403846153846154
0 0.8076923076923077 0.28365384615384615 0.02403846153846154 0.02403846153846154
0 0.44711538461538464 0.2764423076923077 0.02403846153846154 0.02403846153846154
0 0.7475961538461539 0.27403846153846156 0.02403846153846154 0.02403846153846154
0 0.2884615384615385 0.2764423076923077 0.02403846153846154 0.02403846153846154
0 0.5072115384615384 0.23317307692307693 0.02403846153846154 0.02403846153846154
0 0.05528846153846154 0.20192307692307693 0.02403846153846154 0.02403846153846154
0 0.4519230769230769 0.18990384615384617 0.02403846153846154 0.02403846153846154
0 0.09134615384615385 0.1826923076923077 0.02403846153846154 0.02403846153846154
0 0.48557692307692313 0.16346153846153846 0.02403846153846154 0.02403846153846154
0 0.7764423076923077 0.14903846153846154 0.02403846153846154 0.02403846153846154
0 0.2403846153846154 0.14423076923076925 0.02403846153846154 0.02403846153846154
0 0.06490384615384616 0.125 0.02403846153846154 0.02403846153846154
0 0.7403846153846154 0.11298076923076923 0.02403846153846154 0.02403846153846154
0 0.28125 0.10817307692307693 0.02403846153846154 0.02403846153846154
0 0.8028846153846154 0.10817307692307693 0.02403846153846154 0.02403846153846154
0 0.5048076923076923 0.05048076923076923 0.02403846153846154 0.02403846153846154
0 0.125 0.04567307692307693 0.02403846153846154 0.02403846153846154
0 0.8413461538461539 0.026442307692307696 0.02403846153846154 0.02403846153846154
0 0.7548076923076924 0.889423076923077 0.02403846153846154 0.02403846153846154
0 0.5432692307692308 0.670673076923077 0.02403846153846154 0.02403846153846154
0 0.49278846153846156 0.6971153846153847 0.02403846153846154 0.02403846153846154
0 0.9134615384615385 0.23076923076923078 0.02403846153846154 0.02403846153846154
