0 0.8990384615384616 0.9495192307692308 0.02403846153846154 0.02403846153846154
0 0.8605769230769231 0.8509615384615385 0.02403846153846154 0.02403846153846154
0 0.7403846153846154 0.8149038461538461 0.02403846153846154 0.02403846153846154
0 0.4326923076923077 0.7548076923076924 0.02403846153846154 0.02403846153846154
0 0.2668269230769231 0.7163461538461539 0.02403846153846154 0.02403846153846154
0 0.8798076923076924 0.29086538461538464 0.02403846153846154 0.02403846153846154
0 0.889423076923077 0.576923076923077 0.02403846153846154 0.02403846153846154
0 0.4206730769230769 0.9134615384615385 0.02403846153846154 0.02403846153846154
0 0.3004807692307693 0.9423076923076924 0.02403846153846154 0.02403846153846154
0 0.7884615384615385 0.3341346153846154 0.02403846153846154 0.02403846153846154
