0 0.31009615384615385 0.9447115384615385 0.02403846153846154 0.02403846153846154
0 0.10096153846153846 0.9158653846153847 0.02403846153846154 0.02403846153846154
0 0.3629807692307693 0.9110576923076924 0.02403846153846154 0.02403846153846154
0 0.12740384615384617 0.9110576923076924 0.02403846153846154 0.02403846153846154
0 0.2884615384615385 0.889423076923077 0.02403846153846154 0.02403846153846154
0 0.057692307692307696 0.889423076923077 0.02403846153846154 0.02403846153846154
0 0.25 0.8653846153846154 0.02403846153846154 0.02403846153846154
0 0.4639423076923077 0.8509615384615385 0.02403846153846154 0.02403846153846154
0 0.11298076923076923 0.8413461538461539 0.02403846153846154 0.02403846153846154
0 0.038461538461538464 0.8365384615384616 0.02403846153846154 0.02403846153846154
0 0.545673076923077 0.826923076923077 0.02403846153846154 0.02403846153846154
0 0.5793269230769231 0.8149038461538461 0.02403846153846154 0.02403846153846154
0 0.026442307692307696 0.7932692307692308 0.02403846153846154 0.02403846153846154
0 0.22355769230769232 0.7884615384615385 0.02403846153846154 0.02403846153846154
0 0.2043269230769231 0.764423076923077 0.02403846153846154 0.02403846153846154
0 0.6225961538461539 0.7572115384615385 0.02403846153846154 0.02403846153846154
0 0.2451923076923077 0.7572115384615385 0.02403846153846154 0.02403846153846154
0 0.18509615384615385 0.7475961538461539 0.02403846153846154 0.02403846153846154
0 0.6538461538461539 0.7379807692307693 0.02403846153846154 0.02403846153846154
0 0.4567307692307693 0.7283653846153847 0.02403846153846154 0.02403846153846154
0 0.78125 0.7163461538461539 0.02403846153846154 0.02403846153846154
0 0.7908653846153847 0.7043269230769231 0.02403846153846154 0.02403846153846154
0 0.4278846153846154 0.6971153846153847 0.02403846153846154 0.02403846153846154
0 0.8004807692307693 0.6754807692307693 0.02403846153846154 0.02403846153846154
0 0.90625 0.6346153846153847 0.02403846153846154 0.02403846153846154
0 0.2139423076923077 0.6225961538461539 0.02403846153846154 0.02403846153846154
0 0.1778846153846154 0.5865384615384616 0.02403846153846154 0.02403846153846154
0 0.2403846153846154 0.5817307692307693 0.02403846153846154 0.02403846153846154
0 0.27884615384615385 0.5 0.02403846153846154 0.02403846153846154
0 0.17307692307692307 0.4951923076923077 0.02403846153846154 0.02403846153846154
0 0.6129807692307693 0.4879807692307693 0.02403846153846154 0.02403846153846154
0 0.11298076923076923 0.44230769230769235 0.02403846153846154 0.02403846153846154
0 0.8293269230769231 0.4014423076923077 0.02403846153846154 0.02403846153846154
0 0.65625 0.3966346153846154 0.02403846153846154 0.02403846153846154
0 0.17548076923076925 0.38461538461538464 0.02403846153846154 0.02403846153846154
0 0.1514423076923077 0.34134615384615385 0.02403846153846154 0.02403846153846154
0 0.4711538461538462 0.31490384615384615 0.02403846153846154 0.02403846153846154
0 0.43028846153846156 0.24759615384615385 0.02403846153846154 0.02403846153846154
0 0.10096153846153846 0.08173076923076923 0.02403846153846154 0.02403846153846154
0 0.14903846153846154 0.28605769230769235 0.02403846153846154 0.02403846153846154
0 0.84375 0.9158653846153847 0.02403846153846154 0.02403846153846154
0 0.8846153846153847 0.8413461538461539 0.02403846153846154 0.02403846153846154
0 0.8293269230769231 0.22836538461538464 0.02403846153846154 0.02403846153846154
0 0.4879807692307693 0.6322115384615385 0.02403846153846154 0.02403846153846154
0 0.5360576923076923 0.4206730769230769 0.02403846153846154 0.02403846153846154
0 0.733173076923077 0.5072115384615384 0.02403846153846154 0.02403846153846154
0 0.7716346153846154 0.4639423076923077 0.02403846153846154 0.02403846153846154
0 0.6923076923076923 0.3870192307692308 0.02403846153846154 0.02403846153846154
0 0.5480769230769231 0.16586538461538464 0.02403846153846154 0.02403846153846154
0 0.3509615384615385 0.7043269230769231 0.02403846153846154 0.02403846153846154
