0 0.13221153846153846 0.9302884615384616 0.02403846153846154 0.02403846153846154
0 0.2355769230769231 0.9158653846153847 0.02403846153846154 0.02403846153846154
0 0.795673076923077 0.7980769230769231 0.02403846153846154 0.02403846153846154
0 0.22836538461538464 0.6658653846153847 0.02403846153846154 0.02403846153846154
0 0.6225961538461539 0.625 0.02403846153846154 0.02403846153846154
0 0.4278846153846154 0.5817307692307693 0.02403846153846154 0.02403846153846154
0 0.25 0.5673076923076923 0.02403846153846154 0.02403846153846154
0 0.764423076923077 0.5336538461538461 0.02403846153846154 0.02403846153846154
0 0.3605769230769231 0.44711538461538464 0.02403846153846154 0.02403846153846154
0 0.5072115384615384 0.4182692307692308 0.02403846153846154 0.02403846153846154
0 0.057692307692307696 0.3918269230769231 0.02403846153846154 0.02403846153846154
0 0.5625 0.34134615384615385 0.02403846153846154 0.02403846153846154
0 0.8317307692307693 0.3028846153846154 0.02403846153846154 0.02403846153846154
0 0.28605769230769235 0.3004807692307693 0.02403846153846154 0.02403846153846154
0 0.43509615384615385 0.2884615384615385 0.02403846153846154 0.02403846153846154
0 0.8629807692307693 0.25480769230769235 0.02403846153846154 0.02403846153846154
0 0.31730769230769235 0.25240384615384615 0.02403846153846154 0.02403846153846154
0 0.4447115384615385 0.19471153846153846 0.02403846153846154 0.02403846153846154
0 0.49759615384615385 0.16826923076923078 0.02403846153846154 0.02403846153846154
0 0.45432692307692313 0.1514423076923077 0.02403846153846154 0.02403846153846154
0 0.8605769230769231 0.9278846153846154 0.02403846153846154 0.02403846153846154
0 0.24759615384615385 0.3341346153846154 0.02403846153846154 0.02403846153846154
