0 0.9110576923076924 0.9615384615384616 0.02403846153846154 0.02403846153846154
0 0.16826923076923078 0.9471153846153847 0.02403846153846154 0.02403846153846154
0 0.2932692307692308 0.8918269230769231 0.02403846153846154 0.02403846153846154
0 0.5673076923076923 0.875 0.02403846153846154 0.02403846153846154
0 0.13221153846153846 0.8461538461538463 0.02403846153846154 0.02403846153846154
0 0.0625 0.8509615384615385 0.02403846153846154 0.02403846153846154
0 0.6899038461538461 0.84375 0.02403846153846154 0.02403846153846154
0 0.71875 0.8341346153846154 0.02403846153846154 0.02403846153846154
0 0.18028846153846154 0.8173076923076924 0.02403846153846154 0.02403846153846154
0 0.6274038461538461 0.8125 0.02403846153846154 0.02403846153846154
0 0.04326923076923077 0.8076923076923077 0.02403846153846154 0.02403846153846154
0 0.19471153846153846 0.7860576923076924 0.02403846153846154 0.02403846153846154
0 0.28125 0.7379807692307693 0.02403846153846154 0.02403846153846154
0 0.2451923076923077 0.7307692307692308 0.02403846153846154 0.02403846153846154
0 0.7836538461538461 0.7139423076923077 0.02403846153846154 0.02403846153846154
0 0.0625 0.7211538461538461 0.02403846153846154 0.02403846153846154
0 0.04326923076923077 0.6442307692307693 0.02403846153846154 0.02403846153846154
0 0.59375 0.6009615384615385 0.02403846153846154 0.02403846153846154
0 0.8245192307692308 0.5865384615384616 0.02403846153846154 0.02403846153846154
0 0.6610576923076923 0.5288461538461539 0.02403846153846154 0.02403846153846154
0 0.3701923076923077 0.4759615384615385 0.02403846153846154 0.02403846153846154
0 0.8149038461538461 0.44230769230769235 0.02403846153846154 0.02403846153846154
0 0.6754807692307693 0.41586538461538464 0.02403846153846154 0.02403846153846154
0 0.4326923076923077 0.3629807692307693 0.02403846153846154 0.02403846153846154
0 0.6466346153846154 0.3581730769230769 0.02403846153846154 0.02403846153846154
0 0.625 0.3605769230769231 0.02403846153846154 0.02403846153846154
0 0.46153846153846156 0.34855769230769235 0.02403846153846154 0.02403846153846154
0 0.3004807692307693 0.34615384615384615 0.02403846153846154 0.02403846153846154
0 0.6346153846153847 0.3341346153846154 0.02403846153846154 0.02403846153846154
0 0.6730769230769231 0.3293269230769231 0.02403846153846154 0.02403846153846154
0 0.25240384615384615 0.3245192307692308 0.02403846153846154 0.02403846153846154
0 0.7043269230769231 0.27884615384615385 0.02403846153846154 0.02403846153846154
0 0.5673076923076923 0.2764423076923077 0.02403846153846154 0.02403846153846154
0 0.47355769230769235 0.27884615384615385 0.02403846153846154 0.02403846153846154
0 0.12980769230769232 0.21634615384615385 0.02403846153846154 0.02403846153846154
0 0.71875 0.20673076923076925 0.02403846153846154 0.02403846153846154
0 0.826923076923077 0.16105769230769232 0.02403846153846154 0.02403846153846154
0 0.45432692307692313 0.09375 0.02403846153846154 0.02403846153846154
0 0.038461538461538464 0.06730769230769232 0.02403846153846154 0.02403846153846154
0 0.27884615384615385 0.04567307692307693 0.02403846153846154 0.02403846153846154
0 0.22115384615384617 0.038461538461538464 0.02403846153846154 0.02403846153846154
0 0.16346153846153846 0.03605769230769231 0.02403846153846154 0.02403846153846154
0 0.8485576923076924 0.96875 0.02403846153846154 0.02403846153846154
0 0.3028846153846154 0.9399038461538463 0.02403846153846154 0.02403846153846154
0 0.7355769230769231 0.5889423076923077 0.02403846153846154 0.02403846153846154
0 0.5576923076923077 0.8245192307692308 0.02403846153846154 0.02403846153846154
0 0.9182692307692308 0.3942307692307693 0.02403846153846154 0.02403846153846154
0 0.7355769230769231 0.4759615384615385 0.02403846153846154 0.02403846153846154
0 0.6850961538461539 0.8990384615384616 0.02403846153846154 0.02403846153846154
