0 0.6033653846153847 0.9543269230769231 0.02403846153846154 0.02403846153846154
0 0.9182692307692308 0.90625 0.02403846153846154 0.02403846153846154
0 0.8245192307692308 0.9086538461538463 0.02403846153846154 0.02403846153846154
0 0.4807692307692308 0.8461538461538463 0.02403846153846154 0.02403846153846154
0 0.8052884615384616 0.7235576923076924 0.02403846153846154 0.02403846153846154
0 0.3894230769230769 0.6971153846153847 0.02403846153846154 0.02403846153846154
0 0.6298076923076923 0.6754807692307693 0.02403846153846154 0.02403846153846154
0 0.09375 0.670673076923077 0.02403846153846154 0.02403846153846154
0 0.5721153846153847 0.6682692307692308 0.02403846153846154 0.02403846153846154
0 0.514423076923077 0.6658653846153847 0.02403846153846154 0.02403846153846154
0 0.9399038461538463 0.6346153846153847 0.02403846153846154 0.02403846153846154
0 0.34615384615384615 0.6322115384615385 0.02403846153846154 0.02403846153846154
0 0.7115384615384616 0.6177884615384616 0.02403846153846154 0.02403846153846154
0 0.3870192307692308 0.6177884615384616 0.02403846153846154 0.02403846153846154
0 0.4903846153846154 0.5721153846153847 0.02403846153846154 0.02403846153846154
0 0.7740384615384616 0.5576923076923077 0.02403846153846154 0.02403846153846154
0 0.49759615384615385 0.48557692307692313 0.02403846153846154 0.02403846153846154
0 0.5721153846153847 0.4639423076923077 0.02403846153846154 0.02403846153846154
0 0.6971153846153847 0.4591346153846154 0.02403846153846154 0.02403846153846154
0 0.16105769230769232 0.4399038461538462 0.02403846153846154 0.02403846153846154
0 0.9278846153846154 0.4182692307692308 0.02403846153846154 0.02403846153846154
0 0.53125 0.3966346153846154 0.02403846153846154 0.02403846153846154
0 0.7740384615384616 0.3125 0.02403846153846154 0.02403846153846154
0 0.2355769230769231 0.15865384615384617 0.02403846153846154 0.02403846153846154
0 0.2620192307692308 0.11778846153846155 0.02403846153846154 0.02403846153846154
0 0.8701923076923077 0.06730769230769232 0.02403846153846154 0.02403846153846154
