0 0.5721153846153847 0.7259615384615385 0.02403846153846154 0.02403846153846154
0 0.19951923076923078 0.6730769230769231 0.02403846153846154 0.02403846153846154
0 0.7115384615384616 0.6346153846153847 0.02403846153846154 0.02403846153846154
0 0.9639423076923077 0.5961538461538461 0.02403846153846154 0.02403846153846154
0 0.5552884615384616 0.5721153846153847 0.02403846153846154 0.02403846153846154
0 0.23076923076923078 0.4086538461538462 0.02403846153846154 0.02403846153846154
0 0.7788461538461539 0.40384615384615385 0.02403846153846154 0.02403846153846154
0 0.38461538461538464 0.3918269230769231 0.02403846153846154 0.02403846153846154
0 0.3942307692307693 0.2980769230769231 0.02403846153846154 0.02403846153846154
0 0.5168269230769231 0.21634615384615385 0.02403846153846154 0.02403846153846154
0 0.8533653846153847 0.12259615384615385 0.02403846153846154 0.02403846153846154
0 0.8798076923076924 0.08173076923076923 0.02403846153846154 0.02403846153846154
0 0.3774038461538462 0.6802884615384616 0.02403846153846154 0.02403846153846154
0 0.4519230769230769 0.5168269230769231 0.02403846153846154 0.02403846153846154
0 0.5865384615384616 0.5240384615384616 0.02403846153846154 0.02403846153846154
0 0.17067307692307693 0.7668269230769231 0.02403846153846154 0.02403846153846154
0 0.30528846153846156 0.5504807692307693 0.02403846153846154 0.02403846153846154
0 0.53125 0.4591346153846154 0.02403846153846154 0.02403846153846154
