0 0.7980769230769231 0.9399038461538463 0.02403846153846154 0.02403846153846154
0 0.31009615384615385 0.9423076923076924 0.02403846153846154 0.02403846153846154
0 0.4495192307692308 0.9326923076923077 0.02403846153846154 0.02403846153846154
0 0.8822115384615385 0.9134615384615385 0.02403846153846154 0.02403846153846154
0 0.9158653846153847 0.90625 0.02403846153846154 0.02403846153846154
0 0.3605769230769231 0.8870192307692308 0.02403846153846154 0.02403846153846154
0 0.8052884615384616 0.8798076923076924 0.02403846153846154 0.02403846153846154
0 0.5600961538461539 0.8774038461538463 0.02403846153846154 0.02403846153846154
0 0.0625 0.8725961538461539 0.02403846153846154 0.02403846153846154
0 0.5408653846153847 0.858173076923077 0.02403846153846154 0.02403846153846154
0 0.9615384615384616 0.84375 0.02403846153846154 0.02403846153846154
0 0.8317307692307693 0.8413461538461539 0.02403846153846154 0.02403846153846154
0 0.795673076923077 0.8197115384615385 0.02403846153846154 0.02403846153846154
0 0.3701923076923077 0.8076923076923077 0.02403846153846154 0.02403846153846154
0 0.6923076923076923 0.8004807692307693 0.02403846153846154 0.02403846153846154
0 0.764423076923077 0.7884615384615385 0.02403846153846154 0.02403846153846154
0 0.7163461538461539 0.7067307692307693 0.02403846153846154 0.02403846153846154
0 0.576923076923077 0.6730769230769231 0.02403846153846154 0.02403846153846154
0 0.5096153846153847 0.5865384615384616 0.02403846153846154 0.02403846153846154
0 0.9495192307692308 0.5745192307692308 0.02403846153846154 0.02403846153846154
0 0.3341346153846154 0.576923076923077 0.02403846153846154 0.02403846153846154
0 0.8725961538461539 0.5192307692307693 0.02403846153846154 0.02403846153846154
0 0.5120192307692308 0.47355769230769235 0.02403846153846154 0.02403846153846154
0 0.9350961538461539 0.4447115384615385 0.02403846153846154 0.02403846153846154
0 0.7740384615384616 0.4447115384615385 0.02403846153846154 0.02403846153846154
0 0.4831730769230769 0.3774038461538462 0.02403846153846154 0.02403846153846154
0 0.8846153846153847 0.2572115384615385 0.02403846153846154 0.02403846153846154
0 0.4014423076923077 0.13221153846153846 0.02403846153846154 0.02403846153846154
0 0.4399038461538462 0.5336538461538461 0.02403846153846154 0.02403846153846154
0 0.3197115384615385 0.46153846153846156 0.02403846153846154 0.02403846153846154
0 0.3076923076923077 0.4903846153846154 0.02403846153846154 0.02403846153846154
0 0.2692307692307693 0.6153846153846154 0.02403846153846154 0.02403846153846154
0 0.5120192307692308 0.6754807692307693 0.02403846153846154 0.02403846153846154
0 0.5480769230769231 0.78125 0.02403846153846154 0.02403846153846154
0 0.7740384615384616 0.7163461538461539 0.02403846153846154 0.02403846153846154
0 0.8293269230769231 0.5625 0.02403846153846154 0.02403846153846154
0 0.795673076923077 0.96875 0.02403846153846154 0.02403846153846154
0 0.5841346153846154 0.9543269230769231 0.02403846153846154 0.02403846153846154
0 0.375 0.9302884615384616 0.02403846153846154 0.02403846153846154
0 0.38461538461538464 0.9711538461538463 0.02403846153846154 0.02403846153846154
0 0.25240384615384615 0.7235576923076924 0.02403846153846154 0.02403846153846154
0 0.21634615384615385 0.7572115384615385 0.02403846153846154 0.02403846153846154
0 0.25240384615384615 0.8533653846153847 0.02403846153846154 0.02403846153846154
0 0.038461538461538464 0.12259615384615385 0.02403846153846154 0.02403846153846154
