0 0.9399038461538463 0.875 0.02403846153846154 0.02403846153846154
0 0.4134615384615385 0.7908653846153847 0.02403846153846154 0.02403846153846154
0 0.040865384615384616 0.7379807692307693 0.02403846153846154 0.02403846153846154
0 0.8485576923076924 0.7259615384615385 0.02403846153846154 0.02403846153846154
0 0.5528846153846154 0.6995192307692308 0.02403846153846154 0.02403846153846154
0 0.8052884615384616 0.6610576923076923 0.02403846153846154 0.02403846153846154
0 0.8461538461538463 0.6466346153846154 0.02403846153846154 0.02403846153846154
0 0.3966346153846154 0.6370192307692308 0.02403846153846154 0.02403846153846154
0 0.9495192307692308 0.6009615384615385 0.02403846153846154 0.02403846153846154
0 0.9567307692307693 0.514423076923077 0.02403846153846154 0.02403846153846154
0 0.07211538461538462 0.47355769230769235 0.02403846153846154 0.02403846153846154
0 0.6201923076923077 0.46875 0.02403846153846154 0.02403846153846154
0 0.22596153846153846 0.4567307692307693 0.02403846153846154 0.02403846153846154
0 0.2355769230769231 0.3629807692307693 0.02403846153846154 0.02403846153846154
0 0.3581730769230769 0.28125 0.02403846153846154 0.02403846153846154
0 0.6947115384615385 0.1875 0.02403846153846154 0.02403846153846154
0 0.7211538461538461 0.1466346153846154 0.02403846153846154 0.02403846153846154
0 0.21875 0.7451923076923077 0.02403846153846154 0.02403846153846154
0 0.2932692307692308 0.5817307692307693 0.02403846153846154 0.02403846153846154
0 0.4278846153846154 0.5889423076923077 0.02403846153846154 0.02403846153846154
0 0.1466346153846154 0.6153846153846154 0.02403846153846154 0.02403846153846154
0 0.37259615384615385 0.5240384615384616 0.02403846153846154 0.02403846153846154
