0 0.4831730769230769 0.9350961538461539 0.02403846153846154 0.02403846153846154
0 0.36778846153846156 0.9350961538461539 0.02403846153846154 0.02403846153846154
0 0.2091346153846154 0.9278846153846154 0.02403846153846154 0.02403846153846154
0 0.4326923076923077 0.9230769230769231 0.02403846153846154 0.02403846153846154
0 0.1826923076923077 0.9158653846153847 0.02403846153846154 0.02403846153846154
0 0.7067307692307693 0.9086538461538463 0.02403846153846154 0.02403846153846154
0 0.8485576923076924 0.8677884615384616 0.02403846153846154 0.02403846153846154
0 0.21875 0.8677884615384616 0.02403846153846154 0.02403846153846154
0 0.8197115384615385 0.8389423076923077 0.02403846153846154 0.02403846153846154
0 0.21153846153846156 0.8293269230769231 0.02403846153846154 0.02403846153846154
0 0.8389423076923077 0.8221153846153847 0.02403846153846154 0.02403846153846154
0 0.8966346153846154 0.8100961538461539 0.02403846153846154 0.02403846153846154
0 0.4254807692307693 0.7932692307692308 0.02403846153846154 0.02403846153846154
0 0.12980769230769232 0.7884615384615385 0.02403846153846154 0.02403846153846154
0 0.43028846153846156 0.7668269230769231 0.02403846153846154 0.02403846153846154
0 0.9567307692307693 0.75 0.02403846153846154 0.02403846153846154
0 0.6658653846153847 0.75 0.02403846153846154 0.02403846153846154
0 0.18509615384615385 0.7524038461538461 0.02403846153846154 0.02403846153846154
0 0.10817307692307693 0.7307692307692308 0.02403846153846154 0.02403846153846154
0 0.8461538461538463 0.7235576923076924 0.02403846153846154 0.02403846153846154
0 0.7307692307692308 0.7115384615384616 0.02403846153846154 0.02403846153846154
0 0.5745192307692308 0.7091346153846154 0.02403846153846154 0.02403846153846154
0 0.28365384615384615 0.6899038461538461 0.02403846153846154 0.02403846153846154
0 0.701923076923077 0.6802884615384616 0.02403846153846154 0.02403846153846154
0 0.764423076923077 0.6634615384615385 0.02403846153846154 0.02403846153846154
0 0.36778846153846156 0.6634615384615385 0.02403846153846154 0.02403846153846154
0 0.4014423076923077 0.65625 0.02403846153846154 0.02403846153846154
0 0.8846153846153847 0.6514423076923077 0.02403846153846154 0.02403846153846154
0 0.5841346153846154 0.639423076923077 0.02403846153846154 0.02403846153846154
0 0.29086538461538464 0.6298076923076923 0.02403846153846154 0.02403846153846154
0 0.04567307692307693 0.6274038461538461 0.02403846153846154 0.02403846153846154
0 0.026442307692307696 0.608173076923077 0.02403846153846154 0.02403846153846154
0 0.44711538461538464 0.59375 0.02403846153846154 0.02403846153846154
0 0.31730769230769235 0.5913461538461539 0.02403846153846154 0.02403846153846154
0 0.4759615384615385 0.5793269230769231 0.02403846153846154 0.02403846153846154
0 0.28125 0.5697115384615385 0.02403846153846154 0.02403846153846154
0 0.8100961538461539 0.5576923076923077 0.02403846153846154 0.02403846153846154
0 0.75 0.5552884615384616 0.02403846153846154 0.02403846153846154
0 0.6057692307692308 0.5504807692307693 0.02403846153846154 0.02403846153846154
0 0.1778846153846154 0.5504807692307693 0.02403846153846154 0.02403846153846154
0 0.7283653846153847 0.5504807692307693 0.02403846153846154 0.02403846153846154
0 0.25 0.5384615384615385 0.02403846153846154 0.02403846153846154
0 0.7884615384615385 0.53125 0.02403846153846154 0.02403846153846154
0 0.5721153846153847 0.5216346153846154 0.02403846153846154 0.02403846153846154
0 0.4759615384615385 0.5240384615384616 0.02403846153846154 0.02403846153846154
0 0.6177884615384616 0.5120192307692308 0.02403846153846154 0.02403846153846154
0 0.8100961538461539 0.47836538461538464 0.02403846153846154 0.02403846153846154
0 0.8461538461538463 0.4759615384615385 0.02403846153846154 0.02403846153846154
0 0.8197115384615385 0.4639423076923077 0.02403846153846154 0.02403846153846154
0 0.7307692307692308 0.46634615384615385 0.02403846153846154 0.02403846153846154
0 0.20192307692307693 0.4567307692307693 0.02403846153846154 0.02403846153846154
0 0.7139423076923077 0.44711538461538464 0.02403846153846154 0.02403846153846154
0 0.9134615384615385 0.44230769230769235 0.02403846153846154 0.02403846153846154
0 0.9086538461538463 0.4182692307692308 0.02403846153846154 0.02403846153846154
0 0.0625 0.42307692307692313 0.02403846153846154 0.02403846153846154
0 0.639423076923077 0.4134615384615385 0.02403846153846154 0.02403846153846154
0 0.5552884615384616 0.34855769230769235 0.02403846153846154 0.02403846153846154
0 0.8004807692307693 0.3317307692307693 0.02403846153846154 0.02403846153846154
0 0.9158653846153847 0.3269230769230769 0.02403846153846154 0.02403846153846154
0 0.43509615384615385 0.3245192307692308 0.02403846153846154 0.02403846153846154
0 0.5745192307692308 0.3197115384615385 0.02403846153846154 0.02403846153846154
0 0.5961538461538461 0.31490384615384615 0.02403846153846154 0.02403846153846154
0 0.4759615384615385 0.3125 0.02403846153846154 0.02403846153846154
0 0.3581730769230769 0.2692307692307693 0.02403846153846154 0.02403846153846154
0 0.5096153846153847 0.2355769230769231 0.02403846153846154 0.02403846153846154
0 0.47836538461538464 0.2355769230769231 0.02403846153846154 0.02403846153846154
0 0.4206730769230769 0.19471153846153846 0.02403846153846154 0.02403846153846154
0 0.25961538461538464 0.19471153846153846 0.02403846153846154 0.02403846153846154
0 0.7740384615384616 0.1466346153846154 0.02403846153846154 0.02403846153846154
0 0.6322115384615385 0.13942307692307693 0.02403846153846154 0.02403846153846154
0 0.9038461538461539 0.10096153846153846 0.02403846153846154 0.02403846153846154
0 0.5048076923076923 0.09615384615384616 0.02403846153846154 0.02403846153846154
0 0.6490384615384616 0.07211538461538462 0.02403846153846154 0.02403846153846154
0 0.858173076923077 0.03605769230769231 0.02403846153846154 0.02403846153846154
0 0.4591346153846154 0.16105769230769232 0.02403846153846154 0.02403846153846154
0 0.03365384615384616 0.53125 0.02403846153846154 0.02403846153846154
0 0.25961538461538464 0.46634615384615385 0.02403846153846154 0.02403846153846154
0 0.31490384615384615 0.3125 0.02403846153846154 0.02403846153846154
0 0.46875 0.6153846153846154 0.02403846153846154 0.02403846153846154
0 0.38461538461538464 0.733173076923077 0.02403846153846154 0.02403846153846154
0 0.28125 0.71875 0.02403846153846154 0.02403846153846154
0 0.31009615384615385 0.7980769230769231 0.02403846153846154 0.02403846153846154
0 0.06971153846153846 0.7043269230769231 0.02403846153846154 0.02403846153846154
0 0.9182692307692308 0.6418269230769231 0.02403846153846154 0.02403846153846154
0 0.8028846153846154 0.6225961538461539 0.02403846153846154 0.02403846153846154
0 0.8317307692307693 0.6418269230769231 0.02403846153846154 0.02403846153846154
0 0.8725961538461539 0.8918269230769231 0.02403846153846154 0.02403846153846154
0 0.17067307692307693 0.8798076923076924 0.02403846153846154 0.02403846153846154
0 0.08413461538461539 0.8293269230769231 0.02403846153846154 0.02403846153846154
0 0.6514423076923077 0.24278846153846156 0.02403846153846154 0.02403846153846154
0 0.8149038461538461 0.2043269230769231 0.02403846153846154 0.02403846153846154
0 0.7836538461538461 0.3894230769230769 0.02403846153846154 0.02403846153846154
0 0.5528846153846154 0.4831730769230769 0.02403846153846154 0.02403846153846154
0 0.2139423076923077 0.9038461538461539 0.02403846153846154 0.02403846153846154
