0 0.10096153846153846 0.9711538461538463 0.02403846153846154 0.02403846153846154
0 0.18509615384615385 0.9663461538461539 0.02403846153846154 0.02403846153846154
0 0.576923076923077 0.951923076923077 0.02403846153846154 0.02403846153846154
0 0.4375 0.9447115384615385 0.02403846153846154 0.02403846153846154
0 0.3341346153846154 0.9278846153846154 0.02403846153846154 0.02403846153846154
0 0.10576923076923078 0.9302884615384616 0.02403846153846154 0.02403846153846154
0 0.4495192307692308 0.9182692307692308 0.02403846153846154 0.02403846153846154
0 0.13942307692307693 0.920673076923077 0.02403846153846154 0.02403846153846154
0 0.6466346153846154 0.9134615384615385 0.02403846153846154 0.02403846153846154
0 0.6298076923076923 0.9086538461538463 0.02403846153846154 0.02403846153846154
0 0.8798076923076924 0.9038461538461539 0.02403846153846154 0.02403846153846154
0 0.7548076923076924 0.8341346153846154 0.02403846153846154 0.02403846153846154
0 0.8076923076923077 0.8197115384615385 0.02403846153846154 0.02403846153846154
0 0.4519230769230769 0.8149038461538461 0.02403846153846154 0.02403846153846154
0 0.40625 0.7980769230769231 0.02403846153846154 0.02403846153846154
0 0.5961538461538461 0.7884615384615385 0.02403846153846154 0.02403846153846154
0 0.701923076923077 0.7884615384615385 0.02403846153846154 0.02403846153846154
0 0.07692307692307693 0.7836538461538461 0.02403846153846154 0.02403846153846154
0 0.1875 0.78125 0.02403846153846154 0.02403846153846154
0 0.46153846153846156 0.7716346153846154 0.02403846153846154 0.02403846153846154
0 0.057692307692307696 0.7692307692307693 0.02403846153846154 0.02403846153846154
0 0.6225961538461539 0.764423076923077 0.02403846153846154 0.02403846153846154
0 0.6899038461538461 0.7548076923076924 0.02403846153846154 0.02403846153846154
0 0.31490384615384615 0.7475961538461539 0.02403846153846154 0.02403846153846154
0 0.8725961538461539 0.7379807692307693 0.02403846153846154 0.02403846153846154
0 0.2956730769230769 0.7139423076923077 0.02403846153846154 0.02403846153846154
0 0.7067307692307693 0.7067307692307693 0.02403846153846154 0.02403846153846154
0 0.1875 0.6802884615384616 0.02403846153846154 0.02403846153846154
0 0.11538461538461539 0.6682692307692308 0.02403846153846154 0.02403846153846154
0 0.7283653846153847 0.6682692307692308 0.02403846153846154 0.02403846153846154
0 0.12259615384615385 0.6490384615384616 0.02403846153846154 0.02403846153846154
0 0.8197115384615385 0.6514423076923077 0.02403846153846154 0.02403846153846154
0 0.37259615384615385 0.6466346153846154 0.02403846153846154 0.02403846153846154
0 0.6514423076923077 0.639423076923077 0.02403846153846154 0.02403846153846154
0 0.12259615384615385 0.6298076923076923 0.02403846153846154 0.02403846153846154
0 0.8004807692307693 0.6225961538461539 0.02403846153846154 0.02403846153846154
0 0.14423076923076925 0.6129807692307693 0.02403846153846154 0.02403846153846154
0 0.5504807692307693 0.5889423076923077 0.02403846153846154 0.02403846153846154
0 0.5865384615384616 0.576923076923077 0.02403846153846154 0.02403846153846154
0 0.7451923076923077 0.5625 0.02403846153846154 0.02403846153846154
0 0.5841346153846154 0.5528846153846154 0.02403846153846154 0.02403846153846154
0 0.5072115384615384 0.5504807692307693 0.02403846153846154 0.02403846153846154
0 0.42307692307692313 0.5408653846153847 0.02403846153846154 0.02403846153846154
0 0.11778846153846155 0.5408653846153847 0.02403846153846154 0.02403846153846154
0 0.3918269230769231 0.5432692307692308 0.02403846153846154 0.02403846153846154
0 0.25961538461538464 0.5 0.02403846153846154 0.02403846153846154
0 0.6153846153846154 0.4903846153846154 0.02403846153846154 0.02403846153846154
0 0.3870192307692308 0.4903846153846154 0.02403846153846154 0.02403846153846154
0 0.84375 0.48557692307692313 0.02403846153846154 0.02403846153846154
0 0.23076923076923078 0.4711538461538462 0.02403846153846154 0.02403846153846154
0 0.4591346153846154 0.46634615384615385 0.02403846153846154 0.02403846153846154
0 0.7307692307692308 0.46153846153846156 0.02403846153846154 0.02403846153846154
0 0.25 0.45432692307692313 0.02403846153846154 0.02403846153846154
0 0.8725961538461539 0.44711538461538464 0.02403846153846154 0.02403846153846154
0 0.3076923076923077 0.44230769230769235 0.02403846153846154 0.02403846153846154
0 0.5865384615384616 0.4375 0.02403846153846154 0.02403846153846154
0 0.545673076923077 0.4134615384615385 0.02403846153846154 0.02403846153846154
0 0.8725961538461539 0.40384615384615385 0.02403846153846154 0.02403846153846154
0 0.6298076923076923 0.4014423076923077 0.02403846153846154 0.02403846153846154
0 0.5168269230769231 0.39903846153846156 0.02403846153846154 0.02403846153846154
0 0.4375 0.3918269230769231 0.02403846153846154 0.02403846153846154
0 0.36778846153846156 0.3822115384615385 0.02403846153846154 0.02403846153846154
0 0.07692307692307693 0.3822115384615385 0.02403846153846154 0.02403846153846154
0 0.4567307692307693 0.375 0.02403846153846154 0.02403846153846154
0 0.2572115384615385 0.3557692307692308 0.02403846153846154 0.02403846153846154
0 0.14182692307692307 0.34375 0.02403846153846154 0.02403846153846154
0 0.45432692307692313 0.34615384615384615 0.02403846153846154 0.02403846153846154
0 0.8846153846153847 0.3341346153846154 0.02403846153846154 0.02403846153846154
0 0.6538461538461539 0.31730769230769235 0.02403846153846154 0.02403846153846154
0 0.8870192307692308 0.31490384615384615 0.02403846153846154 0.02403846153846154
0 0.11298076923076923 0.3125 0.02403846153846154 0.02403846153846154
0 0.6802884615384616 0.3076923076923077 0.02403846153846154 0.02403846153846154
0 0.9014423076923077 0.3004807692307693 0.02403846153846154 0.02403846153846154
0 0.3870192307692308 0.2980769230769231 0.02403846153846154 0.02403846153846154
0 0.17548076923076925 0.2956730769230769 0.02403846153846154 0.02403846153846154
0 0.7283653846153847 0.29086538461538464 0.02403846153846154 0.02403846153846154
0 0.2956730769230769 0.28365384615384615 0.02403846153846154 0.02403846153846154
0 0.4879807692307693 0.2403846153846154 0.02403846153846154 0.02403846153846154
0 0.7043269230769231 0.23317307692307693 0.02403846153846154 0.02403846153846154
0 0.514423076923077 0.20192307692307693 0.02403846153846154 0.02403846153846154
0 0.8725961538461539 0.18990384615384617 0.02403846153846154 0.02403846153846154
0 0.22115384615384617 0.18990384615384617 0.02403846153846154 0.02403846153846154
0 0.16105769230769232 0.1875 0.02403846153846154 0.02403846153846154
0 0.4903846153846154 0.18509615384615385 0.02403846153846154 0.02403846153846154
0 0.8798076923076924 0.1826923076923077 0.02403846153846154 0.02403846153846154
0 0.13942307692307693 0.1826923076923077 0.02403846153846154 0.02403846153846154
0 0.9326923076923077 0.1778846153846154 0.02403846153846154 0.02403846153846154
0 0.19951923076923078 0.16346153846153846 0.02403846153846154 0.02403846153846154
0 0.8629807692307693 0.15865384615384617 0.02403846153846154 0.02403846153846154
0 0.639423076923077 0.15865384615384617 0.02403846153846154 0.02403846153846154
0 0.8221153846153847 0.14423076923076925 0.02403846153846154 0.02403846153846154
0 0.028846153846153848 0.14423076923076925 0.02403846153846154 0.02403846153846154
0 0.96875 0.13221153846153846 0.02403846153846154 0.02403846153846154
0 0.4495192307692308 0.13221153846153846 0.02403846153846154 0.02403846153846154
0 0.6730769230769231 0.125 0.02403846153846154 0.02403846153846154
0 0.22115384615384617 0.11057692307692309 0.02403846153846154 0.02403846153846154
0 0.3942307692307693 0.10576923076923078 0.02403846153846154 0.02403846153846154
0 0.2572115384615385 0.10817307692307693 0.02403846153846154 0.02403846153846154
0 0.5384615384615385 0.09615384615384616 0.02403846153846154 0.02403846153846154
0 0.23076923076923078 0.09615384615384616 0.02403846153846154 0.02403846153846154
0 0.14182692307692307 0.09855769230769232 0.02403846153846154 0.02403846153846154
0 0.125 0.07932692307692309 0.02403846153846154 0.02403846153846154
0 0.3245192307692308 0.07451923076923077 0.02403846153846154 0.02403846153846154
0 0.4326923076923077 0.05288461538461539 0.02403846153846154 0.02403846153846154
0 0.3197115384615385 0.05048076923076923 0.02403846153846154 0.02403846153846154
0 0.4903846153846154 0.05048076923076923 0.02403846153846154 0.02403846153846154
0 0.05048076923076923 0.04567307692307693 0.02403846153846154 0.02403846153846154
0 0.8004807692307693 0.11778846153846155 0.02403846153846154 0.02403846153846154
0 0.7548076923076924 0.10576923076923078 0.02403846153846154 0.02403846153846154
0 0.7572115384615385 0.038461538461538464 0.02403846153846154 0.02403846153846154
0 0.4519230769230769 0.18509615384615385 0.02403846153846154 0.02403846153846154
0 0.3293269230769231 0.27403846153846156 0.02403846153846154 0.02403846153846154
0 0.2139423076923077 0.25480769230769235 0.02403846153846154 0.02403846153846154
0 0.24278846153846156 0.27403846153846156 0.02403846153846154 0.02403846153846154
0 0.44711538461538464 0.5889423076923077 0.02403846153846154 0.02403846153846154
0 0.28365384615384615 0.5240384615384616 0.02403846153846154 0.02403846153846154
0 0.43028846153846156 0.6442307692307693 0.02403846153846154 0.02403846153846154
0 0.8293269230769231 0.7211538461538461 0.02403846153846154 0.02403846153846154
0 0.4495192307692308 0.4903846153846154 0.02403846153846154 0.02403846153846154
0 0.5697115384615385 0.4639423076923077 0.02403846153846154 0.02403846153846154
0 0.7067307692307693 0.3076923076923077 0.02403846153846154 0.02403846153846154
0 0.19471153846153846 0.021634615384615384 0.02403846153846154 0.02403846153846154
0 0.38461538461538464 0.9326923076923077 0.02403846153846154 0.02403846153846154
0 0.6778846153846154 0.5625 0.02403846153846154 0.02403846153846154
