0 0.48557692307692313 0.889423076923077 0.02403846153846154 0.02403846153846154
0 0.9495192307692308 0.8317307692307693 0.02403846153846154 0.02403846153846154
0 0.4254807692307693 0.7908653846153847 0.02403846153846154 0.02403846153846154
0 0.8798076923076924 0.701923076923077 0.02403846153846154 0.02403846153846154
0 0.8317307692307693 0.6802884615384616 0.02403846153846154 0.02403846153846154
0 0.7091346153846154 0.5721153846153847 0.02403846153846154 0.02403846153846154
0 0.1826923076923077 0.4879807692307693 0.02403846153846154 0.02403846153846154
0 0.6177884615384616 0.42307692307692313 0.02403846153846154 0.02403846153846154
0 0.858173076923077 0.4014423076923077 0.02403846153846154 0.02403846153846154
0 0.32211538461538464 0.3966346153846154 0.02403846153846154 0.02403846153846154
0 0.8004807692307693 0.3942307692307693 0.02403846153846154 0.02403846153846154
0 0.7427884615384616 0.3918269230769231 0.02403846153846154 0.02403846153846154
0 0.5745192307692308 0.3581730769230769 0.02403846153846154 0.02403846153846154
0 0.9399038461538463 0.34375 0.02403846153846154 0.02403846153846154
0 0.6153846153846154 0.34375 0.02403846153846154 0.02403846153846154
0 0.16586538461538464 0.3341346153846154 0.02403846153846154 0.02403846153846154
0 0.71875 0.2980769230769231 0.02403846153846154 0.02403846153846154
0 0.7259615384615385 0.21153846153846156 0.02403846153846154 0.02403846153846154
0 0.8004807692307693 0.18990384615384617 0.02403846153846154 0.02403846153846154
0 0.9254807692307693 0.18509615384615385 0.02403846153846154 0.02403846153846154
0 0.3894230769230769 0.16586538461538464 0.02403846153846154 0.02403846153846154
0 0.7596153846153847 0.12259615384615385 0.02403846153846154 0.02403846153846154
0 0.0625 0.27884615384615385 0.02403846153846154 0.02403846153846154
0 0.19711538461538464 0.28605769230769235 0.02403846153846154 0.02403846153846154
0 0.14182692307692307 0.22115384615384617 0.02403846153846154 0.02403846153846154
