0 0.07451923076923077 0.96875 0.02403846153846154 0.02403846153846154
0 0.4326923076923077 0.9567307692307693 0.02403846153846154 0.02403846153846154
0 0.05048076923076923 0.951923076923077 0.02403846153846154 0.02403846153846154
0 0.4399038461538462 0.9495192307692308 0.02403846153846154 0.02403846153846154
0 0.49278846153846156 0.9447115384615385 0.02403846153846154 0.02403846153846154
0 0.42307692307692313 0.9254807692307693 0.02403846153846154 0.02403846153846154
0 0.19951923076923078 0.9254807692307693 0.02403846153846154 0.02403846153846154
0 0.3822115384615385 0.9110576923076924 0.02403846153846154 0.02403846153846154
0 0.5288461538461539 0.8990384615384616 0.02403846153846154 0.02403846153846154
0 0.23317307692307693 0.8918269230769231 0.02403846153846154 0.02403846153846154
0 0.8052884615384616 0.8846153846153847 0.02403846153846154 0.02403846153846154
0 0.09855769230769232 0.8629807692307693 0.02403846153846154 0.02403846153846154
0 0.05048076923076923 0.8173076923076924 0.02403846153846154 0.02403846153846154
0 0.8173076923076924 0.7788461538461539 0.02403846153846154 0.02403846153846154
0 0.07451923076923077 0.764423076923077 0.02403846153846154 0.02403846153846154
0 0.19951923076923078 0.7091346153846154 0.02403846153846154 0.02403846153846154
0 0.47355769230769235 0.6923076923076923 0.02403846153846154 0.02403846153846154
0 0.038461538461538464 0.6634615384615385 0.02403846153846154 0.02403846153846154
0 0.5961538461538461 0.6610576923076923 0.02403846153846154 0.02403846153846154
0 0.625 0.6514423076923077 0.02403846153846154 0.02403846153846154
0 0.08653846153846154 0.6346153846153847 0.02403846153846154 0.02403846153846154
0 0.5336538461538461 0.6298076923076923 0.02403846153846154 0.02403846153846154
0 0.10096153846153846 0.6033653846153847 0.02403846153846154 0.02403846153846154
0 0.1875 0.5552884615384616 0.02403846153846154 0.02403846153846154
0 0.1514423076923077 0.5480769230769231 0.02403846153846154 0.02403846153846154
0 0.6899038461538461 0.53125 0.02403846153846154 0.02403846153846154
0 0.8918269230769231 0.4903846153846154 0.02403846153846154 0.02403846153846154
0 0.5 0.4182692307692308 0.02403846153846154 0.02403846153846154
0 0.7307692307692308 0.40384615384615385 0.02403846153846154 0.02403846153846154
0 0.5673076923076923 0.34615384615384615 0.02403846153846154 0.02403846153846154
0 0.2764423076923077 0.2932692307692308 0.02403846153846154 0.02403846153846154
0 0.7211538461538461 0.25961538461538464 0.02403846153846154 0.02403846153846154
0 0.5817307692307693 0.23317307692307693 0.02403846153846154 0.02403846153846154
0 0.3389423076923077 0.18028846153846154 0.02403846153846154 0.02403846153846154
0 0.5528846153846154 0.17548076923076925 0.02403846153846154 0.02403846153846154
0 0.53125 0.1778846153846154 0.02403846153846154 0.02403846153846154
0 0.36778846153846156 0.16586538461538464 0.02403846153846154 0.02403846153846154
0 0.20673076923076925 0.16346153846153846 0.02403846153846154 0.02403846153846154
0 0.5408653846153847 0.1514423076923077 0.02403846153846154 0.02403846153846154
0 0.5793269230769231 0.1466346153846154 0.02403846153846154 0.02403846153846154
0 0.15865384615384617 0.14182692307692307 0.02403846153846154 0.02403846153846154
0 0.6105769230769231 0.09615384615384616 0.02403846153846154 0.02403846153846154
0 0.47355769230769235 0.09375 0.02403846153846154 0.02403846153846154
0 0.37980769230769235 0.09615384615384616 0.02403846153846154 0.02403846153846154
0 0.03605769230769231 0.03365384615384616 0.02403846153846154 0.02403846153846154
0 0.625 0.02403846153846154 0.02403846153846154 0.02403846153846154
0 0.7548076923076924 0.7860576923076924 0.02403846153846154 0.02403846153846154
0 0.3605769230769231 0.8846153846153847 0.02403846153846154 0.02403846153846154
0 0.31490384615384615 0.8725961538461539 0.02403846153846154 0.02403846153846154
0 0.31730769230769235 0.8052884615384616 0.02403846153846154 0.02403846153846154
0 0.2091346153846154 0.7572115384615385 0.02403846153846154 0.02403846153846154
0 0.6418269230769231 0.40625 0.02403846153846154 0.02403846153846154
0 0.4639423076923077 0.6418269230769231 0.02403846153846154 0.02403846153846154
0 0.9543269230769231 0.4014423076923077 0.02403846153846154 0.02403846153846154
0 0.8245192307692308 0.21153846153846156 0.02403846153846154 0.02403846153846154
0 0.6418269230769231 0.2932692307692308 0.02403846153846154 0.02403846153846154
0 0.5913461538461539 0.7163461538461539 0.02403846153846154 0.02403846153846154
