0 0.75 0.96875 0.02403846153846154 0.02403846153846154
0 0.8557692307692308 0.96875 0.02403846153846154 0.02403846153846154
0 0.23076923076923078 0.9639423076923077 0.02403846153846154 0.02403846153846154
0 0.34134615384615385 0.9615384615384616 0.02403846153846154 0.02403846153846154
0 0.6153846153846154 0.951923076923077 0.02403846153846154 0.02403846153846154
0 0.21153846153846156 0.9495192307692308 0.02403846153846154 0.02403846153846154
0 0.7764423076923077 0.9447115384615385 0.02403846153846154 0.02403846153846154
0 0.84375 0.9350961538461539 0.02403846153846154 0.02403846153846154
0 0.46875 0.9278846153846154 0.02403846153846154 0.02403846153846154
0 0.07211538461538462 0.8966346153846154 0.02403846153846154 0.02403846153846154
0 0.4495192307692308 0.8942307692307693 0.02403846153846154 0.02403846153846154
0 0.8605769230769231 0.8870192307692308 0.02403846153846154 0.02403846153846154
0 0.34134615384615385 0.8605769230769231 0.02403846153846154 0.02403846153846154
0 0.2692307692307693 0.8485576923076924 0.02403846153846154 0.02403846153846154
0 0.8822115384615385 0.8485576923076924 0.02403846153846154 0.02403846153846154
0 0.08173076923076923 0.8413461538461539 0.02403846153846154 0.02403846153846154
0 0.2764423076923077 0.8293269230769231 0.02403846153846154 0.02403846153846154
0 0.5264423076923077 0.826923076923077 0.02403846153846154 0.02403846153846154
0 0.8052884615384616 0.8197115384615385 0.02403846153846154 0.02403846153846154
0 0.10817307692307693 0.8221153846153847 0.02403846153846154 0.02403846153846154
0 0.2764423076923077 0.8100961538461539 0.02403846153846154 0.02403846153846154
0 0.9543269230769231 0.8028846153846154 0.02403846153846154 0.02403846153846154
0 0.14423076923076925 0.8004807692307693 0.02403846153846154 0.02403846153846154
0 0.2980769230769231 0.7932692307692308 0.02403846153846154 0.02403846153846154
0 0.7043269230769231 0.7692307692307693 0.02403846153846154 0.02403846153846154
0 0.7403846153846154 0.7572115384615385 0.02403846153846154 0.02403846153846154
0 0.04807692307692308 0.7475961538461539 0.02403846153846154 0.02403846153846154
0 0.8990384615384616 0.7427884615384616 0.02403846153846154 0.02403846153846154
0 0.7379807692307693 0.733173076923077 0.02403846153846154 0.02403846153846154
0 0.6610576923076923 0.7307692307692308 0.02403846153846154 0.02403846153846154
0 0.576923076923077 0.7211538461538461 0.02403846153846154 0.02403846153846154
0 0.2716346153846154 0.7211538461538461 0.02403846153846154 0.02403846153846154
0 0.545673076923077 0.7235576923076924 0.02403846153846154 0.02403846153846154
0 0.4134615384615385 0.6802884615384616 0.02403846153846154 0.02403846153846154
0 0.7692307692307693 0.670673076923077 0.02403846153846154 0.02403846153846154
0 0.5408653846153847 0.670673076923077 0.02403846153846154 0.02403846153846154
0 0.38461538461538464 0.6514423076923077 0.02403846153846154 0.02403846153846154
0 0.6129807692307693 0.6466346153846154 0.02403846153846154 0.02403846153846154
0 0.8846153846153847 0.6418269230769231 0.02403846153846154 0.02403846153846154
0 0.40384615384615385 0.6346153846153847 0.02403846153846154 0.02403846153846154
0 0.46153846153846156 0.6225961538461539 0.02403846153846154 0.02403846153846154
0 0.7403846153846154 0.6177884615384616 0.02403846153846154 0.02403846153846154
0 0.6995192307692308 0.59375 0.02403846153846154 0.02403846153846154
0 0.7836538461538461 0.5817307692307693 0.02403846153846154 0.02403846153846154
0 0.670673076923077 0.5793269230769231 0.02403846153846154 0.02403846153846154
0 0.5913461538461539 0.5721153846153847 0.02403846153846154 0.02403846153846154
0 0.5216346153846154 0.5625 0.02403846153846154 0.02403846153846154
0 0.23076923076923078 0.5625 0.02403846153846154 0.02403846153846154
0 0.6105769230769231 0.5552884615384616 0.02403846153846154 0.02403846153846154
0 0.41105769230769235 0.5360576923076923 0.02403846153846154 0.02403846153846154
0 0.2956730769230769 0.5240384615384616 0.02403846153846154 0.02403846153846154
0 0.608173076923077 0.5264423076923077 0.02403846153846154 0.02403846153846154
0 0.13942307692307693 0.5216346153846154 0.02403846153846154 0.02403846153846154
0 0.8076923076923077 0.49759615384615385 0.02403846153846154 0.02403846153846154
0 0.2668269230769231 0.49278846153846156 0.02403846153846154 0.02403846153846154
0 0.8341346153846154 0.4879807692307693 0.02403846153846154 0.02403846153846154
0 0.5408653846153847 0.47836538461538464 0.02403846153846154 0.02403846153846154
0 0.3293269230769231 0.4759615384615385 0.02403846153846154 0.02403846153846154
0 0.8822115384615385 0.4711538461538462 0.02403846153846154 0.02403846153846154
0 0.4495192307692308 0.4639423076923077 0.02403846153846154 0.02403846153846154
0 0.14903846153846154 0.4519230769230769 0.02403846153846154 0.02403846153846154
0 0.6418269230769231 0.4206730769230769 0.02403846153846154 0.02403846153846154
0 0.858173076923077 0.4134615384615385 0.02403846153846154 0.02403846153846154
0 0.040865384615384616 0.3918269230769231 0.02403846153846154 0.02403846153846154
0 0.6682692307692308 0.3822115384615385 0.02403846153846154 0.02403846153846154
0 0.375 0.3701923076923077 0.02403846153846154 0.02403846153846154
0 0.31490384615384615 0.36778846153846156 0.02403846153846154 0.02403846153846154
0 0.6442307692307693 0.3653846153846154 0.02403846153846154 0.02403846153846154
0 0.17067307692307693 0.3629807692307693 0.02403846153846154 0.02403846153846154
0 0.2932692307692308 0.3629807692307693 0.02403846153846154 0.02403846153846154
0 0.35336538461538464 0.34375 0.02403846153846154 0.02403846153846154
0 0.7932692307692308 0.3389423076923077 0.02403846153846154 0.02403846153846154
0 0.13701923076923078 0.3341346153846154 0.02403846153846154 0.02403846153846154
0 0.040865384615384616 0.33653846153846156 0.02403846153846154 0.02403846153846154
0 0.1826923076923077 0.3245192307692308 0.02403846153846154 0.02403846153846154
0 0.6033653846153847 0.3125 0.02403846153846154 0.02403846153846154
0 0.826923076923077 0.30528846153846156 0.02403846153846154 0.02403846153846154
0 0.375 0.29086538461538464 0.02403846153846154 0.02403846153846154
0 0.5480769230769231 0.28605769230769235 0.02403846153846154 0.02403846153846154
0 0.41105769230769235 0.2884615384615385 0.02403846153846154 0.02403846153846154
0 0.6923076923076923 0.2764423076923077 0.02403846153846154 0.02403846153846154
0 0.38461538461538464 0.2764423076923077 0.02403846153846154 0.02403846153846154
0 0.2956730769230769 0.27884615384615385 0.02403846153846154 0.02403846153846154
0 0.27884615384615385 0.25961538461538464 0.02403846153846154 0.02403846153846154
0 0.47836538461538464 0.25480769230769235 0.02403846153846154 0.02403846153846154
0 0.5865384615384616 0.23317307692307693 0.02403846153846154 0.02403846153846154
0 0.47355769230769235 0.23076923076923078 0.02403846153846154 0.02403846153846154
0 0.6442307692307693 0.23076923076923078 0.02403846153846154 0.02403846153846154
0 0.2043269230769231 0.22596153846153846 0.02403846153846154 0.02403846153846154
0 0.6682692307692308 0.1778846153846154 0.02403846153846154 0.02403846153846154
0 0.1201923076923077 0.16105769230769232 0.02403846153846154 0.02403846153846154
0 0.3653846153846154 0.14423076923076925 0.02403846153846154 0.02403846153846154
0 0.4807692307692308 0.13942307692307693 0.02403846153846154 0.02403846153846154
0 0.13942307692307693 0.13221153846153846 0.02403846153846154 0.02403846153846154
0 0.16105769230769232 0.12740384615384617 0.02403846153846154 0.02403846153846154
0 0.040865384615384616 0.125 0.02403846153846154 0.02403846153846154
0 0.7932692307692308 0.12259615384615385 0.02403846153846154 0.02403846153846154
0 0.6322115384615385 0.07692307692307693 0.02403846153846154 0.02403846153846154
0 0.5625 0.08173076923076923 0.02403846153846154 0.02403846153846154
0 0.6802884615384616 0.04807692307692308 0.02403846153846154 0.02403846153846154
0 0.07451923076923077 0.04807692307692308 0.02403846153846154 0.02403846153846154
0 0.04326923076923077 0.04807692307692308 0.02403846153846154 0.02403846153846154
0 0.5432692307692308 0.038461538461538464 0.02403846153846154 0.02403846153846154
0 0.03365384615384616 0.4278846153846154 0.02403846153846154 0.02403846153846154
0 0.9543269230769231 0.2980769230769231 0.02403846153846154 0.02403846153846154
0 0.9086538461538463 0.28605769230769235 0.02403846153846154 0.02403846153846154
0 0.9110576923076924 0.21875 0.02403846153846154 0.02403846153846154
0 0.8028846153846154 0.17067307692307693 0.02403846153846154 0.02403846153846154
0 0.6057692307692308 0.3653846153846154 0.02403846153846154 0.02403846153846154
0 0.4831730769230769 0.45432692307692313 0.02403846153846154 0.02403846153846154
0 0.36778846153846156 0.43509615384615385 0.02403846153846154 0.02403846153846154
0 0.3966346153846154 0.45432692307692313 0.02403846153846154 0.02403846153846154
0 0.6009615384615385 0.7692307692307693 0.02403846153846154 0.02403846153846154
0 0.4375 0.7043269230769231 0.02403846153846154 0.02403846153846154
0 0.5841346153846154 0.8245192307692308 0.02403846153846154 0.02403846153846154
0 0.21634615384615385 0.05528846153846154 0.02403846153846154 0.02403846153846154
0 0.6033653846153847 0.670673076923077 0.02403846153846154 0.02403846153846154
0 0.7235576923076924 0.6442307692307693 0.02403846153846154 0.02403846153846154
0 0.8605769230769231 0.4879807692307693 0.02403846153846154 0.02403846153846154
0 0.34855769230769235 0.20192307692307693 0.02403846153846154 0.02403846153846154
0 0.11778846153846155 0.2956730769230769 0.02403846153846154 0.02403846153846154
0 0.8317307692307693 0.7427884615384616 0.02403846153846154 0.02403846153846154
