0 0.4399038461538462 0.9110576923076924 0.02403846153846154 0.02403846153846154
0 0.05528846153846154 0.8317307692307693 0.02403846153846154 0.02403846153846154
0 0.37259615384615385 0.795673076923077 0.02403846153846154 0.02403846153846154
0 0.3341346153846154 0.7235576923076924 0.02403846153846154 0.02403846153846154
0 0.03125 0.6682692307692308 0.02403846153846154 0.02403846153846154
0 0.09615384615384616 0.6153846153846154 0.02403846153846154 0.02403846153846154
0 0.13461538461538464 0.42307692307692313 0.02403846153846154 0.02403846153846154
0 0.875 0.4014423076923077 0.02403846153846154 0.02403846153846154
0 0.920673076923077 0.3245192307692308 0.02403846153846154 0.02403846153846154
0 0.2139423076923077 0.25480769230769235 0.02403846153846154 0.02403846153846154
0 0.20192307692307693 0.23798076923076925 0.02403846153846154 0.02403846153846154
0 0.3076923076923077 0.0625 0.02403846153846154 0.02403846153846154
0 0.31730769230769235 0.05288461538461539 0.02403846153846154 0.02403846153846154
0 0.07451923076923077 0.7403846153846154 0.02403846153846154 0.02403846153846154
0 0.057692307692307696 0.4639423076923077 0.02403846153846154 0.02403846153846154
0 0.09855769230769232 0.49278846153846156 0.02403846153846154 0.02403846153846154
0 0.1466346153846154 0.5480769230769231 0.02403846153846154 0.02403846153846154
0 0.25240384615384615 0.6057692307692308 0.02403846153846154 0.02403846153846154
0 0.2956730769230769 0.2644230769230769 0.02403846153846154 0.02403846153846154
0 0.3918269230769231 0.4807692307692308 0.02403846153846154 0.02403846153846154
0 0.6225961538461539 0.5504807692307693 0.02403846153846154 0.02403846153846154
0 0.6225961538461539 0.5168269230769231 0.02403846153846154 0.02403846153846154
0 0.4567307692307693 0.8365384615384616 0.02403846153846154 0.02403846153846154
0 0.4591346153846154 0.9399038461538463 0.02403846153846154 0.02403846153846154
0 0.2451923076923077 0.8870192307692308 0.02403846153846154 0.02403846153846154
0 0.6850961538461539 0.84375 0.02403846153846154 0.02403846153846154
0 0.6538461538461539 0.8990384615384616 0.02403846153846154 0.02403846153846154
