0 0.7932692307692308 0.9615384615384616 0.02403846153846154 0.02403846153846154
0 0.9110576923076924 0.96875 0.02403846153846154 0.02403846153846154
0 0.3774038461538462 0.9471153846153847 0.02403846153846154 0.02403846153846154
0 0.2139423076923077 0.9399038461538463 0.02403846153846154 0.02403846153846154
0 0.8942307692307693 0.9350961538461539 0.02403846153846154 0.02403846153846154
0 0.4086538461538462 0.9302884615384616 0.02403846153846154 0.02403846153846154
0 0.21875 0.920673076923077 0.02403846153846154 0.02403846153846154
0 0.9110576923076924 0.9158653846153847 0.02403846153846154 0.02403846153846154
0 0.4086538461538462 0.9038461538461539 0.02403846153846154 0.02403846153846154
0 0.22836538461538464 0.9038461538461539 0.02403846153846154 0.02403846153846154
0 0.9543269230769231 0.8798076923076924 0.02403846153846154 0.02403846153846154
0 0.3269230769230769 0.8774038461538463 0.02403846153846154 0.02403846153846154
0 0.545673076923077 0.858173076923077 0.02403846153846154 0.02403846153846154
0 0.3269230769230769 0.8533653846153847 0.02403846153846154 0.02403846153846154
0 0.9567307692307693 0.8461538461538463 0.02403846153846154 0.02403846153846154
0 0.5625 0.8389423076923077 0.02403846153846154 0.02403846153846154
0 0.41105769230769235 0.8389423076923077 0.02403846153846154 0.02403846153846154
0 0.03605769230769231 0.8365384615384616 0.02403846153846154 0.02403846153846154
0 0.2043269230769231 0.8293269230769231 0.02403846153846154 0.02403846153846154
0 0.7091346153846154 0.8221153846153847 0.02403846153846154 0.02403846153846154
0 0.46634615384615385 0.8197115384615385 0.02403846153846154 0.02403846153846154
0 0.9350961538461539 0.8028846153846154 0.02403846153846154 0.02403846153846154
0 0.8990384615384616 0.8028846153846154 0.02403846153846154 0.02403846153846154
0 0.7475961538461539 0.795673076923077 0.02403846153846154 0.02403846153846154
0 0.7379807692307693 0.7836538461538461 0.02403846153846154 0.02403846153846154
0 0.2644230769230769 0.7860576923076924 0.02403846153846154 0.02403846153846154
0 0.2091346153846154 0.7860576923076924 0.02403846153846154 0.02403846153846154
0 0.7091346153846154 0.7764423076923077 0.02403846153846154 0.02403846153846154
0 0.5552884615384616 0.764423076923077 0.02403846153846154 0.02403846153846154
0 0.19711538461538464 0.764423076923077 0.02403846153846154 0.02403846153846154
0 0.7716346153846154 0.7596153846153847 0.02403846153846154 0.02403846153846154
0 0.3076923076923077 0.7620192307692308 0.02403846153846154 0.02403846153846154
0 0.1514423076923077 0.75 0.02403846153846154 0.02403846153846154
0 0.2980769230769231 0.7379807692307693 0.02403846153846154 0.02403846153846154
0 0.8966346153846154 0.7307692307692308 0.02403846153846154 0.02403846153846154
0 0.8100961538461539 0.7283653846153847 0.02403846153846154 0.02403846153846154
0 0.13461538461538464 0.7211538461538461 0.02403846153846154 0.02403846153846154
0 0.5745192307692308 0.71875 0.02403846153846154 0.02403846153846154
0 0.08413461538461539 0.7139423076923077 0.02403846153846154 0.02403846153846154
0 0.7572115384615385 0.7091346153846154 0.02403846153846154 0.02403846153846154
0 0.4278846153846154 0.7091346153846154 0.02403846153846154 0.02403846153846154
0 0.7067307692307693 0.6875 0.02403846153846154 0.02403846153846154
0 0.8389423076923077 0.6778846153846154 0.02403846153846154 0.02403846153846154
0 0.5432692307692308 0.6682692307692308 0.02403846153846154 0.02403846153846154
0 0.8846153846153847 0.65625 0.02403846153846154 0.02403846153846154
0 0.6129807692307693 0.6466346153846154 0.02403846153846154 0.02403846153846154
0 0.13701923076923078 0.6442307692307693 0.02403846153846154 0.02403846153846154
0 0.875 0.639423076923077 0.02403846153846154 0.02403846153846154
0 0.5264423076923077 0.6177884615384616 0.02403846153846154 0.02403846153846154
0 0.59375 0.6105769230769231 0.02403846153846154 0.02403846153846154
0 0.6971153846153847 0.6009615384615385 0.02403846153846154 0.02403846153846154
0 0.3125 0.5841346153846154 0.02403846153846154 0.02403846153846154
0 0.8509615384615385 0.5817307692307693 0.02403846153846154 0.02403846153846154
0 0.09134615384615385 0.5600961538461539 0.02403846153846154 0.02403846153846154
0 0.3581730769230769 0.5504807692307693 0.02403846153846154 0.02403846153846154
0 0.25480769230769235 0.5408653846153847 0.02403846153846154 0.02403846153846154
0 0.3653846153846154 0.49759615384615385 0.02403846153846154 0.02403846153846154
0 0.39903846153846156 0.4951923076923077 0.02403846153846154 0.02403846153846154
0 0.8461538461538463 0.4759615384615385 0.02403846153846154 0.02403846153846154
0 0.49278846153846156 0.46634615384615385 0.02403846153846154 0.02403846153846154
0 0.3076923076923077 0.46634615384615385 0.02403846153846154 0.02403846153846154
0 0.5841346153846154 0.4591346153846154 0.02403846153846154 0.02403846153846154
0 0.49759615384615385 0.43509615384615385 0.02403846153846154 0.02403846153846154
0 0.576923076923077 0.3918269230769231 0.02403846153846154 0.02403846153846154
0 0.3629807692307693 0.3918269230769231 0.02403846153846154 0.02403846153846154
0 0.4639423076923077 0.3701923076923077 0.02403846153846154 0.02403846153846154
0 0.08653846153846154 0.34615384615384615 0.02403846153846154 0.02403846153846154
0 0.5024038461538461 0.3389423076923077 0.02403846153846154 0.02403846153846154
0 0.6298076923076923 0.2620192307692308 0.02403846153846154 0.02403846153846154
0 0.2716346153846154 0.2572115384615385 0.02403846153846154 0.02403846153846154
0 0.71875 0.2451923076923077 0.02403846153846154 0.02403846153846154
0 0.65625 0.22596153846153846 0.02403846153846154 0.02403846153846154
0 0.858173076923077 0.1826923076923077 0.02403846153846154 0.02403846153846154
0 0.9110576923076924 0.18028846153846154 0.02403846153846154 0.02403846153846154
0 0.05048076923076923 0.13221153846153846 0.02403846153846154 0.02403846153846154
0 0.5817307692307693 0.12740384615384617 0.02403846153846154 0.02403846153846154
0 0.4831730769230769 0.12740384615384617 0.02403846153846154 0.02403846153846154
0 0.35336538461538464 0.06971153846153846 0.02403846153846154 0.02403846153846154
0 0.3076923076923077 0.026442307692307696 0.02403846153846154 0.02403846153846154
0 0.9230769230769231 0.04326923076923077 0.02403846153846154 0.02403846153846154
0 0.11778846153846155 0.6971153846153847 0.02403846153846154 0.02403846153846154
0 0.03125 0.7403846153846154 0.02403846153846154 0.02403846153846154
0 0.5793269230769231 0.040865384615384616 0.02403846153846154 0.02403846153846154
0 0.41586538461538464 0.2403846153846154 0.02403846153846154 0.02403846153846154
0 0.514423076923077 0.4399038461538462 0.02403846153846154 0.02403846153846154
0 0.2403846153846154 0.4807692307692308 0.02403846153846154 0.02403846153846154
0 0.2668269230769231 0.4567307692307693 0.02403846153846154 0.02403846153846154
0 0.3389423076923077 0.4903846153846154 0.02403846153846154 0.02403846153846154
0 0.8317307692307693 0.8004807692307693 0.02403846153846154 0.02403846153846154
0 0.7668269230769231 0.6033653846153847 0.02403846153846154 0.02403846153846154
0 0.7259615384615385 0.6826923076923077 0.02403846153846154 0.02403846153846154
0 0.38461538461538464 0.6778846153846154 0.02403846153846154 0.02403846153846154
0 0.45432692307692313 0.5528846153846154 0.02403846153846154 0.02403846153846154
0 0.04807692307692308 0.65625 0.02403846153846154 0.02403846153846154
0 0.20192307692307693 0.9543269230769231 0.02403846153846154 0.02403846153846154
