0 0.46875 0.9254807692307693 0.02403846153846154 0.02403846153846154
0 0.16586538461538464 0.8701923076923077 0.02403846153846154 0.02403846153846154
0 0.03605769230769231 0.8629807692307693 0.02403846153846154 0.02403846153846154
0 0.23076923076923078 0.8173076923076924 0.02403846153846154 0.02403846153846154
0 0.10336538461538462 0.639423076923077 0.02403846153846154 0.02403846153846154
0 0.2692307692307693 0.625 0.02403846153846154 0.02403846153846154
0 0.34855769230769235 0.4567307692307693 0.02403846153846154 0.02403846153846154
0 0.33653846153846156 0.4399038461538462 0.02403846153846154 0.02403846153846154
0 0.1466346153846154 0.30528846153846156 0.02403846153846154 0.02403846153846154
0 0.04567307692307693 0.2668269230769231 0.02403846153846154 0.02403846153846154
0 0.44230769230769235 0.2644230769230769 0.02403846153846154 0.02403846153846154
0 0.4519230769230769 0.25480769230769235 0.02403846153846154 0.02403846153846154
0 0.18990384615384617 0.10336538461538462 0.02403846153846154 0.02403846153846154
0 0.43028846153846156 0.05288461538461539 0.02403846153846154 0.02403846153846154
0 0.2091346153846154 0.9423076923076924 0.02403846153846154 0.02403846153846154
0 0.08413461538461539 0.9591346153846154 0.02403846153846154 0.02403846153846154
0 0.19230769230769232 0.6658653846153847 0.02403846153846154 0.02403846153846154
0 0.23317307692307693 0.6947115384615385 0.02403846153846154 0.02403846153846154
0 0.28125 0.75 0.02403846153846154 0.02403846153846154
0 0.3870192307692308 0.8076923076923077 0.02403846153846154 0.02403846153846154
0 0.43028846153846156 0.46634615384615385 0.02403846153846154 0.02403846153846154
0 0.5264423076923077 0.6826923076923077 0.02403846153846154 0.02403846153846154
0 0.7572115384615385 0.7524038461538461 0.02403846153846154 0.02403846153846154
0 0.7572115384615385 0.71875 0.02403846153846154 0.02403846153846154
