0 0.25480769230769235 0.9543269230769231 0.02403846153846154 0.02403846153846154
0 0.8942307692307693 0.9639423076923077 0.02403846153846154 0.02403846153846154
0 0.3966346153846154 0.9399038461538463 0.02403846153846154 0.02403846153846154
0 0.27403846153846156 0.9302884615384616 0.02403846153846154 0.02403846153846154
0 0.5697115384615385 0.9326923076923077 0.02403846153846154 0.02403846153846154
0 0.07692307692307693 0.9182692307692308 0.02403846153846154 0.02403846153846154
0 0.920673076923077 0.9134615384615385 0.02403846153846154 0.02403846153846154
0 0.3293269230769231 0.9110576923076924 0.02403846153846154 0.02403846153846154
0 0.8966346153846154 0.9014423076923077 0.02403846153846154 0.02403846153846154
0 0.31730769230769235 0.8725961538461539 0.02403846153846154 0.02403846153846154
0 0.670673076923077 0.8293269230769231 0.02403846153846154 0.02403846153846154
0 0.6802884615384616 0.8149038461538461 0.02403846153846154 0.02403846153846154
0 0.28365384615384615 0.8173076923076924 0.02403846153846154 0.02403846153846154
0 0.18028846153846154 0.8076923076923077 0.02403846153846154 0.02403846153846154
0 0.53125 0.8052884615384616 0.02403846153846154 0.02403846153846154
0 0.2091346153846154 0.8052884615384616 0.02403846153846154 0.02403846153846154
0 0.125 0.7860576923076924 0.02403846153846154 0.02403846153846154
0 0.6538461538461539 0.7908653846153847 0.02403846153846154 0.02403846153846154
0 0.5961538461538461 0.7740384615384616 0.02403846153846154 0.02403846153846154
0 0.46875 0.7139423076923077 0.02403846153846154 0.02403846153846154
0 0.6322115384615385 0.7115384615384616 0.02403846153846154 0.02403846153846154
0 0.06490384615384616 0.6947115384615385 0.02403846153846154 0.02403846153846154
0 0.19711538461538464 0.6899038461538461 0.02403846153846154 0.02403846153846154
0 0.7355769230769231 0.6826923076923077 0.02403846153846154 0.02403846153846154
0 0.19471153846153846 0.6634615384615385 0.02403846153846154 0.02403846153846154
0 0.2668269230769231 0.6514423076923077 0.02403846153846154 0.02403846153846154
0 0.5865384615384616 0.6418269230769231 0.02403846153846154 0.02403846153846154
0 0.22836538461538464 0.6418269230769231 0.02403846153846154 0.02403846153846154
0 0.32211538461538464 0.639423076923077 0.02403846153846154 0.02403846153846154
0 0.05288461538461539 0.6370192307692308 0.02403846153846154 0.02403846153846154
0 0.10336538461538462 0.6298076923076923 0.02403846153846154 0.02403846153846154
0 0.2692307692307693 0.6225961538461539 0.02403846153846154 0.02403846153846154
0 0.13461538461538464 0.6153846153846154 0.02403846153846154 0.02403846153846154
0 0.05288461538461539 0.6129807692307693 0.02403846153846154 0.02403846153846154
0 0.576923076923077 0.6153846153846154 0.02403846153846154 0.02403846153846154
0 0.7211538461538461 0.6057692307692308 0.02403846153846154 0.02403846153846154
0 0.7740384615384616 0.5841346153846154 0.02403846153846154 0.02403846153846154
0 0.20192307692307693 0.576923076923077 0.02403846153846154 0.02403846153846154
0 0.06490384615384616 0.576923076923077 0.02403846153846154 0.02403846153846154
0 0.7355769230769231 0.5625 0.02403846153846154 0.02403846153846154
0 0.4014423076923077 0.5336538461538461 0.02403846153846154 0.02403846153846154
0 0.5360576923076923 0.5336538461538461 0.02403846153846154 0.02403846153846154
0 0.2451923076923077 0.514423076923077 0.02403846153846154 0.02403846153846154
0 0.3629807692307693 0.5216346153846154 0.02403846153846154 0.02403846153846154
0 0.5384615384615385 0.5048076923076923 0.02403846153846154 0.02403846153846154
0 0.44230769230769235 0.5048076923076923 0.02403846153846154 0.02403846153846154
0 0.5264423076923077 0.4951923076923077 0.02403846153846154 0.02403846153846154
0 0.34615384615384615 0.4879807692307693 0.02403846153846154 0.02403846153846154
0 0.5600961538461539 0.4903846153846154 0.02403846153846154 0.02403846153846154
0 0.3629807692307693 0.46875 0.02403846153846154 0.02403846153846154
0 0.6875 0.46875 0.02403846153846154 0.02403846153846154
0 0.5673076923076923 0.46153846153846156 0.02403846153846154 0.02403846153846154
0 0.40625 0.4326923076923077 0.02403846153846154 0.02403846153846154
0 0.4086538461538462 0.39903846153846156 0.02403846153846154 0.02403846153846154
0 0.639423076923077 0.4014423076923077 0.02403846153846154 0.02403846153846154
0 0.5 0.39903846153846156 0.02403846153846154 0.02403846153846154
0 0.16105769230769232 0.375 0.02403846153846154 0.02403846153846154
0 0.3870192307692308 0.3557692307692308 0.02403846153846154 0.02403846153846154
0 0.3509615384615385 0.3557692307692308 0.02403846153846154 0.02403846153846154
0 0.19951923076923078 0.34855769230769235 0.02403846153846154 0.02403846153846154
0 0.5192307692307693 0.3509615384615385 0.02403846153846154 0.02403846153846154
0 0.5721153846153847 0.34855769230769235 0.02403846153846154 0.02403846153846154
0 0.18990384615384617 0.33653846153846156 0.02403846153846154 0.02403846153846154
0 0.16105769230769232 0.3293269230769231 0.02403846153846154 0.02403846153846154
0 0.22355769230769232 0.3125 0.02403846153846154 0.02403846153846154
0 0.7307692307692308 0.31009615384615385 0.02403846153846154 0.02403846153846154
0 0.34855769230769235 0.28365384615384615 0.02403846153846154 0.02403846153846154
0 0.2620192307692308 0.28125 0.02403846153846154 0.02403846153846154
0 0.026442307692307696 0.2716346153846154 0.02403846153846154 0.02403846153846154
0 0.2091346153846154 0.2620192307692308 0.02403846153846154 0.02403846153846154
0 0.4711538461538462 0.25240384615384615 0.02403846153846154 0.02403846153846154
0 0.15865384615384617 0.2403846153846154 0.02403846153846154 0.02403846153846154
0 0.29086538461538464 0.23076923076923078 0.02403846153846154 0.02403846153846154
0 0.33653846153846156 0.2091346153846154 0.02403846153846154 0.02403846153846154
0 0.06490384615384616 0.19951923076923078 0.02403846153846154 0.02403846153846154
0 0.3269230769230769 0.19230769230769232 0.02403846153846154 0.02403846153846154
0 0.04567307692307693 0.16346153846153846 0.02403846153846154 0.02403846153846154
0 0.14903846153846154 0.15384615384615385 0.02403846153846154 0.02403846153846154
0 0.78125 0.13701923076923078 0.02403846153846154 0.02403846153846154
0 0.3028846153846154 0.13461538461538464 0.02403846153846154 0.02403846153846154
0 0.5384615384615385 0.10817307692307693 0.02403846153846154 0.02403846153846154
0 0.5216346153846154 0.09134615384615385 0.02403846153846154 0.02403846153846154
0 0.2980769230769231 0.028846153846153848 0.02403846153846154 0.02403846153846154
0 0.6971153846153847 0.03605769230769231 0.02403846153846154 0.02403846153846154
0 0.545673076923077 0.028846153846153848 0.02403846153846154 0.02403846153846154
0 0.8653846153846154 0.02403846153846154 0.02403846153846154 0.02403846153846154
0 0.84375 0.16586538461538464 0.02403846153846154 0.02403846153846154
0 0.8701923076923077 0.22355769230769232 0.02403846153846154 0.02403846153846154
0 0.826923076923077 0.13221153846153846 0.02403846153846154 0.02403846153846154
0 0.7235576923076924 0.10096153846153846 0.02403846153846154 0.02403846153846154
0 0.6730769230769231 0.12980769230769232 0.02403846153846154 0.02403846153846154
0 0.9302884615384616 0.5889423076923077 0.02403846153846154 0.02403846153846154
0 0.8221153846153847 0.49759615384615385 0.02403846153846154 0.02403846153846154
0 0.7932692307692308 0.43509615384615385 0.02403846153846154 0.02403846153846154
0 0.7091346153846154 0.38461538461538464 0.02403846153846154 0.02403846153846154
0 0.6682692307692308 0.24759615384615385 0.02403846153846154 0.02403846153846154
0 0.8341346153846154 0.3197115384615385 0.02403846153846154 0.02403846153846154
0 0.795673076923077 0.8197115384615385 0.02403846153846154 0.02403846153846154
0 0.7572115384615385 0.8653846153846154 0.02403846153846154 0.02403846153846154
0 0.6947115384615385 0.8966346153846154 0.02403846153846154 0.02403846153846154
0 0.5360576923076923 0.889423076923077 0.02403846153846154 0.02403846153846154
0 0.46634615384615385 0.8846153846153847 0.02403846153846154 0.02403846153846154
0 0.40384615384615385 0.8533653846153847 0.02403846153846154 0.02403846153846154
0 0.514423076923077 0.6682692307692308 0.02403846153846154 0.02403846153846154
0 0.5817307692307693 0.5793269230769231 0.02403846153846154 0.02403846153846154
0 0.6850961538461539 0.5048076923076923 0.02403846153846154 0.02403846153846154
0 0.6971153846153847 0.5673076923076923 0.02403846153846154 0.02403846153846154
0 0.8365384615384616 0.6634615384615385 0.02403846153846154 0.02403846153846154
0 0.8605769230769231 0.7163461538461539 0.02403846153846154 0.02403846153846154
0 0.15865384615384617 0.733173076923077 0.02403846153846154 0.02403846153846154
0 0.14182692307692307 0.7475961538461539 0.02403846153846154 0.02403846153846154
0 0.04567307692307693 0.84375 0.02403846153846154 0.02403846153846154
0 0.06730769230769232 0.7572115384615385 0.02403846153846154 0.02403846153846154
0 0.45432692307692313 0.4206730769230769 0.02403846153846154 0.02403846153846154
0 0.28365384615384615 0.35336538461538464 0.02403846153846154 0.02403846153846154
0 0.21875 0.15625 0.02403846153846154 0.02403846153846154
0 0.1778846153846154 0.2355769230769231 0.02403846153846154 0.02403846153846154
0 0.9326923076923077 0.4399038461538462 0.02403846153846154 0.02403846153846154
0 0.6658653846153847 0.9471153846153847 0.02403846153846154 0.02403846153846154
0 0.4903846153846154 0.2355769230769231 0.02403846153846154 0.02403846153846154
0 0.3269230769230769 0.5384615384615385 0.02403846153846154 0.02403846153846154
