0 0.7211538461538461 0.9663461538461539 0.02403846153846154 0.02403846153846154
0 0.9182692307692308 0.9567307692307693 0.02403846153846154 0.02403846153846154
0 0.30528846153846156 0.951923076923077 0.02403846153846154 0.02403846153846154
0 0.14182692307692307 0.9447115384615385 0.02403846153846154 0.02403846153846154
0 0.8221153846153847 0.9399038461538463 0.02403846153846154 0.02403846153846154
0 0.33653846153846156 0.9350961538461539 0.02403846153846154 0.02403846153846154
0 0.1466346153846154 0.9254807692307693 0.02403846153846154 0.02403846153846154
0 0.8389423076923077 0.920673076923077 0.02403846153846154 0.02403846153846154
0 0.33653846153846156 0.9086538461538463 0.02403846153846154 0.02403846153846154
0 0.15625 0.9086538461538463 0.02403846153846154 0.02403846153846154
0 0.8822115384615385 0.8846153846153847 0.02403846153846154 0.02403846153846154
0 0.25480769230769235 0.8822115384615385 0.02403846153846154 0.02403846153846154
0 0.47355769230769235 0.8629807692307693 0.02403846153846154 0.02403846153846154
0 0.25480769230769235 0.858173076923077 0.02403846153846154 0.02403846153846154
0 0.8846153846153847 0.8509615384615385 0.02403846153846154 0.02403846153846154
0 0.4903846153846154 0.84375 0.02403846153846154 0.02403846153846154
0 0.3389423076923077 0.84375 0.02403846153846154 0.02403846153846154
0 0.13221153846153846 0.8341346153846154 0.02403846153846154 0.02403846153846154
0 0.6370192307692308 0.826923076923077 0.02403846153846154 0.02403846153846154
0 0.3942307692307693 0.8245192307692308 0.02403846153846154 0.02403846153846154
0 0.8629807692307693 0.8076923076923077 0.02403846153846154 0.02403846153846154
0 0.826923076923077 0.8076923076923077 0.02403846153846154 0.02403846153846154
0 0.6754807692307693 0.8004807692307693 0.02403846153846154 0.02403846153846154
0 0.6658653846153847 0.7884615384615385 0.02403846153846154 0.02403846153846154
0 0.19230769230769232 0.7908653846153847 0.02403846153846154 0.02403846153846154
0 0.13701923076923078 0.7908653846153847 0.02403846153846154 0.02403846153846154
0 0.6370192307692308 0.78125 0.02403846153846154 0.02403846153846154
0 0.4831730769230769 0.7692307692307693 0.02403846153846154 0.02403846153846154
0 0.125 0.7692307692307693 0.02403846153846154 0.02403846153846154
0 0.6995192307692308 0.764423076923077 0.02403846153846154 0.02403846153846154
0 0.2355769230769231 0.7668269230769231 0.02403846153846154 0.02403846153846154
0 0.07932692307692309 0.7548076923076924 0.02403846153846154 0.02403846153846154
0 0.22596153846153846 0.7427884615384616 0.02403846153846154 0.02403846153846154
0 0.8245192307692308 0.7355769230769231 0.02403846153846154 0.02403846153846154
0 0.7379807692307693 0.733173076923077 0.02403846153846154 0.02403846153846154
0 0.0625 0.7259615384615385 0.02403846153846154 0.02403846153846154
0 0.5024038461538461 0.7235576923076924 0.02403846153846154 0.02403846153846154
0 0.6850961538461539 0.7139423076923077 0.02403846153846154 0.02403846153846154
0 0.3557692307692308 0.7139423076923077 0.02403846153846154 0.02403846153846154
0 0.9471153846153847 0.7043269230769231 0.02403846153846154 0.02403846153846154
0 0.6346153846153847 0.6923076923076923 0.02403846153846154 0.02403846153846154
0 0.7668269230769231 0.6826923076923077 0.02403846153846154 0.02403846153846154
0 0.4711538461538462 0.6730769230769231 0.02403846153846154 0.02403846153846154
0 0.8125 0.6610576923076923 0.02403846153846154 0.02403846153846154
0 0.5408653846153847 0.6514423076923077 0.02403846153846154 0.02403846153846154
0 0.06490384615384616 0.6490384615384616 0.02403846153846154 0.02403846153846154
0 0.8028846153846154 0.6442307692307693 0.02403846153846154 0.02403846153846154
0 0.45432692307692313 0.6225961538461539 0.02403846153846154 0.02403846153846154
0 0.5216346153846154 0.6153846153846154 0.02403846153846154 0.02403846153846154
0 0.625 0.6057692307692308 0.02403846153846154 0.02403846153846154
0 0.2403846153846154 0.5889423076923077 0.02403846153846154 0.02403846153846154
0 0.7788461538461539 0.5865384615384616 0.02403846153846154 0.02403846153846154
0 0.28605769230769235 0.5552884615384616 0.02403846153846154 0.02403846153846154
0 0.1826923076923077 0.545673076923077 0.02403846153846154 0.02403846153846154
0 0.2932692307692308 0.5024038461538461 0.02403846153846154 0.02403846153846154
0 0.3269230769230769 0.5 0.02403846153846154 0.02403846153846154
0 0.7740384615384616 0.4807692307692308 0.02403846153846154 0.02403846153846154
0 0.4206730769230769 0.4711538461538462 0.02403846153846154 0.02403846153846154
0 0.2355769230769231 0.4711538461538462 0.02403846153846154 0.02403846153846154
0 0.5120192307692308 0.4639423076923077 0.02403846153846154 0.02403846153846154
0 0.4254807692307693 0.4399038461538462 0.02403846153846154 0.02403846153846154
0 0.5048076923076923 0.3966346153846154 0.02403846153846154 0.02403846153846154
0 0.29086538461538464 0.3966346153846154 0.02403846153846154 0.02403846153846154
0 0.9471153846153847 0.37980769230769235 0.02403846153846154 0.02403846153846154
0 0.3918269230769231 0.375 0.02403846153846154 0.02403846153846154
0 0.43028846153846156 0.34375 0.02403846153846154 0.02403846153846154
0 0.5576923076923077 0.2668269230769231 0.02403846153846154 0.02403846153846154
0 0.19951923076923078 0.2620192307692308 0.02403846153846154 0.02403846153846154
0 0.6466346153846154 0.25 0.02403846153846154 0.02403846153846154
0 0.5841346153846154 0.23076923076923078 0.02403846153846154 0.02403846153846154
0 0.9182692307692308 0.20673076923076925 0.02403846153846154 0.02403846153846154
0 0.7860576923076924 0.1875 0.02403846153846154 0.02403846153846154
0 0.8389423076923077 0.18509615384615385 0.02403846153846154 0.02403846153846154
0 0.5096153846153847 0.13221153846153846 0.02403846153846154 0.02403846153846154
0 0.41105769230769235 0.13221153846153846 0.02403846153846154 0.02403846153846154
0 0.28125 0.07451923076923077 0.02403846153846154 0.02403846153846154
0 0.90625 0.0625 0.02403846153846154 0.02403846153846154
0 0.2355769230769231 0.03125 0.02403846153846154 0.02403846153846154
0 0.795673076923077 0.02403846153846154 0.02403846153846154 0.02403846153846154
0 0.8509615384615385 0.04807692307692308 0.02403846153846154 0.02403846153846154
0 0.04567307692307693 0.701923076923077 0.02403846153846154 0.02403846153846154
0 0.5072115384615384 0.04567307692307693 0.02403846153846154 0.02403846153846154
0 0.34375 0.2451923076923077 0.02403846153846154 0.02403846153846154
0 0.44230769230769235 0.4447115384615385 0.02403846153846154 0.02403846153846154
0 0.16826923076923078 0.48557692307692313 0.02403846153846154 0.02403846153846154
0 0.19471153846153846 0.46153846153846156 0.02403846153846154 0.02403846153846154
0 0.2668269230769231 0.4951923076923077 0.02403846153846154 0.02403846153846154
0 0.9302884615384616 0.8725961538461539 0.02403846153846154 0.02403846153846154
0 0.7596153846153847 0.8052884615384616 0.02403846153846154 0.02403846153846154
0 0.6947115384615385 0.608173076923077 0.02403846153846154 0.02403846153846154
0 0.6538461538461539 0.6875 0.02403846153846154 0.02403846153846154
0 0.3125 0.6826923076923077 0.02403846153846154 0.02403846153846154
0 0.3822115384615385 0.5576923076923077 0.02403846153846154 0.02403846153846154
0 0.12980769230769232 0.9591346153846154 0.02403846153846154 0.02403846153846154
0 0.9663461538461539 0.6875 0.02403846153846154 0.02403846153846154
