0 0.40384615384615385 0.9615384615384616 0.02403846153846154 0.02403846153846154
0 0.2956730769230769 0.9230769230769231 0.02403846153846154 0.02403846153846154
0 0.7211538461538461 0.9254807692307693 0.02403846153846154 0.02403846153846154
0 0.09855769230769232 0.8918269230769231 0.02403846153846154 0.02403846153846154
0 0.6826923076923077 0.8533653846153847 0.02403846153846154 0.02403846153846154
0 0.1826923076923077 0.8389423076923077 0.02403846153846154 0.02403846153846154
0 0.21634615384615385 0.8317307692307693 0.02403846153846154 0.02403846153846154
0 0.16586538461538464 0.8221153846153847 0.02403846153846154 0.02403846153846154
0 0.37980769230769235 0.7980769230769231 0.02403846153846154 0.02403846153846154
0 0.25 0.7908653846153847 0.02403846153846154 0.02403846153846154
0 0.040865384615384616 0.7620192307692308 0.02403846153846154 0.02403846153846154
0 0.4447115384615385 0.7451923076923077 0.02403846153846154 0.02403846153846154
0 0.10817307692307693 0.6971153846153847 0.02403846153846154 0.02403846153846154
0 0.11538461538461539 0.5865384615384616 0.02403846153846154 0.02403846153846154
0 0.31730769230769235 0.5673076923076923 0.02403846153846154 0.02403846153846154
0 0.4831730769230769 0.5528846153846154 0.02403846153846154 0.02403846153846154
0 0.12740384615384617 0.5336538461538461 0.02403846153846154 0.02403846153846154
0 0.5625 0.38461538461538464 0.02403846153846154 0.02403846153846154
0 0.1201923076923077 0.3774038461538462 0.02403846153846154 0.02403846153846154
0 0.5504807692307693 0.36778846153846156 0.02403846153846154 0.02403846153846154
0 0.0625 0.33653846153846156 0.02403846153846154 0.02403846153846154
0 0.15625 0.27403846153846156 0.02403846153846154 0.02403846153846154
0 0.3605769230769231 0.23317307692307693 0.02403846153846154 0.02403846153846154
0 0.25961538461538464 0.19471153846153846 0.02403846153846154 0.02403846153846154
0 0.65625 0.19230769230769232 0.02403846153846154 0.02403846153846154
0 0.6658653846153847 0.1826923076923077 0.02403846153846154 0.02403846153846154
0 0.12740384615384617 0.18028846153846154 0.02403846153846154 0.02403846153846154
0 0.40384615384615385 0.03125 0.02403846153846154 0.02403846153846154
0 0.3581730769230769 0.9615384615384616 0.02403846153846154 0.02403846153846154
0 0.42307692307692313 0.8701923076923077 0.02403846153846154 0.02403846153846154
0 0.2980769230769231 0.8870192307692308 0.02403846153846154 0.02403846153846154
0 0.04326923076923077 0.8774038461538463 0.02403846153846154 0.02403846153846154
0 0.1514423076923077 0.7307692307692308 0.02403846153846154 0.02403846153846154
0 0.15384615384615385 0.5504807692307693 0.02403846153846154 0.02403846153846154
0 0.40625 0.59375 0.02403846153846154 0.02403846153846154
0 0.44711538461538464 0.6225961538461539 0.02403846153846154 0.02403846153846154
0 0.4951923076923077 0.6778846153846154 0.02403846153846154 0.02403846153846154
0 0.6009615384615385 0.7355769230769231 0.02403846153846154 0.02403846153846154
0 0.6442307692307693 0.3942307692307693 0.02403846153846154 0.02403846153846154
0 0.7403846153846154 0.6105769230769231 0.02403846153846154 0.02403846153846154
0 0.9711538461538463 0.6802884615384616 0.02403846153846154 0.02403846153846154
0 0.9711538461538463 0.6466346153846154 0.02403846153846154 0.02403846153846154
0 0.8052884615384616 0.9663461538461539 0.02403846153846154 0.02403846153846154
