0 0.27403846153846156 0.9591346153846154 0.02403846153846154 0.02403846153846154
0 0.733173076923077 0.951923076923077 0.02403846153846154 0.02403846153846154
0 0.795673076923077 0.9350961538461539 0.02403846153846154 0.02403846153846154
0 0.125 0.9182692307692308 0.02403846153846154 0.02403846153846154
0 0.7572115384615385 0.9038461538461539 0.02403846153846154 0.02403846153846154
0 0.11538461538461539 0.8918269230769231 0.02403846153846154 0.02403846153846154
0 0.25961538461538464 0.8822115384615385 0.02403846153846154 0.02403846153846154
0 0.3125 0.8605769230769231 0.02403846153846154 0.02403846153846154
0 0.27403846153846156 0.8389423076923077 0.02403846153846154 0.02403846153846154
0 0.6923076923076923 0.826923076923077 0.02403846153846154 0.02403846153846154
0 0.07451923076923077 0.8100961538461539 0.02403846153846154 0.02403846153846154
0 0.07692307692307693 0.78125 0.02403846153846154 0.02403846153846154
0 0.06490384615384616 0.7716346153846154 0.02403846153846154 0.02403846153846154
0 0.09855769230769232 0.7668269230769231 0.02403846153846154 0.02403846153846154
0 0.22596153846153846 0.7451923076923077 0.02403846153846154 0.02403846153846154
0 0.10576923076923078 0.7379807692307693 0.02403846153846154 0.02403846153846154
0 0.8822115384615385 0.7259615384615385 0.02403846153846154 0.02403846153846154
0 0.6730769230769231 0.6947115384615385 0.02403846153846154 0.02403846153846154
0 0.1778846153846154 0.6778846153846154 0.02403846153846154 0.02403846153846154
0 0.038461538461538464 0.6754807692307693 0.02403846153846154 0.02403846153846154
0 0.057692307692307696 0.6274038461538461 0.02403846153846154 0.02403846153846154
0 0.11057692307692309 0.625 0.02403846153846154 0.02403846153846154
0 0.2692307692307693 0.5865384615384616 0.02403846153846154 0.02403846153846154
0 0.3197115384615385 0.4134615384615385 0.02403846153846154 0.02403846153846154
0 0.07692307692307693 0.38461538461538464 0.02403846153846154 0.02403846153846154
0 0.06009615384615385 0.36778846153846156 0.02403846153846154 0.02403846153846154
0 0.2355769230769231 0.3125 0.02403846153846154 0.02403846153846154
0 0.08413461538461539 0.30528846153846156 0.02403846153846154 0.02403846153846154
0 0.40384615384615385 0.3004807692307693 0.02403846153846154 0.02403846153846154
0 0.12980769230769232 0.21634615384615385 0.02403846153846154 0.02403846153846154
0 0.1514423076923077 0.2043269230769231 0.02403846153846154 0.02403846153846154
0 0.13701923076923078 0.13701923076923078 0.02403846153846154 0.02403846153846154
0 0.20673076923076925 0.07692307692307693 0.02403846153846154 0.02403846153846154
0 0.6586538461538461 0.03605769230769231 0.02403846153846154 0.02403846153846154
0 0.07451923076923077 0.028846153846153848 0.02403846153846154 0.02403846153846154
0 0.3822115384615385 0.44230769230769235 0.02403846153846154 0.02403846153846154
0 0.4086538461538462 0.5 0.02403846153846154 0.02403846153846154
0 0.3653846153846154 0.4086538461538462 0.02403846153846154 0.02403846153846154
0 0.2620192307692308 0.3774038461538462 0.02403846153846154 0.02403846153846154
0 0.21153846153846156 0.40625 0.02403846153846154 0.02403846153846154
0 0.06490384615384616 0.19951923076923078 0.02403846153846154 0.02403846153846154
0 0.09375 0.11778846153846155 0.02403846153846154 0.02403846153846154
0 0.2620192307692308 0.21153846153846156 0.02403846153846154 0.02403846153846154
0 0.3245192307692308 0.2932692307692308 0.02403846153846154 0.02403846153846154
0 0.6778846153846154 0.06490384615384616 0.02403846153846154 0.02403846153846154
0 0.8725961538461539 0.02403846153846154 0.02403846153846154 0.02403846153846154
0 0.8245192307692308 0.3966346153846154 0.02403846153846154 0.02403846153846154
0 0.5649038461538461 0.8918269230769231 0.02403846153846154 0.02403846153846154
0 0.46875 0.8653846153846154 0.02403846153846154 0.02403846153846154
0 0.3605769230769231 0.7740384615384616 0.02403846153846154 0.02403846153846154
0 0.3317307692307693 0.7115384615384616 0.02403846153846154 0.02403846153846154
0 0.24759615384615385 0.6610576923076923 0.02403846153846154 0.02403846153846154
0 0.20673076923076925 0.5240384615384616 0.02403846153846154 0.02403846153846154
0 0.37259615384615385 0.5961538461538461 0.02403846153846154 0.02403846153846154
0 0.6682692307692308 0.9423076923076924 0.02403846153846154 0.02403846153846154
0 0.05288461538461539 0.9447115384615385 0.02403846153846154 0.02403846153846154
0 0.1201923076923077 0.8557692307692308 0.02403846153846154 0.02403846153846154
0 0.22355769230769232 0.78125 0.02403846153846154 0.02403846153846154
0 0.2355769230769231 0.84375 0.02403846153846154 0.02403846153846154
0 0.375 0.9399038461538463 0.02403846153846154 0.02403846153846154
0 0.4711538461538462 0.7163461538461539 0.02403846153846154 0.02403846153846154
0 0.7740384615384616 0.7620192307692308 0.02403846153846154 0.02403846153846154
0 0.7379807692307693 0.6947115384615385 0.02403846153846154 0.02403846153846154
0 0.6586538461538461 0.6129807692307693 0.02403846153846154 0.02403846153846154
0 0.8365384615384616 0.5817307692307693 0.02403846153846154 0.02403846153846154
0 0.9110576923076924 0.6153846153846154 0.02403846153846154 0.02403846153846154
0 0.028846153846153848 0.5120192307692308 0.02403846153846154 0.02403846153846154
