0 0.5649038461538461 0.96875 0.02403846153846154 0.02403846153846154
0 0.3509615384615385 0.9495192307692308 0.02403846153846154 0.02403846153846154
0 0.8725961538461539 0.9471153846153847 0.02403846153846154 0.02403846153846154
0 0.5913461538461539 0.9423076923076924 0.02403846153846154 0.02403846153846154
0 0.9447115384615385 0.9350961538461539 0.02403846153846154 0.02403846153846154
0 0.30528846153846156 0.9278846153846154 0.02403846153846154 0.02403846153846154
0 0.90625 0.9254807692307693 0.02403846153846154 0.02403846153846154
0 0.4447115384615385 0.920673076923077 0.02403846153846154 0.02403846153846154
0 0.7307692307692308 0.920673076923077 0.02403846153846154 0.02403846153846154
0 0.78125 0.9134615384615385 0.02403846153846154 0.02403846153846154
0 0.9471153846153847 0.90625 0.02403846153846154 0.02403846153846154
0 0.8125 0.8990384615384616 0.02403846153846154 0.02403846153846154
0 0.19230769230769232 0.9014423076923077 0.02403846153846154 0.02403846153846154
0 0.7307692307692308 0.8966346153846154 0.02403846153846154 0.02403846153846154
0 0.3341346153846154 0.889423076923077 0.02403846153846154 0.02403846153846154
0 0.6514423076923077 0.8798076923076924 0.02403846153846154 0.02403846153846154
0 0.29086538461538464 0.8774038461538463 0.02403846153846154 0.02403846153846154
0 0.04807692307692308 0.8774038461538463 0.02403846153846154 0.02403846153846154
0 0.11057692307692309 0.8701923076923077 0.02403846153846154 0.02403846153846154
0 0.8798076923076924 0.8605769230769231 0.02403846153846154 0.02403846153846154
0 0.7427884615384616 0.8605769230769231 0.02403846153846154 0.02403846153846154
0 0.41105769230769235 0.8461538461538463 0.02403846153846154 0.02403846153846154
0 0.37980769230769235 0.8413461538461539 0.02403846153846154 0.02403846153846154
0 0.3341346153846154 0.84375 0.02403846153846154 0.02403846153846154
0 0.09134615384615385 0.8413461538461539 0.02403846153846154 0.02403846153846154
0 0.5192307692307693 0.8173076923076924 0.02403846153846154 0.02403846153846154
0 0.9230769230769231 0.7980769230769231 0.02403846153846154 0.02403846153846154
0 0.5072115384615384 0.7836538461538461 0.02403846153846154 0.02403846153846154
0 0.34375 0.7764423076923077 0.02403846153846154 0.02403846153846154
0 0.5384615384615385 0.7668269230769231 0.02403846153846154 0.02403846153846154
0 0.34855769230769235 0.7572115384615385 0.02403846153846154 0.02403846153846154
0 0.14182692307692307 0.75 0.02403846153846154 0.02403846153846154
0 0.5384615384615385 0.7403846153846154 0.02403846153846154 0.02403846153846154
0 0.3581730769230769 0.7403846153846154 0.02403846153846154 0.02403846153846154
0 0.4567307692307693 0.7139423076923077 0.02403846153846154 0.02403846153846154
0 0.6754807692307693 0.6947115384615385 0.02403846153846154 0.02403846153846154
0 0.4567307692307693 0.6899038461538461 0.02403846153846154 0.02403846153846154
0 0.6923076923076923 0.6754807692307693 0.02403846153846154 0.02403846153846154
0 0.5408653846153847 0.6754807692307693 0.02403846153846154 0.02403846153846154
0 0.16586538461538464 0.6730769230769231 0.02403846153846154 0.02403846153846154
0 0.3341346153846154 0.6658653846153847 0.02403846153846154 0.02403846153846154
0 0.8389423076923077 0.6586538461538461 0.02403846153846154 0.02403846153846154
0 0.5961538461538461 0.65625 0.02403846153846154 0.02403846153846154
0 0.8774038461538463 0.6322115384615385 0.02403846153846154 0.02403846153846154
0 0.8677884615384616 0.6201923076923077 0.02403846153846154 0.02403846153846154
0 0.3942307692307693 0.6225961538461539 0.02403846153846154 0.02403846153846154
0 0.3389423076923077 0.6225961538461539 0.02403846153846154 0.02403846153846154
0 0.8389423076923077 0.6129807692307693 0.02403846153846154 0.02403846153846154
0 0.6850961538461539 0.6009615384615385 0.02403846153846154 0.02403846153846154
0 0.3269230769230769 0.6009615384615385 0.02403846153846154 0.02403846153846154
0 0.10576923076923078 0.6033653846153847 0.02403846153846154 0.02403846153846154
0 0.9014423076923077 0.5961538461538461 0.02403846153846154 0.02403846153846154
0 0.4375 0.5985576923076923 0.02403846153846154 0.02403846153846154
0 0.28125 0.5865384615384616 0.02403846153846154 0.02403846153846154
0 0.4278846153846154 0.5745192307692308 0.02403846153846154 0.02403846153846154
0 0.9399038461538463 0.5649038461538461 0.02403846153846154 0.02403846153846154
0 0.13701923076923078 0.5673076923076923 0.02403846153846154 0.02403846153846154
0 0.2644230769230769 0.5576923076923077 0.02403846153846154 0.02403846153846154
0 0.7043269230769231 0.5552884615384616 0.02403846153846154 0.02403846153846154
0 0.2139423076923077 0.5504807692307693 0.02403846153846154 0.02403846153846154
0 0.8870192307692308 0.545673076923077 0.02403846153846154 0.02403846153846154
0 0.5576923076923077 0.545673076923077 0.02403846153846154 0.02403846153846154
0 0.8365384615384616 0.5240384615384616 0.02403846153846154 0.02403846153846154
0 0.96875 0.514423076923077 0.02403846153846154 0.02403846153846154
0 0.6730769230769231 0.5048076923076923 0.02403846153846154 0.02403846153846154
0 0.7427884615384616 0.4831730769230769 0.02403846153846154 0.02403846153846154
0 0.2668269230769231 0.4807692307692308 0.02403846153846154 0.02403846153846154
0 0.65625 0.45432692307692313 0.02403846153846154 0.02403846153846154
0 0.7235576923076924 0.44711538461538464 0.02403846153846154 0.02403846153846154
0 0.08173076923076923 0.44230769230769235 0.02403846153846154 0.02403846153846154
0 0.826923076923077 0.4375 0.02403846153846154 0.02403846153846154
0 0.10576923076923078 0.4278846153846154 0.02403846153846154 0.02403846153846154
0 0.44230769230769235 0.4206730769230769 0.02403846153846154 0.02403846153846154
0 0.22115384615384617 0.3966346153846154 0.02403846153846154 0.02403846153846154
0 0.4879807692307693 0.3870192307692308 0.02403846153846154 0.02403846153846154
0 0.09615384615384616 0.3870192307692308 0.02403846153846154 0.02403846153846154
0 0.38461538461538464 0.3774038461538462 0.02403846153846154 0.02403846153846154
0 0.4951923076923077 0.3341346153846154 0.02403846153846154 0.02403846153846154
0 0.5288461538461539 0.3317307692307693 0.02403846153846154 0.02403846153846154
0 0.6225961538461539 0.3028846153846154 0.02403846153846154 0.02403846153846154
0 0.4375 0.3028846153846154 0.02403846153846154 0.02403846153846154
0 0.7139423076923077 0.2956730769230769 0.02403846153846154 0.02403846153846154
0 0.6274038461538461 0.2716346153846154 0.02403846153846154 0.02403846153846154
0 0.0889423076923077 0.23076923076923078 0.02403846153846154 0.02403846153846154
0 0.7067307692307693 0.22836538461538464 0.02403846153846154 0.02403846153846154
0 0.49278846153846156 0.22836538461538464 0.02403846153846154 0.02403846153846154
0 0.59375 0.20673076923076925 0.02403846153846154 0.02403846153846154
0 0.21634615384615385 0.1826923076923077 0.02403846153846154 0.02403846153846154
0 0.6322115384615385 0.17548076923076925 0.02403846153846154 0.02403846153846154
0 0.7596153846153847 0.09855769230769232 0.02403846153846154 0.02403846153846154
0 0.4014423076923077 0.09375 0.02403846153846154 0.02403846153846154
0 0.8485576923076924 0.08173076923076923 0.02403846153846154 0.02403846153846154
0 0.7860576923076924 0.0625 0.02403846153846154 0.02403846153846154
0 0.24759615384615385 0.5336538461538461 0.02403846153846154 0.02403846153846154
0 0.16105769230769232 0.576923076923077 0.02403846153846154 0.02403846153846154
0 0.10096153846153846 0.07932692307692309 0.02403846153846154 0.02403846153846154
0 0.545673076923077 0.07692307692307693 0.02403846153846154 0.02403846153846154
0 0.6442307692307693 0.2764423076923077 0.02403846153846154 0.02403846153846154
0 0.3701923076923077 0.31730769230769235 0.02403846153846154 0.02403846153846154
0 0.3966346153846154 0.2932692307692308 0.02403846153846154 0.02403846153846154
0 0.46875 0.3269230769230769 0.02403846153846154 0.02403846153846154
0 0.9615384615384616 0.6370192307692308 0.02403846153846154 0.02403846153846154
0 0.8966346153846154 0.4399038461538462 0.02403846153846154 0.02403846153846154
0 0.8557692307692308 0.5192307692307693 0.02403846153846154 0.02403846153846154
0 0.514423076923077 0.514423076923077 0.02403846153846154 0.02403846153846154
0 0.5841346153846154 0.3894230769230769 0.02403846153846154 0.02403846153846154
0 0.1778846153846154 0.49278846153846156 0.02403846153846154 0.02403846153846154
0 0.6418269230769231 0.8293269230769231 0.02403846153846154 0.02403846153846154
0 0.03365384615384616 0.6009615384615385 0.02403846153846154 0.02403846153846154
0 0.3317307692307693 0.7908653846153847 0.02403846153846154 0.02403846153846154
