0 0.19230769230769232 0.9423076923076924 0.02403846153846154 0.02403846153846154
0 0.057692307692307696 0.8990384615384616 0.02403846153846154 0.02403846153846154
0 0.04807692307692308 0.8822115384615385 0.02403846153846154 0.02403846153846154
0 0.5024038461538461 0.826923076923077 0.02403846153846154 0.02403846153846154
0 0.02403846153846154 0.8245192307692308 0.02403846153846154 0.02403846153846154
0 0.25961538461538464 0.7980769230769231 0.02403846153846154 0.02403846153846154
0 0.24278846153846156 0.78125 0.02403846153846154 0.02403846153846154
0 0.4182692307692308 0.7259615384615385 0.02403846153846154 0.02403846153846154
0 0.2668269230769231 0.71875 0.02403846153846154 0.02403846153846154
0 0.5865384615384616 0.7139423076923077 0.02403846153846154 0.02403846153846154
0 0.3125 0.6298076923076923 0.02403846153846154 0.02403846153846154
0 0.3341346153846154 0.6177884615384616 0.02403846153846154 0.02403846153846154
0 0.19230769230769232 0.6177884615384616 0.02403846153846154 0.02403846153846154
0 0.3197115384615385 0.5504807692307693 0.02403846153846154 0.02403846153846154
0 0.3894230769230769 0.4903846153846154 0.02403846153846154 0.02403846153846154
0 0.8413461538461539 0.4495192307692308 0.02403846153846154 0.02403846153846154
0 0.2572115384615385 0.44230769230769235 0.02403846153846154 0.02403846153846154
0 0.16346153846153846 0.4447115384615385 0.02403846153846154 0.02403846153846154
0 0.03125 0.4254807692307693 0.02403846153846154 0.02403846153846154
0 0.08413461538461539 0.42307692307692313 0.02403846153846154 0.02403846153846154
0 0.4567307692307693 0.3701923076923077 0.02403846153846154 0.02403846153846154
0 0.34855769230769235 0.3317307692307693 0.02403846153846154 0.02403846153846154
0 0.7740384615384616 0.3341346153846154 0.02403846153846154 0.02403846153846154
0 0.1514423076923077 0.3004807692307693 0.02403846153846154 0.02403846153846154
0 0.7355769230769231 0.2620192307692308 0.02403846153846154 0.02403846153846154
0 0.040865384615384616 0.2620192307692308 0.02403846153846154 0.02403846153846154
0 0.2355769230769231 0.24759615384615385 0.02403846153846154 0.02403846153846154
0 0.2692307692307693 0.2403846153846154 0.02403846153846154 0.02403846153846154
0 0.21875 0.23076923076923078 0.02403846153846154 0.02403846153846154
0 0.4326923076923077 0.20673076923076925 0.02403846153846154 0.02403846153846154
0 0.3028846153846154 0.19951923076923078 0.02403846153846154 0.02403846153846154
0 0.09375 0.17067307692307693 0.02403846153846154 0.02403846153846154
0 0.49759615384615385 0.15384615384615385 0.02403846153846154 0.02403846153846154
0 0.16105769230769232 0.10576923076923078 0.02403846153846154 0.02403846153846154
0 0.5649038461538461 0.8557692307692308 0.02403846153846154 0.02403846153846154
0 0.5913461538461539 0.9134615384615385 0.02403846153846154 0.02403846153846154
0 0.5480769230769231 0.8221153846153847 0.02403846153846154 0.02403846153846154
0 0.4447115384615385 0.7908653846153847 0.02403846153846154 0.02403846153846154
0 0.3942307692307693 0.8197115384615385 0.02403846153846154 0.02403846153846154
0 0.24759615384615385 0.6129807692307693 0.02403846153846154 0.02403846153846154
0 0.2764423076923077 0.53125 0.02403846153846154 0.02403846153846154
0 0.4447115384615385 0.625 0.02403846153846154 0.02403846153846154
0 0.5072115384615384 0.7067307692307693 0.02403846153846154 0.02403846153846154
0 0.41105769230769235 0.3701923076923077 0.02403846153846154 0.02403846153846154
0 0.4759615384615385 0.27884615384615385 0.02403846153846154 0.02403846153846154
0 0.3509615384615385 0.2956730769230769 0.02403846153846154 0.02403846153846154
0 0.09615384615384616 0.28605769230769235 0.02403846153846154 0.02403846153846154
0 0.2043269230769231 0.13942307692307693 0.02403846153846154 0.02403846153846154
0 0.5 0.03125 0.02403846153846154 0.02403846153846154
0 0.5480769230769231 0.08653846153846154 0.02403846153846154 0.02403846153846154
0 0.6538461538461539 0.14423076923076925 0.02403846153846154 0.02403846153846154
0 0.858173076923077 0.375 0.02403846153846154 0.02403846153846154
0 0.8605769230769231 0.47836538461538464 0.02403846153846154 0.02403846153846154
0 0.6466346153846154 0.4254807692307693 0.02403846153846154 0.02403846153846154
0 0.3894230769230769 0.9375 0.02403846153846154 0.02403846153846154
0 0.21153846153846156 0.9254807692307693 0.02403846153846154 0.02403846153846154
