0 0.026442307692307696 0.8870192307692308 0.02403846153846154 0.02403846153846154
0 0.27403846153846156 0.8846153846153847 0.02403846153846154 0.02403846153846154
0 0.06490384615384616 0.875 0.02403846153846154 0.02403846153846154
0 0.4278846153846154 0.8653846153846154 0.02403846153846154 0.02403846153846154
0 0.6418269230769231 0.8485576923076924 0.02403846153846154 0.02403846153846154
0 0.764423076923077 0.8485576923076924 0.02403846153846154 0.02403846153846154
0 0.8197115384615385 0.8413461538461539 0.02403846153846154 0.02403846153846154
0 0.795673076923077 0.8245192307692308 0.02403846153846154 0.02403846153846154
0 0.1514423076923077 0.826923076923077 0.02403846153846154 0.02403846153846154
0 0.9182692307692308 0.8221153846153847 0.02403846153846154 0.02403846153846154
0 0.8774038461538463 0.8173076923076924 0.02403846153846154 0.02403846153846154
0 0.8557692307692308 0.8100961538461539 0.02403846153846154 0.02403846153846154
0 0.889423076923077 0.8052884615384616 0.02403846153846154 0.02403846153846154
0 0.5961538461538461 0.795673076923077 0.02403846153846154 0.02403846153846154
0 0.026442307692307696 0.7932692307692308 0.02403846153846154 0.02403846153846154
0 0.9350961538461539 0.795673076923077 0.02403846153846154 0.02403846153846154
0 0.4591346153846154 0.78125 0.02403846153846154 0.02403846153846154
0 0.96875 0.7716346153846154 0.02403846153846154 0.02403846153846154
0 0.9471153846153847 0.7596153846153847 0.02403846153846154 0.02403846153846154
0 0.6995192307692308 0.7403846153846154 0.02403846153846154 0.02403846153846154
0 0.545673076923077 0.7259615384615385 0.02403846153846154 0.02403846153846154
0 0.3317307692307693 0.7091346153846154 0.02403846153846154 0.02403846153846154
0 0.78125 0.6971153846153847 0.02403846153846154 0.02403846153846154
0 0.3822115384615385 0.6923076923076923 0.02403846153846154 0.02403846153846154
0 0.028846153846153848 0.6899038461538461 0.02403846153846154 0.02403846153846154
0 0.27884615384615385 0.6634615384615385 0.02403846153846154 0.02403846153846154
0 0.17067307692307693 0.6634615384615385 0.02403846153846154 0.02403846153846154
0 0.34855769230769235 0.6466346153846154 0.02403846153846154 0.02403846153846154
0 0.038461538461538464 0.6466346153846154 0.02403846153846154 0.02403846153846154
0 0.19951923076923078 0.6370192307692308 0.02403846153846154 0.02403846153846154
0 0.8701923076923077 0.6346153846153847 0.02403846153846154 0.02403846153846154
0 0.41586538461538464 0.5913461538461539 0.02403846153846154 0.02403846153846154
0 0.4399038461538462 0.5889423076923077 0.02403846153846154 0.02403846153846154
0 0.4831730769230769 0.5841346153846154 0.02403846153846154 0.02403846153846154
0 0.28125 0.5793269230769231 0.02403846153846154 0.02403846153846154
0 0.41586538461538464 0.5673076923076923 0.02403846153846154 0.02403846153846154
0 0.5817307692307693 0.5697115384615385 0.02403846153846154 0.02403846153846154
0 0.78125 0.5528846153846154 0.02403846153846154 0.02403846153846154
0 0.30528846153846156 0.545673076923077 0.02403846153846154 0.02403846153846154
0 0.4326923076923077 0.5384615384615385 0.02403846153846154 0.02403846153846154
0 0.6490384615384616 0.5264423076923077 0.02403846153846154 0.02403846153846154
0 0.3966346153846154 0.5336538461538461 0.02403846153846154 0.02403846153846154
0 0.22836538461538464 0.5120192307692308 0.02403846153846154 0.02403846153846154
0 0.9182692307692308 0.5024038461538461 0.02403846153846154 0.02403846153846154
0 0.3774038461538462 0.49759615384615385 0.02403846153846154 0.02403846153846154
0 0.670673076923077 0.4951923076923077 0.02403846153846154 0.02403846153846154
0 0.7860576923076924 0.4807692307692308 0.02403846153846154 0.02403846153846154
0 0.764423076923077 0.47355769230769235 0.02403846153846154 0.02403846153846154
0 0.12740384615384617 0.4639423076923077 0.02403846153846154 0.02403846153846154
0 0.16346153846153846 0.4519230769230769 0.02403846153846154 0.02403846153846154
0 0.5480769230769231 0.44230769230769235 0.02403846153846154 0.02403846153846154
0 0.08413461538461539 0.4254807692307693 0.02403846153846154 0.02403846153846154
0 0.19951923076923078 0.4182692307692308 0.02403846153846154 0.02403846153846154
0 0.22115384615384617 0.41105769230769235 0.02403846153846154 0.02403846153846154
0 0.858173076923077 0.41105769230769235 0.02403846153846154 0.02403846153846154
0 0.6802884615384616 0.4014423076923077 0.02403846153846154 0.02403846153846154
0 0.10576923076923078 0.3966346153846154 0.02403846153846154 0.02403846153846154
0 0.46634615384615385 0.3822115384615385 0.02403846153846154 0.02403846153846154
0 0.7067307692307693 0.375 0.02403846153846154 0.02403846153846154
0 0.4206730769230769 0.3605769230769231 0.02403846153846154 0.02403846153846154
0 0.5600961538461539 0.35336538461538464 0.02403846153846154 0.02403846153846154
0 0.8461538461538463 0.35336538461538464 0.02403846153846154 0.02403846153846154
0 0.8966346153846154 0.34615384615384615 0.02403846153846154 0.02403846153846154
0 0.9278846153846154 0.3317307692307693 0.02403846153846154 0.02403846153846154
0 0.3076923076923077 0.3341346153846154 0.02403846153846154 0.02403846153846154
0 0.8461538461538463 0.3293269230769231 0.02403846153846154 0.02403846153846154
0 0.4495192307692308 0.32211538461538464 0.02403846153846154 0.02403846153846154
0 0.7668269230769231 0.3125 0.02403846153846154 0.02403846153846154
0 0.40625 0.31009615384615385 0.02403846153846154 0.02403846153846154
0 0.16346153846153846 0.31009615384615385 0.02403846153846154 0.02403846153846154
0 0.22596153846153846 0.3028846153846154 0.02403846153846154 0.02403846153846154
0 0.858173076923077 0.2932692307692308 0.02403846153846154 0.02403846153846154
0 0.5264423076923077 0.27884615384615385 0.02403846153846154 0.02403846153846154
0 0.4951923076923077 0.27403846153846156 0.02403846153846154 0.02403846153846154
0 0.4495192307692308 0.2764423076923077 0.02403846153846154 0.02403846153846154
0 0.20673076923076925 0.27403846153846156 0.02403846153846154 0.02403846153846154
0 0.6346153846153847 0.25 0.02403846153846154 0.02403846153846154
0 0.03365384615384616 0.25 0.02403846153846154 0.02403846153846154
0 0.03125 0.21875 0.02403846153846154 0.02403846153846154
0 0.6225961538461539 0.21634615384615385 0.02403846153846154 0.02403846153846154
0 0.4591346153846154 0.2091346153846154 0.02403846153846154 0.02403846153846154
0 0.6538461538461539 0.19951923076923078 0.02403846153846154 0.02403846153846154
0 0.4639423076923077 0.18990384615384617 0.02403846153846154 0.02403846153846154
0 0.2572115384615385 0.1826923076923077 0.02403846153846154 0.02403846153846154
0 0.6538461538461539 0.17307692307692307 0.02403846153846154 0.02403846153846154
0 0.47355769230769235 0.17307692307692307 0.02403846153846154 0.02403846153846154
0 0.5721153846153847 0.1466346153846154 0.02403846153846154 0.02403846153846154
0 0.7908653846153847 0.12740384615384617 0.02403846153846154 0.02403846153846154
0 0.5721153846153847 0.12259615384615385 0.02403846153846154 0.02403846153846154
0 0.0625 0.11538461538461539 0.02403846153846154 0.02403846153846154
0 0.8076923076923077 0.10817307692307693 0.02403846153846154 0.02403846153846154
0 0.65625 0.10817307692307693 0.02403846153846154 0.02403846153846154
0 0.28125 0.10576923076923078 0.02403846153846154 0.02403846153846154
0 0.4495192307692308 0.09855769230769232 0.02403846153846154 0.02403846153846154
0 0.9543269230769231 0.09134615384615385 0.02403846153846154 0.02403846153846154
0 0.7115384615384616 0.0889423076923077 0.02403846153846154 0.02403846153846154
0 0.06730769230769232 0.06009615384615385 0.02403846153846154 0.02403846153846154
0 0.5096153846153847 0.05528846153846154 0.02403846153846154 0.02403846153846154
0 0.45432692307692313 0.05528846153846154 0.02403846153846154 0.02403846153846154
0 0.9543269230769231 0.04567307692307693 0.02403846153846154 0.02403846153846154
0 0.8004807692307693 0.03365384615384616 0.02403846153846154 0.02403846153846154
0 0.44230769230769235 0.03365384615384616 0.02403846153846154 0.02403846153846154
0 0.22115384615384617 0.03605769230769231 0.02403846153846154 0.02403846153846154
0 0.5528846153846154 0.03125 0.02403846153846154 0.02403846153846154
0 0.951923076923077 0.4495192307692308 0.02403846153846154 0.02403846153846154
0 0.9350961538461539 0.4639423076923077 0.02403846153846154 0.02403846153846154
0 0.8389423076923077 0.5600961538461539 0.02403846153846154 0.02403846153846154
0 0.8100961538461539 0.6730769230769231 0.02403846153846154 0.02403846153846154
0 0.8605769230769231 0.47355769230769235 0.02403846153846154 0.02403846153846154
0 0.06971153846153846 0.2451923076923077 0.02403846153846154 0.02403846153846154
0 0.7572115384615385 0.2620192307692308 0.02403846153846154 0.02403846153846154
0 0.31009615384615385 0.5 0.02403846153846154 0.02403846153846154
0 0.11298076923076923 0.5721153846153847 0.02403846153846154 0.02403846153846154
0 0.14903846153846154 0.03365384615384616 0.02403846153846154 0.02403846153846154
0 0.06971153846153846 0.07692307692307693 0.02403846153846154 0.02403846153846154
0 0.44711538461538464 0.22355769230769232 0.02403846153846154 0.02403846153846154
0 0.7307692307692308 0.4879807692307693 0.02403846153846154 0.02403846153846154
0 0.25 0.4399038461538462 0.02403846153846154 0.02403846153846154
0 0.625 0.71875 0.02403846153846154 0.02403846153846154
0 0.5600961538461539 0.8100961538461539 0.02403846153846154 0.02403846153846154
0 0.37259615384615385 0.6418269230769231 0.02403846153846154 0.02403846153846154
