0 0.375 0.9663461538461539 0.02403846153846154 0.02403846153846154
0 0.9375 0.9591346153846154 0.02403846153846154 0.02403846153846154
0 0.9567307692307693 0.9495192307692308 0.02403846153846154 0.02403846153846154
0 0.8149038461538461 0.9495192307692308 0.02403846153846154 0.02403846153846154
0 0.2620192307692308 0.9447115384615385 0.02403846153846154 0.02403846153846154
0 0.7403846153846154 0.8918269230769231 0.02403846153846154 0.02403846153846154
0 0.9471153846153847 0.8822115384615385 0.02403846153846154 0.02403846153846154
0 0.9038461538461539 0.8653846153846154 0.02403846153846154 0.02403846153846154
0 0.7884615384615385 0.7764423076923077 0.02403846153846154 0.02403846153846154
0 0.8822115384615385 0.7716346153846154 0.02403846153846154 0.02403846153846154
0 0.6586538461538461 0.7572115384615385 0.02403846153846154 0.02403846153846154
0 0.7091346153846154 0.7548076923076924 0.02403846153846154 0.02403846153846154
0 0.7740384615384616 0.6322115384615385 0.02403846153846154 0.02403846153846154
0 0.7259615384615385 0.625 0.02403846153846154 0.02403846153846154
0 0.6658653846153847 0.59375 0.02403846153846154 0.02403846153846154
0 0.858173076923077 0.5793269230769231 0.02403846153846154 0.02403846153846154
0 0.8942307692307693 0.5721153846153847 0.02403846153846154 0.02403846153846154
0 0.8461538461538463 0.5625 0.02403846153846154 0.02403846153846154
0 0.71875 0.5024038461538461 0.02403846153846154 0.02403846153846154
0 0.7860576923076924 0.4375 0.02403846153846154 0.02403846153846154
0 0.889423076923077 0.3317307692307693 0.02403846153846154 0.02403846153846154
0 0.7932692307692308 0.3269230769230769 0.02403846153846154 0.02403846153846154
0 0.8052884615384616 0.27403846153846156 0.02403846153846154 0.02403846153846154
0 0.6634615384615385 0.16105769230769232 0.02403846153846154 0.02403846153846154
0 0.6009615384615385 0.13461538461538464 0.02403846153846154 0.02403846153846154
0 0.6875 0.04567307692307693 0.02403846153846154 0.02403846153846154
0 0.8774038461538463 0.07211538461538462 0.02403846153846154 0.02403846153846154
0 0.7932692307692308 0.12259615384615385 0.02403846153846154 0.02403846153846154
0 0.7620192307692308 0.0889423076923077 0.02403846153846154 0.02403846153846154
0 0.8485576923076924 0.24759615384615385 0.02403846153846154 0.02403846153846154
0 0.8918269230769231 0.49278846153846156 0.02403846153846154 0.02403846153846154
0 0.9302884615384616 0.5240384615384616 0.02403846153846154 0.02403846153846154
0 0.9615384615384616 0.6298076923076923 0.02403846153846154 0.02403846153846154
0 0.9158653846153847 0.7740384615384616 0.02403846153846154 0.02403846153846154
0 0.8677884615384616 0.9543269230769231 0.02403846153846154 0.02403846153846154
0 0.8461538461538463 0.9711538461538463 0.02403846153846154 0.02403846153846154
0 0.514423076923077 0.8149038461538461 0.02403846153846154 0.02403846153846154
0 0.6778846153846154 0.7908653846153847 0.02403846153846154 0.02403846153846154
0 0.30528846153846156 0.9110576923076924 0.02403846153846154 0.02403846153846154
0 0.1514423076923077 0.639423076923077 0.02403846153846154 0.02403846153846154
0 0.05288461538461539 0.5024038461538461 0.02403846153846154 0.02403846153846154
0 0.12259615384615385 0.5865384615384616 0.02403846153846154 0.02403846153846154
0 0.1826923076923077 0.514423076923077 0.02403846153846154 0.02403846153846154
0 0.5528846153846154 0.5961538461538461 0.02403846153846154 0.02403846153846154
0 0.19711538461538464 0.4399038461538462 0.02403846153846154 0.02403846153846154
0 0.06490384615384616 0.2403846153846154 0.02403846153846154 0.02403846153846154
