0 0.9543269230769231 0.8966346153846154 0.02403846153846154 0.02403846153846154
0 0.9615384615384616 0.733173076923077 0.02403846153846154 0.02403846153846154
0 0.9591346153846154 0.3004807692307693 0.02403846153846154 0.02403846153846154
0 0.8966346153846154 0.27403846153846156 0.02403846153846154 0.02403846153846154
0 0.8100961538461539 0.9543269230769231 0.02403846153846154 0.02403846153846154
0 0.44711538461538464 0.7788461538461539 0.02403846153846154 0.02403846153846154
0 0.34855769230769235 0.6418269230769231 0.02403846153846154 0.02403846153846154
0 0.4182692307692308 0.7259615384615385 0.02403846153846154 0.02403846153846154
0 0.47836538461538464 0.6538461538461539 0.02403846153846154 0.02403846153846154
0 0.23076923076923078 0.7163461538461539 0.02403846153846154 0.02403846153846154
0 0.8485576923076924 0.7355769230769231 0.02403846153846154 0.02403846153846154
0 0.49278846153846156 0.5793269230769231 0.02403846153846154 0.02403846153846154
0 0.2451923076923077 0.6490384615384616 0.02403846153846154 0.02403846153846154
0 0.3605769230769231 0.37980769230769235 0.02403846153846154 0.02403846153846154
0 0.12740384615384617 0.3581730769230769 0.02403846153846154 0.02403846153846154
0 0.05528846153846154 0.4206730769230769 0.02403846153846154 0.02403846153846154
