0 0.8966346153846154 0.920673076923077 0.02403846153846154 0.02403846153846154
0 0.9471153846153847 0.9182692307692308 0.02403846153846154 0.02403846153846154
0 0.9639423076923077 0.7884615384615385 0.02403846153846154 0.02403846153846154
0 0.9038461538461539 0.7572115384615385 0.02403846153846154 0.02403846153846154
0 0.9567307692307693 0.6658653846153847 0.02403846153846154 0.02403846153846154
0 0.9014423076923077 0.3245192307692308 0.02403846153846154 0.02403846153846154
0 0.8389423076923077 0.2980769230769231 0.02403846153846154 0.02403846153846154
0 0.9254807692307693 0.2091346153846154 0.02403846153846154 0.02403846153846154
0 0.9158653846153847 0.9543269230769231 0.02403846153846154 0.02403846153846154
0 0.3894230769230769 0.8028846153846154 0.02403846153846154 0.02403846153846154
0 0.29086538461538464 0.6658653846153847 0.02403846153846154 0.02403846153846154
0 0.3605769230769231 0.75 0.02403846153846154 0.02403846153846154
0 0.4206730769230769 0.6778846153846154 0.02403846153846154 0.02403846153846154
0 0.17307692307692307 0.7403846153846154 0.02403846153846154 0.02403846153846154
0 0.7908653846153847 0.7596153846153847 0.02403846153846154 0.02403846153846154
0 0.43509615384615385 0.6033653846153847 0.02403846153846154 0.02403846153846154
0 0.1875 0.6730769230769231 0.02403846153846154 0.02403846153846154
0 0.3028846153846154 0.40384615384615385 0.02403846153846154 0.02403846153846154
0 0.06971153846153846 0.3822115384615385 0.02403846153846154 0.02403846153846154
