0 0.670673076923077 0.9567307692307693 0.02403846153846154 0.02403846153846154
0 0.764423076923077 0.9447115384615385 0.02403846153846154 0.02403846153846154
0 0.06009615384615385 0.9399038461538463 0.02403846153846154 0.02403846153846154
0 0.6033653846153847 0.9110576923076924 0.02403846153846154 0.02403846153846154
0 0.46875 0.9110576923076924 0.02403846153846154 0.02403846153846154
0 0.9615384615384616 0.9086538461538463 0.02403846153846154 0.02403846153846154
0 0.06009615384615385 0.8942307692307693 0.02403846153846154 0.02403846153846154
0 0.8942307692307693 0.8798076923076924 0.02403846153846154 0.02403846153846154
0 0.8076923076923077 0.8677884615384616 0.02403846153846154 0.02403846153846154
0 0.7283653846153847 0.8701923076923077 0.02403846153846154 0.02403846153846154
0 0.9399038461538463 0.8653846153846154 0.02403846153846154 0.02403846153846154
0 0.2451923076923077 0.8677884615384616 0.02403846153846154 0.02403846153846154
0 0.7692307692307693 0.8557692307692308 0.02403846153846154 0.02403846153846154
0 0.23317307692307693 0.8341346153846154 0.02403846153846154 0.02403846153846154
0 0.9326923076923077 0.8245192307692308 0.02403846153846154 0.02403846153846154
0 0.9639423076923077 0.8245192307692308 0.02403846153846154 0.02403846153846154
0 0.75 0.8221153846153847 0.02403846153846154 0.02403846153846154
0 0.7692307692307693 0.8052884615384616 0.02403846153846154 0.02403846153846154
0 0.9471153846153847 0.7932692307692308 0.02403846153846154 0.02403846153846154
0 0.08413461538461539 0.7908653846153847 0.02403846153846154 0.02403846153846154
0 0.8653846153846154 0.7596153846153847 0.02403846153846154 0.02403846153846154
0 0.18509615384615385 0.764423076923077 0.02403846153846154 0.02403846153846154
0 0.4014423076923077 0.7451923076923077 0.02403846153846154 0.02403846153846154
0 0.90625 0.7307692307692308 0.02403846153846154 0.02403846153846154
0 0.06009615384615385 0.7163461538461539 0.02403846153846154 0.02403846153846154
0 0.32211538461538464 0.7091346153846154 0.02403846153846154 0.02403846153846154
0 0.6802884615384616 0.6899038461538461 0.02403846153846154 0.02403846153846154
0 0.7908653846153847 0.6875 0.02403846153846154 0.02403846153846154
0 0.9230769230769231 0.6875 0.02403846153846154 0.02403846153846154
0 0.7524038461538461 0.6875 0.02403846153846154 0.02403846153846154
0 0.6033653846153847 0.6826923076923077 0.02403846153846154 0.02403846153846154
0 0.59375 0.670673076923077 0.02403846153846154 0.02403846153846154
0 0.41105769230769235 0.6538461538461539 0.02403846153846154 0.02403846153846154
0 0.6274038461538461 0.6466346153846154 0.02403846153846154 0.02403846153846154
0 0.15384615384615385 0.625 0.02403846153846154 0.02403846153846154
0 0.6658653846153847 0.6153846153846154 0.02403846153846154 0.02403846153846154
0 0.8918269230769231 0.5697115384615385 0.02403846153846154 0.02403846153846154
0 0.6947115384615385 0.5649038461538461 0.02403846153846154 0.02403846153846154
0 0.7403846153846154 0.5432692307692308 0.02403846153846154 0.02403846153846154
0 0.46875 0.5336538461538461 0.02403846153846154 0.02403846153846154
0 0.8918269230769231 0.5 0.02403846153846154 0.02403846153846154
0 0.4399038461538462 0.49278846153846156 0.02403846153846154 0.02403846153846154
0 0.5528846153846154 0.4879807692307693 0.02403846153846154 0.02403846153846154
0 0.701923076923077 0.4759615384615385 0.02403846153846154 0.02403846153846154
0 0.9375 0.4639423076923077 0.02403846153846154 0.02403846153846154
0 0.8870192307692308 0.45432692307692313 0.02403846153846154 0.02403846153846154
0 0.9423076923076924 0.44230769230769235 0.02403846153846154 0.02403846153846154
0 0.9254807692307693 0.4254807692307693 0.02403846153846154 0.02403846153846154
0 0.10096153846153846 0.41586538461538464 0.02403846153846154 0.02403846153846154
0 0.2572115384615385 0.3774038461538462 0.02403846153846154 0.02403846153846154
0 0.7043269230769231 0.3605769230769231 0.02403846153846154 0.02403846153846154
0 0.5240384615384616 0.3629807692307693 0.02403846153846154 0.02403846153846154
0 0.9399038461538463 0.3581730769230769 0.02403846153846154 0.02403846153846154
0 0.16826923076923078 0.34855769230769235 0.02403846153846154 0.02403846153846154
0 0.4326923076923077 0.27884615384615385 0.02403846153846154 0.02403846153846154
0 0.8725961538461539 0.2620192307692308 0.02403846153846154 0.02403846153846154
0 0.3197115384615385 0.2572115384615385 0.02403846153846154 0.02403846153846154
0 0.7980769230769231 0.2043269230769231 0.02403846153846154 0.02403846153846154
0 0.9615384615384616 0.1778846153846154 0.02403846153846154 0.02403846153846154
0 0.8461538461538463 0.0889423076923077 0.02403846153846154 0.02403846153846154
0 0.9399038461538463 0.08413461538461539 0.02403846153846154 0.02403846153846154
0 0.7163461538461539 0.06971153846153846 0.02403846153846154 0.02403846153846154
0 0.7668269230769231 0.06730769230769232 0.02403846153846154 0.02403846153846154
0 0.9254807692307693 0.2668269230769231 0.02403846153846154 0.02403846153846154
0 0.9038461538461539 0.28365384615384615 0.02403846153846154 0.02403846153846154
0 0.8076923076923077 0.733173076923077 0.02403846153846154 0.02403846153846154
0 0.8173076923076924 0.7668269230769231 0.02403846153846154 0.02403846153846154
0 0.8173076923076924 0.670673076923077 0.02403846153846154 0.02403846153846154
0 0.5600961538461539 0.7067307692307693 0.02403846153846154 0.02403846153846154
0 0.5600961538461539 0.6682692307692308 0.02403846153846154 0.02403846153846154
0 0.625 0.5048076923076923 0.02403846153846154 0.02403846153846154
0 0.5721153846153847 0.12740384615384617 0.02403846153846154 0.02403846153846154
0 0.7355769230769231 0.10336538461538462 0.02403846153846154 0.02403846153846154
0 0.8341346153846154 0.28605769230769235 0.02403846153846154 0.02403846153846154
0 0.43509615384615385 0.33653846153846156 0.02403846153846154 0.02403846153846154
0 0.3629807692307693 0.22355769230769232 0.02403846153846154 0.02403846153846154
0 0.3774038461538462 0.5072115384615384 0.02403846153846154 0.02403846153846154
0 0.43509615384615385 0.5985576923076923 0.02403846153846154 0.02403846153846154
0 0.2692307692307693 0.8076923076923077 0.02403846153846154 0.02403846153846154
0 0.16586538461538464 0.46634615384615385 0.02403846153846154 0.02403846153846154
0 0.7067307692307693 0.608173076923077 0.02403846153846154 0.02403846153846154
0 0.1201923076923077 0.6658653846153847 0.02403846153846154 0.02403846153846154
0 0.47836538461538464 0.9375 0.02403846153846154 0.02403846153846154
