0 0.09855769230769232 0.6850961538461539 0.02403846153846154 0.02403846153846154
0 0.3389423076923077 0.65625 0.02403846153846154 0.02403846153846154
0 0.3076923076923077 0.6538461538461539 0.02403846153846154 0.02403846153846154
0 0.22115384615384617 0.6538461538461539 0.02403846153846154 0.02403846153846154
0 0.4951923076923077 0.639423076923077 0.02403846153846154 0.02403846153846154
0 0.5552884615384616 0.6346153846153847 0.02403846153846154 0.02403846153846154
0 0.17307692307692307 0.6346153846153847 0.02403846153846154 0.02403846153846154
0 0.53125 0.6298076923076923 0.02403846153846154 0.02403846153846154
0 0.08653846153846154 0.6298076923076923 0.02403846153846154 0.02403846153846154
0 0.02403846153846154 0.6274038461538461 0.02403846153846154 0.02403846153846154
0 0.2716346153846154 0.6201923076923077 0.02403846153846154 0.02403846153846154
0 0.057692307692307696 0.6153846153846154 0.02403846153846154 0.02403846153846154
0 0.3966346153846154 0.6129807692307693 0.02403846153846154 0.02403846153846154
0 0.5673076923076923 0.608173076923077 0.02403846153846154 0.02403846153846154
0 0.125 0.6057692307692308 0.02403846153846154 0.02403846153846154
0 0.8413461538461539 0.59375 0.02403846153846154 0.02403846153846154
0 0.65625 0.5889423076923077 0.02403846153846154 0.02403846153846154
0 0.5985576923076923 0.5817307692307693 0.02403846153846154 0.02403846153846154
0 0.4567307692307693 0.5841346153846154 0.02403846153846154 0.02403846153846154
0 0.5745192307692308 0.5745192307692308 0.02403846153846154 0.02403846153846154
0 0.23076923076923078 0.5649038461538461 0.02403846153846154 0.02403846153846154
0 0.7908653846153847 0.5625 0.02403846153846154 0.02403846153846154
0 0.4879807692307693 0.5625 0.02403846153846154 0.02403846153846154
0 0.13701923076923078 0.5552884615384616 0.02403846153846154 0.02403846153846154
0 0.4134615384615385 0.5432692307692308 0.02403846153846154 0.02403846153846154
0 0.09375 0.53125 0.02403846153846154 0.02403846153846154
0 0.5552884615384616 0.5288461538461539 0.02403846153846154 0.02403846153846154
0 0.4831730769230769 0.5240384615384616 0.02403846153846154 0.02403846153846154
0 0.2668269230769231 0.5264423076923077 0.02403846153846154 0.02403846153846154
0 0.46875 0.5168269230769231 0.02403846153846154 0.02403846153846154
0 0.8509615384615385 0.5192307692307693 0.02403846153846154 0.02403846153846154
0 0.6923076923076923 0.49278846153846156 0.02403846153846154 0.02403846153846154
0 0.3341346153846154 0.4903846153846154 0.02403846153846154 0.02403846153846154
0 0.6298076923076923 0.4879807692307693 0.02403846153846154 0.02403846153846154
0 0.5985576923076923 0.4759615384615385 0.02403846153846154 0.02403846153846154
0 0.34615384615384615 0.4759615384615385 0.02403846153846154 0.02403846153846154
0 0.8317307692307693 0.4759615384615385 0.02403846153846154 0.02403846153846154
0 0.18990384615384617 0.46634615384615385 0.02403846153846154 0.02403846153846154
0 0.6009615384615385 0.44230769230769235 0.02403846153846154 0.02403846153846154
0 0.2403846153846154 0.44230769230769235 0.02403846153846154 0.02403846153846154
0 0.3653846153846154 0.4399038461538462 0.02403846153846154 0.02403846153846154
0 0.09855769230769232 0.4254807692307693 0.02403846153846154 0.02403846153846154
0 0.25 0.4182692307692308 0.02403846153846154 0.02403846153846154
0 0.2139423076923077 0.4134615384615385 0.02403846153846154 0.02403846153846154
0 0.44230769230769235 0.40625 0.02403846153846154 0.02403846153846154
0 0.10096153846153846 0.40384615384615385 0.02403846153846154 0.02403846153846154
0 0.4134615384615385 0.4014423076923077 0.02403846153846154 0.02403846153846154
0 0.9591346153846154 0.3918269230769231 0.02403846153846154 0.02403846153846154
0 0.4639423076923077 0.3870192307692308 0.02403846153846154 0.02403846153846154
0 0.16346153846153846 0.3894230769230769 0.02403846153846154 0.02403846153846154
0 0.3605769230769231 0.38461538461538464 0.02403846153846154 0.02403846153846154
0 0.21634615384615385 0.3701923076923077 0.02403846153846154 0.02403846153846154
0 0.5408653846153847 0.34855769230769235 0.02403846153846154 0.02403846153846154
0 0.34134615384615385 0.34375 0.02403846153846154 0.02403846153846154
0 0.27403846153846156 0.3389423076923077 0.02403846153846154 0.02403846153846154
0 0.03365384615384616 0.3341346153846154 0.02403846153846154 0.02403846153846154
0 0.19951923076923078 0.3341346153846154 0.02403846153846154 0.02403846153846154
0 0.6201923076923077 0.3293269230769231 0.02403846153846154 0.02403846153846154
0 0.4326923076923077 0.3269230769230769 0.02403846153846154 0.02403846153846154
0 0.47355769230769235 0.32211538461538464 0.02403846153846154 0.02403846153846154
0 0.27403846153846156 0.31490384615384615 0.02403846153846154 0.02403846153846154
0 0.2956730769230769 0.3125 0.02403846153846154 0.02403846153846154
0 0.41105769230769235 0.29086538461538464 0.02403846153846154 0.02403846153846154
0 0.6875 0.28605769230769235 0.02403846153846154 0.02403846153846154
0 0.08173076923076923 0.28605769230769235 0.02403846153846154 0.02403846153846154
0 0.4014423076923077 0.27884615384615385 0.02403846153846154 0.02403846153846154
0 0.14903846153846154 0.25961538461538464 0.02403846153846154 0.02403846153846154
0 0.4807692307692308 0.24278846153846156 0.02403846153846154 0.02403846153846154
0 0.5889423076923077 0.2403846153846154 0.02403846153846154 0.02403846153846154
0 0.14182692307692307 0.23798076923076925 0.02403846153846154 0.02403846153846154
0 0.9254807692307693 0.23317307692307693 0.02403846153846154 0.02403846153846154
0 0.2884615384615385 0.22836538461538464 0.02403846153846154 0.02403846153846154
0 0.4014423076923077 0.21634615384615385 0.02403846153846154 0.02403846153846154
0 0.4903846153846154 0.21153846153846156 0.02403846153846154 0.02403846153846154
0 0.34134615384615385 0.2043269230769231 0.02403846153846154 0.02403846153846154
0 0.27403846153846156 0.19951923076923078 0.02403846153846154 0.02403846153846154
0 0.14903846153846154 0.19711538461538464 0.02403846153846154 0.02403846153846154
0 0.125 0.19711538461538464 0.02403846153846154 0.02403846153846154
0 0.30528846153846156 0.18028846153846154 0.02403846153846154 0.02403846153846154
0 0.7163461538461539 0.17067307692307693 0.02403846153846154 0.02403846153846154
0 0.057692307692307696 0.16826923076923078 0.02403846153846154 0.02403846153846154
0 0.17307692307692307 0.15865384615384617 0.02403846153846154 0.02403846153846154
0 0.10336538461538462 0.15384615384615385 0.02403846153846154 0.02403846153846154
0 0.8317307692307693 0.14423076923076925 0.02403846153846154 0.02403846153846154
0 0.46634615384615385 0.13942307692307693 0.02403846153846154 0.02403846153846154
0 0.9110576923076924 0.13461538461538464 0.02403846153846154 0.02403846153846154
0 0.3966346153846154 0.12259615384615385 0.02403846153846154 0.02403846153846154
0 0.8004807692307693 0.1201923076923077 0.02403846153846154 0.02403846153846154
0 0.09615384615384616 0.11298076923076923 0.02403846153846154 0.02403846153846154
0 0.12740384615384617 0.11298076923076923 0.02403846153846154 0.02403846153846154
0 0.6490384615384616 0.10576923076923078 0.02403846153846154 0.02403846153846154
0 0.5576923076923077 0.10336538461538462 0.02403846153846154 0.02403846153846154
0 0.25480769230769235 0.09134615384615385 0.02403846153846154 0.02403846153846154
0 0.11057692307692309 0.08173076923076923 0.02403846153846154 0.02403846153846154
0 0.5673076923076923 0.07211538461538462 0.02403846153846154 0.02403846153846154
0 0.9086538461538463 0.06971153846153846 0.02403846153846154 0.02403846153846154
0 0.7740384615384616 0.06971153846153846 0.02403846153846154 0.02403846153846154
0 0.8846153846153847 0.06490384615384616 0.02403846153846154 0.02403846153846154
0 0.5120192307692308 0.06490384615384616 0.02403846153846154 0.02403846153846154
0 0.3701923076923077 0.06009615384615385 0.02403846153846154 0.02403846153846154
0 0.028846153846153848 0.04807692307692308 0.02403846153846154 0.02403846153846154
0 0.15625 0.04326923076923077 0.02403846153846154 0.02403846153846154
0 0.9326923076923077 0.040865384615384616 0.02403846153846154 0.02403846153846154
0 0.701923076923077 0.040865384615384616 0.02403846153846154 0.02403846153846154
0 0.2043269230769231 0.02403846153846154 0.02403846153846154 0.02403846153846154
0 0.1826923076923077 0.5240384615384616 0.02403846153846154 0.02403846153846154
0 0.057692307692307696 0.5264423076923077 0.02403846153846154 0.02403846153846154
0 0.3341346153846154 0.13461538461538464 0.02403846153846154 0.02403846153846154
0 0.6418269230769231 0.05288461538461539 0.02403846153846154 0.02403846153846154
0 0.5625 0.04567307692307693 0.02403846153846154 0.02403846153846154
0 0.23798076923076925 0.6490384615384616 0.02403846153846154 0.02403846153846154
0 0.2091346153846154 0.6658653846153847 0.02403846153846154 0.02403846153846154
0 0.20192307692307693 0.6514423076923077 0.02403846153846154 0.02403846153846154
0 0.733173076923077 0.3701923076923077 0.02403846153846154 0.02403846153846154
0 0.5841346153846154 0.20192307692307693 0.02403846153846154 0.02403846153846154
0 0.34134615384615385 0.5360576923076923 0.02403846153846154 0.02403846153846154
