0 0.8317307692307693 0.9711538461538463 0.02403846153846154 0.02403846153846154
0 0.4711538461538462 0.9711538461538463 0.02403846153846154 0.02403846153846154
0 0.08173076923076923 0.96875 0.02403846153846154 0.02403846153846154
0 0.5961538461538461 0.96875 0.02403846153846154 0.02403846153846154
0 0.3293269230769231 0.9543269230769231 0.02403846153846154 0.02403846153846154
0 0.4807692307692308 0.9471153846153847 0.02403846153846154 0.02403846153846154
0 0.4447115384615385 0.9423076923076924 0.02403846153846154 0.02403846153846154
0 0.6730769230769231 0.9350961538461539 0.02403846153846154 0.02403846153846154
0 0.3317307692307693 0.9326923076923077 0.02403846153846154 0.02403846153846154
0 0.09375 0.9326923076923077 0.02403846153846154 0.02403846153846154
0 0.6442307692307693 0.9302884615384616 0.02403846153846154 0.02403846153846154
0 0.6947115384615385 0.9158653846153847 0.02403846153846154 0.02403846153846154
0 0.3942307692307693 0.9182692307692308 0.02403846153846154 0.02403846153846154
0 0.5913461538461539 0.9134615384615385 0.02403846153846154 0.02403846153846154
0 0.44711538461538464 0.8990384615384616 0.02403846153846154 0.02403846153846154
0 0.21153846153846156 0.8918269230769231 0.02403846153846154 0.02403846153846154
0 0.7716346153846154 0.8774038461538463 0.02403846153846154 0.02403846153846154
0 0.5721153846153847 0.8725961538461539 0.02403846153846154 0.02403846153846154
0 0.5048076923076923 0.8677884615384616 0.02403846153846154 0.02403846153846154
0 0.2644230769230769 0.8629807692307693 0.02403846153846154 0.02403846153846154
0 0.43028846153846156 0.8629807692307693 0.02403846153846154 0.02403846153846154
0 0.8509615384615385 0.858173076923077 0.02403846153846154 0.02403846153846154
0 0.6634615384615385 0.8557692307692308 0.02403846153846154 0.02403846153846154
0 0.7043269230769231 0.8509615384615385 0.02403846153846154 0.02403846153846154
0 0.5048076923076923 0.84375 0.02403846153846154 0.02403846153846154
0 0.5264423076923077 0.8413461538461539 0.02403846153846154 0.02403846153846154
0 0.6418269230769231 0.8197115384615385 0.02403846153846154 0.02403846153846154
0 0.9182692307692308 0.8149038461538461 0.02403846153846154 0.02403846153846154
0 0.3125 0.8149038461538461 0.02403846153846154 0.02403846153846154
0 0.6322115384615385 0.8076923076923077 0.02403846153846154 0.02403846153846154
0 0.06490384615384616 0.8004807692307693 0.02403846153846154 0.02403846153846154
0 0.026442307692307696 0.7932692307692308 0.02403846153846154 0.02403846153846154
0 0.1201923076923077 0.7908653846153847 0.02403846153846154 0.02403846153846154
0 0.37980769230769235 0.7884615384615385 0.02403846153846154 0.02403846153846154
0 0.7115384615384616 0.7716346153846154 0.02403846153846154 0.02403846153846154
0 0.06490384615384616 0.7740384615384616 0.02403846153846154 0.02403846153846154
0 0.8197115384615385 0.7692307692307693 0.02403846153846154 0.02403846153846154
0 0.37259615384615385 0.7668269230769231 0.02403846153846154 0.02403846153846154
0 0.15865384615384617 0.7620192307692308 0.02403846153846154 0.02403846153846154
0 0.5192307692307693 0.7572115384615385 0.02403846153846154 0.02403846153846154
0 0.6322115384615385 0.7451923076923077 0.02403846153846154 0.02403846153846154
0 0.7211538461538461 0.7403846153846154 0.02403846153846154 0.02403846153846154
0 0.5721153846153847 0.733173076923077 0.02403846153846154 0.02403846153846154
0 0.5048076923076923 0.7283653846153847 0.02403846153846154 0.02403846153846154
0 0.37980769230769235 0.7259615384615385 0.02403846153846154 0.02403846153846154
0 0.3557692307692308 0.7259615384615385 0.02403846153846154 0.02403846153846154
0 0.5360576923076923 0.7091346153846154 0.02403846153846154 0.02403846153846154
0 0.9471153846153847 0.6995192307692308 0.02403846153846154 0.02403846153846154
0 0.2884615384615385 0.6971153846153847 0.02403846153846154 0.02403846153846154
0 0.40384615384615385 0.6875 0.02403846153846154 0.02403846153846154
0 0.20192307692307693 0.6850961538461539 0.02403846153846154 0.02403846153846154
0 0.12259615384615385 0.6875 0.02403846153846154 0.02403846153846154
0 0.3341346153846154 0.6826923076923077 0.02403846153846154 0.02403846153846154
0 0.6971153846153847 0.6682692307692308 0.02403846153846154 0.02403846153846154
0 0.16346153846153846 0.6730769230769231 0.02403846153846154 0.02403846153846154
0 0.6274038461538461 0.6514423076923077 0.02403846153846154 0.02403846153846154
0 0.3269230769230769 0.6418269230769231 0.02403846153846154 0.02403846153846154
0 0.3581730769230769 0.6418269230769231 0.02403846153846154 0.02403846153846154
0 0.14423076923076925 0.639423076923077 0.02403846153846154 0.02403846153846154
0 0.8798076923076924 0.6346153846153847 0.02403846153846154 0.02403846153846154
0 0.7884615384615385 0.6322115384615385 0.02403846153846154 0.02403846153846154
0 0.16346153846153846 0.6225961538461539 0.02403846153846154 0.02403846153846154
0 0.48557692307692313 0.6201923076923077 0.02403846153846154 0.02403846153846154
0 0.34134615384615385 0.6105769230769231 0.02403846153846154 0.02403846153846154
0 0.7980769230769231 0.6009615384615385 0.02403846153846154 0.02403846153846154
0 0.7427884615384616 0.59375 0.02403846153846154 0.02403846153846154
0 0.6009615384615385 0.5889423076923077 0.02403846153846154 0.02403846153846154
0 0.25961538461538464 0.576923076923077 0.02403846153846154 0.02403846153846154
0 0.3870192307692308 0.5721153846153847 0.02403846153846154 0.02403846153846154
0 0.9326923076923077 0.5697115384615385 0.02403846153846154 0.02403846153846154
0 0.43509615384615385 0.5528846153846154 0.02403846153846154 0.02403846153846154
0 0.3004807692307693 0.5480769230769231 0.02403846153846154 0.02403846153846154
0 0.514423076923077 0.5408653846153847 0.02403846153846154 0.02403846153846154
0 0.7091346153846154 0.5360576923076923 0.02403846153846154 0.02403846153846154
0 0.07451923076923077 0.5072115384615384 0.02403846153846154 0.02403846153846154
0 0.18509615384615385 0.5048076923076923 0.02403846153846154 0.02403846153846154
0 0.31730769230769235 0.5048076923076923 0.02403846153846154 0.02403846153846154
0 0.1466346153846154 0.5048076923076923 0.02403846153846154 0.02403846153846154
0 0.37259615384615385 0.5 0.02403846153846154 0.02403846153846154
0 0.6826923076923077 0.4951923076923077 0.02403846153846154 0.02403846153846154
0 0.7043269230769231 0.49278846153846156 0.02403846153846154 0.02403846153846154
0 0.9278846153846154 0.4831730769230769 0.02403846153846154 0.02403846153846154
0 0.6274038461538461 0.4711538461538462 0.02403846153846154 0.02403846153846154
0 0.5288461538461539 0.46153846153846156 0.02403846153846154 0.02403846153846154
0 0.7043269230769231 0.43509615384615385 0.02403846153846154 0.02403846153846154
0 0.06009615384615385 0.4326923076923077 0.02403846153846154 0.02403846153846154
0 0.4639423076923077 0.40384615384615385 0.02403846153846154 0.02403846153846154
0 0.8485576923076924 0.3870192307692308 0.02403846153846154 0.02403846153846154
0 0.6658653846153847 0.3870192307692308 0.02403846153846154 0.02403846153846154
0 0.28605769230769235 0.3870192307692308 0.02403846153846154 0.02403846153846154
0 0.0889423076923077 0.3822115384615385 0.02403846153846154 0.02403846153846154
0 0.13461538461538464 0.3605769230769231 0.02403846153846154 0.02403846153846154
0 0.6586538461538461 0.3389423076923077 0.02403846153846154 0.02403846153846154
0 0.6442307692307693 0.3245192307692308 0.02403846153846154 0.02403846153846154
0 0.46153846153846156 0.32211538461538464 0.02403846153846154 0.02403846153846154
0 0.28605769230769235 0.31730769230769235 0.02403846153846154 0.02403846153846154
0 0.09615384615384616 0.2932692307692308 0.02403846153846154 0.02403846153846154
0 0.576923076923077 0.28605769230769235 0.02403846153846154 0.02403846153846154
0 0.4807692307692308 0.2884615384615385 0.02403846153846154 0.02403846153846154
0 0.3317307692307693 0.28125 0.02403846153846154 0.02403846153846154
0 0.28125 0.2716346153846154 0.02403846153846154 0.02403846153846154
0 0.6346153846153847 0.28125 0.02403846153846154 0.02403846153846154
0 0.33653846153846156 0.25961538461538464 0.02403846153846154 0.02403846153846154
0 0.6754807692307693 0.2451923076923077 0.02403846153846154 0.02403846153846154
0 0.3197115384615385 0.24278846153846156 0.02403846153846154 0.02403846153846154
0 0.9543269230769231 0.22115384615384617 0.02403846153846154 0.02403846153846154
0 0.4951923076923077 0.1875 0.02403846153846154 0.02403846153846154
0 0.09855769230769232 0.1778846153846154 0.02403846153846154 0.02403846153846154
0 0.5745192307692308 0.17548076923076925 0.02403846153846154 0.02403846153846154
0 0.3341346153846154 0.17548076923076925 0.02403846153846154 0.02403846153846154
0 0.6658653846153847 0.1778846153846154 0.02403846153846154 0.02403846153846154
0 0.8028846153846154 0.14903846153846154 0.02403846153846154 0.02403846153846154
0 0.46634615384615385 0.14423076923076925 0.02403846153846154 0.02403846153846154
0 0.6899038461538461 0.13221153846153846 0.02403846153846154 0.02403846153846154
0 0.3942307692307693 0.11538461538461539 0.02403846153846154 0.02403846153846154
0 0.3894230769230769 0.0889423076923077 0.02403846153846154 0.02403846153846154
0 0.4086538461538462 0.07932692307692309 0.02403846153846154 0.02403846153846154
0 0.2668269230769231 0.07932692307692309 0.02403846153846154 0.02403846153846154
0 0.6442307692307693 0.05048076923076923 0.02403846153846154 0.02403846153846154
0 0.9567307692307693 0.028846153846153848 0.02403846153846154 0.02403846153846154
0 0.5649038461538461 0.6634615384615385 0.02403846153846154 0.02403846153846154
0 0.8725961538461539 0.5817307692307693 0.02403846153846154 0.02403846153846154
0 0.7932692307692308 0.5745192307692308 0.02403846153846154 0.02403846153846154
0 0.9038461538461539 0.47836538461538464 0.02403846153846154 0.02403846153846154
0 0.8076923076923077 0.4639423076923077 0.02403846153846154 0.02403846153846154
0 0.3197115384615385 0.08413461538461539 0.02403846153846154 0.02403846153846154
0 0.2980769230769231 0.10096153846153846 0.02403846153846154 0.02403846153846154
0 0.20192307692307693 0.5504807692307693 0.02403846153846154 0.02403846153846154
0 0.21153846153846156 0.5841346153846154 0.02403846153846154 0.02403846153846154
0 0.21153846153846156 0.4879807692307693 0.02403846153846154 0.02403846153846154
0 0.22836538461538464 0.10336538461538462 0.02403846153846154 0.02403846153846154
0 0.10096153846153846 0.4254807692307693 0.02403846153846154 0.02403846153846154
0 0.9639423076923077 0.8990384615384616 0.02403846153846154 0.02403846153846154
0 0.8149038461538461 0.7307692307692308 0.02403846153846154 0.02403846153846154
