0 0.9591346153846154 0.9567307692307693 0.02403846153846154 0.02403846153846154
0 0.5673076923076923 0.9567307692307693 0.02403846153846154 0.02403846153846154
0 0.6129807692307693 0.951923076923077 0.02403846153846154 0.02403846153846154
0 0.71875 0.9158653846153847 0.02403846153846154 0.02403846153846154
0 0.5072115384615384 0.9134615384615385 0.02403846153846154 0.02403846153846154
0 0.9326923076923077 0.9110576923076924 0.02403846153846154 0.02403846153846154
0 0.30528846153846156 0.8846153846153847 0.02403846153846154 0.02403846153846154
0 0.2572115384615385 0.8774038461538463 0.02403846153846154 0.02403846153846154
0 0.6346153846153847 0.875 0.02403846153846154 0.02403846153846154
0 0.19711538461538464 0.8461538461538463 0.02403846153846154 0.02403846153846154
0 0.3894230769230769 0.8317307692307693 0.02403846153846154 0.02403846153846154
0 0.4254807692307693 0.8245192307692308 0.02403846153846154 0.02403846153846154
0 0.3774038461538462 0.8149038461538461 0.02403846153846154 0.02403846153846154
0 0.5889423076923077 0.7908653846153847 0.02403846153846154 0.02403846153846154
0 0.764423076923077 0.7716346153846154 0.02403846153846154 0.02403846153846154
0 0.25 0.7548076923076924 0.02403846153846154 0.02403846153846154
0 0.5793269230769231 0.75 0.02403846153846154 0.02403846153846154
0 0.6538461538461539 0.7379807692307693 0.02403846153846154 0.02403846153846154
0 0.8076923076923077 0.7307692307692308 0.02403846153846154 0.02403846153846154
0 0.31730769230769235 0.6899038461538461 0.02403846153846154 0.02403846153846154
0 0.7139423076923077 0.6730769230769231 0.02403846153846154 0.02403846153846154
0 0.8028846153846154 0.6610576923076923 0.02403846153846154 0.02403846153846154
0 0.65625 0.6201923076923077 0.02403846153846154 0.02403846153846154
0 0.9495192307692308 0.608173076923077 0.02403846153846154 0.02403846153846154
0 0.6153846153846154 0.5865384615384616 0.02403846153846154 0.02403846153846154
0 0.4206730769230769 0.5841346153846154 0.02403846153846154 0.02403846153846154
0 0.3245192307692308 0.5793269230769231 0.02403846153846154 0.02403846153846154
0 0.5288461538461539 0.5576923076923077 0.02403846153846154 0.02403846153846154
0 0.6923076923076923 0.5432692307692308 0.02403846153846154 0.02403846153846154
0 0.33653846153846156 0.5264423076923077 0.02403846153846154 0.02403846153846154
0 0.6346153846153847 0.44711538461538464 0.02403846153846154 0.02403846153846154
0 0.5865384615384616 0.4206730769230769 0.02403846153846154 0.02403846153846154
0 0.19471153846153846 0.4134615384615385 0.02403846153846154 0.02403846153846154
0 0.13221153846153846 0.3870192307692308 0.02403846153846154 0.02403846153846154
0 0.7716346153846154 0.375 0.02403846153846154 0.02403846153846154
0 0.7572115384615385 0.3605769230769231 0.02403846153846154 0.02403846153846154
0 0.21875 0.2980769230769231 0.02403846153846154 0.02403846153846154
0 0.6105769230769231 0.2620192307692308 0.02403846153846154 0.02403846153846154
0 0.5697115384615385 0.22355769230769232 0.02403846153846154 0.02403846153846154
0 0.96875 0.19230769230769232 0.02403846153846154 0.02403846153846154
0 0.8701923076923077 0.1778846153846154 0.02403846153846154 0.02403846153846154
0 0.6201923076923077 0.16826923076923078 0.02403846153846154 0.02403846153846154
0 0.6105769230769231 0.02403846153846154 0.02403846153846154 0.02403846153846154
0 0.04807692307692308 0.028846153846153848 0.02403846153846154 0.02403846153846154
0 0.6754807692307693 0.2403846153846154 0.02403846153846154 0.02403846153846154
0 0.608173076923077 0.29086538461538464 0.02403846153846154 0.02403846153846154
0 0.7139423076923077 0.5793269230769231 0.02403846153846154 0.02403846153846154
0 0.920673076923077 0.5673076923076923 0.02403846153846154 0.02403846153846154
0 0.4086538461538462 0.3245192307692308 0.02403846153846154 0.02403846153846154
0 0.3245192307692308 0.375 0.02403846153846154 0.02403846153846154
0 0.2932692307692308 0.34134615384615385 0.02403846153846154 0.02403846153846154
0 0.37980769230769235 0.5 0.02403846153846154 0.02403846153846154
0 0.42307692307692313 0.7451923076923077 0.02403846153846154 0.02403846153846154
0 0.46153846153846156 0.7764423076923077 0.02403846153846154 0.02403846153846154
0 0.49278846153846156 0.8822115384615385 0.02403846153846154 0.02403846153846154
0 0.5865384615384616 0.9110576923076924 0.02403846153846154 0.02403846153846154
0 0.08413461538461539 0.8485576923076924 0.02403846153846154 0.02403846153846154
