0 0.90625 0.9711538461538463 0.02403846153846154 0.02403846153846154
0 0.31490384615384615 0.9350961538461539 0.02403846153846154 0.02403846153846154
0 0.3004807692307693 0.920673076923077 0.02403846153846154 0.02403846153846154
0 0.11778846153846155 0.9182692307692308 0.02403846153846154 0.02403846153846154
0 0.6923076923076923 0.8918269230769231 0.02403846153846154 0.02403846153846154
0 0.23317307692307693 0.8822115384615385 0.02403846153846154 0.02403846153846154
0 0.13701923076923078 0.8846153846153847 0.02403846153846154 0.02403846153846154
0 0.29086538461538464 0.8774038461538463 0.02403846153846154 0.02403846153846154
0 0.6346153846153847 0.8509615384615385 0.02403846153846154 0.02403846153846154
0 0.3317307692307693 0.8413461538461539 0.02403846153846154 0.02403846153846154
0 0.6105769230769231 0.8173076923076924 0.02403846153846154 0.02403846153846154
0 0.65625 0.7788461538461539 0.02403846153846154 0.02403846153846154
0 0.1514423076923077 0.7836538461538461 0.02403846153846154 0.02403846153846154
0 0.23076923076923078 0.7716346153846154 0.02403846153846154 0.02403846153846154
0 0.32211538461538464 0.7740384615384616 0.02403846153846154 0.02403846153846154
0 0.4591346153846154 0.7451923076923077 0.02403846153846154 0.02403846153846154
0 0.12259615384615385 0.7403846153846154 0.02403846153846154 0.02403846153846154
0 0.34615384615384615 0.7283653846153847 0.02403846153846154 0.02403846153846154
0 0.05048076923076923 0.7115384615384616 0.02403846153846154 0.02403846153846154
0 0.8822115384615385 0.7043269230769231 0.02403846153846154 0.02403846153846154
0 0.7788461538461539 0.6947115384615385 0.02403846153846154 0.02403846153846154
0 0.04567307692307693 0.6850961538461539 0.02403846153846154 0.02403846153846154
0 0.06490384615384616 0.6754807692307693 0.02403846153846154 0.02403846153846154
0 0.3004807692307693 0.6466346153846154 0.02403846153846154 0.02403846153846154
0 0.6129807692307693 0.625 0.02403846153846154 0.02403846153846154
0 0.920673076923077 0.6201923076923077 0.02403846153846154 0.02403846153846154
0 0.05528846153846154 0.608173076923077 0.02403846153846154 0.02403846153846154
0 0.7139423076923077 0.6033653846153847 0.02403846153846154 0.02403846153846154
0 0.6899038461538461 0.5673076923076923 0.02403846153846154 0.02403846153846154
0 0.11778846153846155 0.5480769230769231 0.02403846153846154 0.02403846153846154
0 0.5913461538461539 0.5384615384615385 0.02403846153846154 0.02403846153846154
0 0.7932692307692308 0.5 0.02403846153846154 0.02403846153846154
0 0.9038461538461539 0.48557692307692313 0.02403846153846154 0.02403846153846154
0 0.3004807692307693 0.4831730769230769 0.02403846153846154 0.02403846153846154
0 0.37980769230769235 0.47836538461538464 0.02403846153846154 0.02403846153846154
0 0.375 0.4495192307692308 0.02403846153846154 0.02403846153846154
0 0.11298076923076923 0.4495192307692308 0.02403846153846154 0.02403846153846154
0 0.8100961538461539 0.4399038461538462 0.02403846153846154 0.02403846153846154
0 0.5360576923076923 0.43028846153846156 0.02403846153846154 0.02403846153846154
0 0.14423076923076925 0.43028846153846156 0.02403846153846154 0.02403846153846154
0 0.18990384615384617 0.4254807692307693 0.02403846153846154 0.02403846153846154
0 0.2956730769230769 0.3894230769230769 0.02403846153846154 0.02403846153846154
0 0.08413461538461539 0.3870192307692308 0.02403846153846154 0.02403846153846154
0 0.5096153846153847 0.38461538461538464 0.02403846153846154 0.02403846153846154
0 0.6610576923076923 0.3774038461538462 0.02403846153846154 0.02403846153846154
0 0.6802884615384616 0.3653846153846154 0.02403846153846154 0.02403846153846154
0 0.21153846153846156 0.34855769230769235 0.02403846153846154 0.02403846153846154
0 0.6153846153846154 0.3125 0.02403846153846154 0.02403846153846154
0 0.16586538461538464 0.2644230769230769 0.02403846153846154 0.02403846153846154
0 0.34134615384615385 0.2451923076923077 0.02403846153846154 0.02403846153846154
0 0.6129807692307693 0.23317307692307693 0.02403846153846154 0.02403846153846154
0 0.8197115384615385 0.22355769230769232 0.02403846153846154 0.02403846153846154
0 0.15625 0.22355769230769232 0.02403846153846154 0.02403846153846154
0 0.23076923076923078 0.21153846153846156 0.02403846153846154 0.02403846153846154
0 0.38461538461538464 0.2043269230769231 0.02403846153846154 0.02403846153846154
0 0.84375 0.19951923076923078 0.02403846153846154 0.02403846153846154
0 0.576923076923077 0.1778846153846154 0.02403846153846154 0.02403846153846154
0 0.7211538461538461 0.17067307692307693 0.02403846153846154 0.02403846153846154
0 0.7475961538461539 0.1514423076923077 0.02403846153846154 0.02403846153846154
0 0.29086538461538464 0.1466346153846154 0.02403846153846154 0.02403846153846154
0 0.37980769230769235 0.13461538461538464 0.02403846153846154 0.02403846153846154
0 0.625 0.13221153846153846 0.02403846153846154 0.02403846153846154
0 0.6466346153846154 0.12259615384615385 0.02403846153846154 0.02403846153846154
0 0.23317307692307693 0.09375 0.02403846153846154 0.02403846153846154
0 0.5264423076923077 0.08173076923076923 0.02403846153846154 0.02403846153846154
0 0.19230769230769232 0.06009615384615385 0.02403846153846154 0.02403846153846154
0 0.10576923076923078 0.03125 0.02403846153846154 0.02403846153846154
0 0.29086538461538464 0.05288461538461539 0.02403846153846154 0.02403846153846154
0 0.49759615384615385 0.040865384615384616 0.02403846153846154 0.02403846153846154
0 0.7235576923076924 0.9086538461538463 0.02403846153846154 0.02403846153846154
0 0.7283653846153847 0.8701923076923077 0.02403846153846154 0.02403846153846154
0 0.8990384615384616 0.5360576923076923 0.02403846153846154 0.02403846153846154
0 0.038461538461538464 0.25 0.02403846153846154 0.02403846153846154
0 0.06971153846153846 0.3557692307692308 0.02403846153846154 0.02403846153846154
0 0.16346153846153846 0.38461538461538464 0.02403846153846154 0.02403846153846154
0 0.02403846153846154 0.5 0.02403846153846154 0.02403846153846154
0 0.5721153846153847 0.49759615384615385 0.02403846153846154 0.02403846153846154
