0 0.90625 0.9591346153846154 0.02403846153846154 0.02403846153846154
0 0.8774038461538463 0.9182692307692308 0.02403846153846154 0.02403846153846154
0 0.5384615384615385 0.8413461538461539 0.02403846153846154 0.02403846153846154
0 0.6947115384615385 0.8028846153846154 0.02403846153846154 0.02403846153846154
0 0.9615384615384616 0.7884615384615385 0.02403846153846154 0.02403846153846154
0 0.6057692307692308 0.7740384615384616 0.02403846153846154 0.02403846153846154
0 0.8701923076923077 0.7043269230769231 0.02403846153846154 0.02403846153846154
0 0.7572115384615385 0.6826923076923077 0.02403846153846154 0.02403846153846154
0 0.8725961538461539 0.7620192307692308 0.02403846153846154 0.02403846153846154
0 0.8004807692307693 0.6490384615384616 0.02403846153846154 0.02403846153846154
0 0.8149038461538461 0.9326923076923077 0.02403846153846154 0.02403846153846154
0 0.6033653846153847 0.8918269230769231 0.02403846153846154 0.02403846153846154
0 0.6466346153846154 0.3774038461538462 0.02403846153846154 0.02403846153846154
0 0.5480769230769231 0.2403846153846154 0.02403846153846154 0.02403846153846154
0 0.6177884615384616 0.3245192307692308 0.02403846153846154 0.02403846153846154
0 0.6778846153846154 0.25240384615384615 0.02403846153846154 0.02403846153846154
0 0.43028846153846156 0.31490384615384615 0.02403846153846154 0.02403846153846154
0 0.10336538461538462 0.8197115384615385 0.02403846153846154 0.02403846153846154
0 0.03605769230769231 0.8149038461538461 0.02403846153846154 0.02403846153846154
0 0.2572115384615385 0.858173076923077 0.02403846153846154 0.02403846153846154
0 0.14423076923076925 0.7836538461538461 0.02403846153846154 0.02403846153846154
0 0.6923076923076923 0.1778846153846154 0.02403846153846154 0.02403846153846154
0 0.4447115384615385 0.24759615384615385 0.02403846153846154 0.02403846153846154
