0 0.08653846153846154 0.9711538461538463 0.02403846153846154 0.02403846153846154
0 0.2932692307692308 0.9615384615384616 0.02403846153846154 0.02403846153846154
0 0.951923076923077 0.9567307692307693 0.02403846153846154 0.02403846153846154
0 0.25 0.9447115384615385 0.02403846153846154 0.02403846153846154
0 0.9278846153846154 0.920673076923077 0.02403846153846154 0.02403846153846154
0 0.3557692307692308 0.9014423076923077 0.02403846153846154 0.02403846153846154
0 0.8293269230769231 0.8918269230769231 0.02403846153846154 0.02403846153846154
0 0.13461538461538464 0.8557692307692308 0.02403846153846154 0.02403846153846154
0 0.22836538461538464 0.8509615384615385 0.02403846153846154 0.02403846153846154
0 0.5384615384615385 0.8365384615384616 0.02403846153846154 0.02403846153846154
0 0.6177884615384616 0.8317307692307693 0.02403846153846154 0.02403846153846154
0 0.05528846153846154 0.8341346153846154 0.02403846153846154 0.02403846153846154
0 0.6129807692307693 0.8028846153846154 0.02403846153846154 0.02403846153846154
0 0.3509615384615385 0.8028846153846154 0.02403846153846154 0.02403846153846154
0 0.7740384615384616 0.7836538461538461 0.02403846153846154 0.02403846153846154
0 0.3822115384615385 0.7836538461538461 0.02403846153846154 0.02403846153846154
0 0.4278846153846154 0.7788461538461539 0.02403846153846154 0.02403846153846154
0 0.5336538461538461 0.7427884615384616 0.02403846153846154 0.02403846153846154
0 0.32211538461538464 0.7403846153846154 0.02403846153846154 0.02403846153846154
0 0.7475961538461539 0.7379807692307693 0.02403846153846154 0.02403846153846154
0 0.8990384615384616 0.7307692307692308 0.02403846153846154 0.02403846153846154
0 0.9182692307692308 0.71875 0.02403846153846154 0.02403846153846154
0 0.1201923076923077 0.7115384615384616 0.02403846153846154 0.02403846153846154
0 0.07211538461538462 0.7043269230769231 0.02403846153846154 0.02403846153846154
0 0.4495192307692308 0.701923076923077 0.02403846153846154 0.02403846153846154
0 0.8533653846153847 0.6658653846153847 0.02403846153846154 0.02403846153846154
0 0.2043269230769231 0.6586538461538461 0.02403846153846154 0.02403846153846154
0 0.2403846153846154 0.6514423076923077 0.02403846153846154 0.02403846153846154
0 0.19230769230769232 0.6418269230769231 0.02403846153846154 0.02403846153846154
0 0.40384615384615385 0.6177884615384616 0.02403846153846154 0.02403846153846154
0 0.5793269230769231 0.5985576923076923 0.02403846153846154 0.02403846153846154
0 0.8509615384615385 0.5865384615384616 0.02403846153846154 0.02403846153846154
0 0.06490384615384616 0.5817307692307693 0.02403846153846154 0.02403846153846154
0 0.3942307692307693 0.576923076923077 0.02403846153846154 0.02403846153846154
0 0.46875 0.5649038461538461 0.02403846153846154 0.02403846153846154
0 0.6225961538461539 0.5576923076923077 0.02403846153846154 0.02403846153846154
0 0.8149038461538461 0.53125 0.02403846153846154 0.02403846153846154
0 0.9591346153846154 0.5240384615384616 0.02403846153846154 0.02403846153846154
0 0.13221153846153846 0.5168269230769231 0.02403846153846154 0.02403846153846154
0 0.5288461538461539 0.5 0.02403846153846154 0.02403846153846154
0 0.6177884615384616 0.4879807692307693 0.02403846153846154 0.02403846153846154
0 0.8629807692307693 0.48557692307692313 0.02403846153846154 0.02403846153846154
0 0.8846153846153847 0.4759615384615385 0.02403846153846154 0.02403846153846154
0 0.4711538461538462 0.44711538461538464 0.02403846153846154 0.02403846153846154
0 0.764423076923077 0.43509615384615385 0.02403846153846154 0.02403846153846154
0 0.43028846153846156 0.4134615384615385 0.02403846153846154 0.02403846153846154
0 0.2355769230769231 0.41105769230769235 0.02403846153846154 0.02403846153846154
0 0.13942307692307693 0.40625 0.02403846153846154 0.02403846153846154
0 0.34375 0.38461538461538464 0.02403846153846154 0.02403846153846154
0 0.5072115384615384 0.3701923076923077 0.02403846153846154 0.02403846153846154
0 0.1514423076923077 0.35336538461538464 0.02403846153846154 0.02403846153846154
0 0.9615384615384616 0.34375 0.02403846153846154 0.02403846153846154
0 0.9423076923076924 0.34375 0.02403846153846154 0.02403846153846154
0 0.4495192307692308 0.27403846153846156 0.02403846153846154 0.02403846153846154
0 0.4014423076923077 0.24759615384615385 0.02403846153846154 0.02403846153846154
0 0.5865384615384616 0.20192307692307693 0.02403846153846154 0.02403846153846154
0 0.5721153846153847 0.1875 0.02403846153846154 0.02403846153846154
0 0.8725961538461539 0.17307692307692307 0.02403846153846154 0.02403846153846154
0 0.03365384615384616 0.125 0.02403846153846154 0.02403846153846154
0 0.4254807692307693 0.0889423076923077 0.02403846153846154 0.02403846153846154
0 0.38461538461538464 0.05048076923076923 0.02403846153846154 0.02403846153846154
0 0.4903846153846154 0.06730769230769232 0.02403846153846154 0.02403846153846154
0 0.42307692307692313 0.11778846153846155 0.02403846153846154 0.02403846153846154
0 0.5288461538461539 0.40625 0.02403846153846154 0.02403846153846154
0 0.7355769230769231 0.3942307692307693 0.02403846153846154 0.02403846153846154
0 0.9086538461538463 0.23798076923076925 0.02403846153846154 0.02403846153846154
0 0.22355769230769232 0.1514423076923077 0.02403846153846154 0.02403846153846154
0 0.13942307692307693 0.20192307692307693 0.02403846153846154 0.02403846153846154
0 0.10817307692307693 0.16826923076923078 0.02403846153846154 0.02403846153846154
0 0.19471153846153846 0.3269230769230769 0.02403846153846154 0.02403846153846154
0 0.23798076923076925 0.5721153846153847 0.02403846153846154 0.02403846153846154
0 0.2764423076923077 0.6033653846153847 0.02403846153846154 0.02403846153846154
0 0.3076923076923077 0.7091346153846154 0.02403846153846154 0.02403846153846154
0 0.4014423076923077 0.7379807692307693 0.02403846153846154 0.02403846153846154
0 0.2620192307692308 0.8533653846153847 0.02403846153846154 0.02403846153846154
0 0.02403846153846154 0.8701923076923077 0.02403846153846154 0.02403846153846154
0 0.8100961538461539 0.8509615384615385 0.02403846153846154 0.02403846153846154
