0 0.22355769230769232 0.90625 0.02403846153846154 0.02403846153846154
0 0.4879807692307693 0.8918269230769231 0.02403846153846154 0.02403846153846154
0 0.8605769230769231 0.8918269230769231 0.02403846153846154 0.02403846153846154
0 0.9110576923076924 0.8701923076923077 0.02403846153846154 0.02403846153846154
0 0.7115384615384616 0.8629807692307693 0.02403846153846154 0.02403846153846154
0 0.733173076923077 0.8173076923076924 0.02403846153846154 0.02403846153846154
0 0.8125 0.8149038461538461 0.02403846153846154 0.02403846153846154
0 0.90625 0.764423076923077 0.02403846153846154 0.02403846153846154
0 0.4495192307692308 0.7355769230769231 0.02403846153846154 0.02403846153846154
0 0.6105769230769231 0.71875 0.02403846153846154 0.02403846153846154
0 0.6802884615384616 0.6875 0.02403846153846154 0.02403846153846154
0 0.8605769230769231 0.6802884615384616 0.02403846153846154 0.02403846153846154
0 0.3653846153846154 0.6586538461538461 0.02403846153846154 0.02403846153846154
0 0.4807692307692308 0.6298076923076923 0.02403846153846154 0.02403846153846154
0 0.9158653846153847 0.6129807692307693 0.02403846153846154 0.02403846153846154
0 0.8173076923076924 0.5793269230769231 0.02403846153846154 0.02403846153846154
0 0.40384615384615385 0.5673076923076923 0.02403846153846154 0.02403846153846154
0 0.7908653846153847 0.5697115384615385 0.02403846153846154 0.02403846153846154
0 0.22596153846153846 0.53125 0.02403846153846154 0.02403846153846154
0 0.7620192307692308 0.5168269230769231 0.02403846153846154 0.02403846153846154
0 0.5841346153846154 0.4831730769230769 0.02403846153846154 0.02403846153846154
0 0.5072115384615384 0.4567307692307693 0.02403846153846154 0.02403846153846154
0 0.858173076923077 0.4447115384615385 0.02403846153846154 0.02403846153846154
0 0.7163461538461539 0.40384615384615385 0.02403846153846154 0.02403846153846154
0 0.9038461538461539 0.3581730769230769 0.02403846153846154 0.02403846153846154
0 0.9230769230769231 0.2644230769230769 0.02403846153846154 0.02403846153846154
0 0.3629807692307693 0.13221153846153846 0.02403846153846154 0.02403846153846154
0 0.9663461538461539 0.12980769230769232 0.02403846153846154 0.02403846153846154
0 0.8221153846153847 0.12980769230769232 0.02403846153846154 0.02403846153846154
0 0.45432692307692313 0.08653846153846154 0.02403846153846154 0.02403846153846154
0 0.43028846153846156 0.07451923076923077 0.02403846153846154 0.02403846153846154
0 0.5408653846153847 0.8557692307692308 0.02403846153846154 0.02403846153846154
0 0.639423076923077 0.7908653846153847 0.02403846153846154 0.02403846153846154
0 0.7451923076923077 0.5961538461538461 0.02403846153846154 0.02403846153846154
0 0.8413461538461539 0.5024038461538461 0.02403846153846154 0.02403846153846154
0 0.9182692307692308 0.4591346153846154 0.02403846153846154 0.02403846153846154
0 0.8918269230769231 0.41586538461538464 0.02403846153846154 0.02403846153846154
0 0.04326923076923077 0.7788461538461539 0.02403846153846154 0.02403846153846154
0 0.17307692307692307 0.9399038461538463 0.02403846153846154 0.02403846153846154
0 0.12980769230769232 0.9278846153846154 0.02403846153846154 0.02403846153846154
0 0.41586538461538464 0.8365384615384616 0.02403846153846154 0.02403846153846154
0 0.49759615384615385 0.7692307692307693 0.02403846153846154 0.02403846153846154
0 0.2668269230769231 0.7379807692307693 0.02403846153846154 0.02403846153846154
0 0.24759615384615385 0.7451923076923077 0.02403846153846154 0.02403846153846154
0 0.3942307692307693 0.7163461538461539 0.02403846153846154 0.02403846153846154
0 0.8245192307692308 0.3870192307692308 0.02403846153846154 0.02403846153846154
0 0.8341346153846154 0.4182692307692308 0.02403846153846154 0.02403846153846154
0 0.6826923076923077 0.53125 0.02403846153846154 0.02403846153846154
0 0.6418269230769231 0.5360576923076923 0.02403846153846154 0.02403846153846154
0 0.7043269230769231 0.4254807692307693 0.02403846153846154 0.02403846153846154
0 0.6875 0.3293269230769231 0.02403846153846154 0.02403846153846154
0 0.5384615384615385 0.3028846153846154 0.02403846153846154 0.02403846153846154
0 0.5360576923076923 0.40625 0.02403846153846154 0.02403846153846154
0 0.2980769230769231 0.5288461538461539 0.02403846153846154 0.02403846153846154
0 0.23317307692307693 0.5841346153846154 0.02403846153846154 0.02403846153846154
0 0.3605769230769231 0.4903846153846154 0.02403846153846154 0.02403846153846154
0 0.34855769230769235 0.43028846153846156 0.02403846153846154 0.02403846153846154
0 0.2692307692307693 0.3870192307692308 0.02403846153846154 0.02403846153846154
0 0.04326923076923077 0.6658653846153847 0.02403846153846154 0.02403846153846154
0 0.026442307692307696 0.6129807692307693 0.02403846153846154 0.02403846153846154
0 0.06730769230769232 0.2692307692307693 0.02403846153846154 0.02403846153846154
0 0.09855769230769232 0.6370192307692308 0.02403846153846154 0.02403846153846154
0 0.026442307692307696 0.14423076923076925 0.02403846153846154 0.02403846153846154
0 0.5096153846153847 0.17307692307692307 0.02403846153846154 0.02403846153846154
0 0.46875 0.05528846153846154 0.02403846153846154 0.02403846153846154
