0 0.9639423076923077 0.9158653846153847 0.02403846153846154 0.02403846153846154
0 0.8197115384615385 0.7091346153846154 0.02403846153846154 0.02403846153846154
0 0.5673076923076923 0.6658653846153847 0.02403846153846154 0.02403846153846154
0 0.5432692307692308 0.5240384615384616 0.02403846153846154 0.02403846153846154
0 0.8076923076923077 0.5096153846153847 0.02403846153846154 0.02403846153846154
0 0.7692307692307693 0.35336538461538464 0.02403846153846154 0.02403846153846154
0 0.9302884615384616 0.33653846153846156 0.02403846153846154 0.02403846153846154
0 0.6850961538461539 0.2764423076923077 0.02403846153846154 0.02403846153846154
0 0.8004807692307693 0.24759615384615385 0.02403846153846154 0.02403846153846154
0 0.7235576923076924 0.18509615384615385 0.02403846153846154 0.02403846153846154
0 0.545673076923077 0.14903846153846154 0.02403846153846154 0.02403846153846154
0 0.2932692307692308 0.11538461538461539 0.02403846153846154 0.02403846153846154
0 0.9038461538461539 0.10096153846153846 0.02403846153846154 0.02403846153846154
0 0.826923076923077 0.07451923076923077 0.02403846153846154 0.02403846153846154
0 0.8605769230769231 0.47355769230769235 0.02403846153846154 0.02403846153846154
0 0.9591346153846154 0.4086538461538462 0.02403846153846154 0.02403846153846154
0 0.8870192307692308 0.9495192307692308 0.02403846153846154 0.02403846153846154
0 0.6201923076923077 0.9375 0.02403846153846154 0.02403846153846154
0 0.1778846153846154 0.6298076923076923 0.02403846153846154 0.02403846153846154
0 0.3629807692307693 0.3966346153846154 0.02403846153846154 0.02403846153846154
0 0.31009615384615385 0.4375 0.02403846153846154 0.02403846153846154
0 0.49278846153846156 0.5576923076923077 0.02403846153846154 0.02403846153846154
0 0.4495192307692308 0.545673076923077 0.02403846153846154 0.02403846153846154
0 0.7355769230769231 0.45432692307692313 0.02403846153846154 0.02403846153846154
0 0.8173076923076924 0.3870192307692308 0.02403846153846154 0.02403846153846154
0 0.5865384615384616 0.3557692307692308 0.02403846153846154 0.02403846153846154
0 0.5673076923076923 0.3629807692307693 0.02403846153846154 0.02403846153846154
0 0.7139423076923077 0.3341346153846154 0.02403846153846154 0.02403846153846154
0 0.10096153846153846 0.5 0.02403846153846154 0.02403846153846154
0 0.43028846153846156 0.826923076923077 0.02403846153846154 0.02403846153846154
0 0.8028846153846154 0.8798076923076924 0.02403846153846154 0.02403846153846154
0 0.9615384615384616 0.15384615384615385 0.02403846153846154 0.02403846153846154
0 0.8557692307692308 0.02403846153846154 0.02403846153846154 0.02403846153846154
0 0.6177884615384616 0.1466346153846154 0.02403846153846154 0.02403846153846154
0 0.5528846153846154 0.20192307692307693 0.02403846153846154 0.02403846153846154
0 0.6802884615384616 0.10817307692307693 0.02403846153846154 0.02403846153846154
0 0.6682692307692308 0.04807692307692308 0.02403846153846154 0.02403846153846154
0 0.3629807692307693 0.28365384615384615 0.02403846153846154 0.02403846153846154
0 0.34615384615384615 0.23076923076923078 0.02403846153846154 0.02403846153846154
0 0.10576923076923078 0.31490384615384615 0.02403846153846154 0.02403846153846154
0 0.3245192307692308 0.10096153846153846 0.02403846153846154 0.02403846153846154
0 0.3341346153846154 0.03605769230769231 0.02403846153846154 0.02403846153846154
0 0.10817307692307693 0.08653846153846154 0.02403846153846154 0.02403846153846154
0 0.10096153846153846 0.07211538461538462 0.02403846153846154 0.02403846153846154
0 0.4182692307692308 0.25480769230769235 0.02403846153846154 0.02403846153846154
