0 0.43509615384615385 0.9110576923076924 0.02403846153846154 0.02403846153846154
0 0.8725961538461539 0.8317307692307693 0.02403846153846154 0.02403846153846154
0 0.25961538461538464 0.8004807692307693 0.02403846153846154 0.02403846153846154
0 0.4759615384615385 0.7908653846153847 0.02403846153846154 0.02403846153846154
0 0.9326923076923077 0.7451923076923077 0.02403846153846154 0.02403846153846154
0 0.3004807692307693 0.7475961538461539 0.02403846153846154 0.02403846153846154
0 0.608173076923077 0.7403846153846154 0.02403846153846154 0.02403846153846154
0 0.4519230769230769 0.71875 0.02403846153846154 0.02403846153846154
0 0.34615384615384615 0.6826923076923077 0.02403846153846154 0.02403846153846154
0 0.9254807692307693 0.6490384615384616 0.02403846153846154 0.02403846153846154
0 0.9399038461538463 0.6418269230769231 0.02403846153846154 0.02403846153846154
0 0.8557692307692308 0.5745192307692308 0.02403846153846154 0.02403846153846154
0 0.34375 0.5264423076923077 0.02403846153846154 0.02403846153846154
0 0.6322115384615385 0.5072115384615384 0.02403846153846154 0.02403846153846154
0 0.47355769230769235 0.4447115384615385 0.02403846153846154 0.02403846153846154
0 0.41105769230769235 0.40625 0.02403846153846154 0.02403846153846154
0 0.576923076923077 0.3293269230769231 0.02403846153846154 0.02403846153846154
0 0.8028846153846154 0.27884615384615385 0.02403846153846154 0.02403846153846154
0 0.47836538461538464 0.2403846153846154 0.02403846153846154 0.02403846153846154
0 0.4807692307692308 0.25480769230769235 0.02403846153846154 0.02403846153846154
0 0.22596153846153846 0.18990384615384617 0.02403846153846154 0.02403846153846154
0 0.41105769230769235 0.1826923076923077 0.02403846153846154 0.02403846153846154
0 0.858173076923077 0.15625 0.02403846153846154 0.02403846153846154
0 0.920673076923077 0.14423076923076925 0.02403846153846154 0.02403846153846154
0 0.46634615384615385 0.10817307692307693 0.02403846153846154 0.02403846153846154
0 0.4495192307692308 0.09375 0.02403846153846154 0.02403846153846154
0 0.47355769230769235 0.06971153846153846 0.02403846153846154 0.02403846153846154
0 0.8822115384615385 0.05048076923076923 0.02403846153846154 0.02403846153846154
0 0.9591346153846154 0.03605769230769231 0.02403846153846154 0.02403846153846154
0 0.37259615384615385 0.12740384615384617 0.02403846153846154 0.02403846153846154
0 0.10576923076923078 0.11538461538461539 0.02403846153846154 0.02403846153846154
0 0.7403846153846154 0.4759615384615385 0.02403846153846154 0.02403846153846154
0 0.7788461538461539 0.5120192307692308 0.02403846153846154 0.02403846153846154
0 0.28365384615384615 0.5192307692307693 0.02403846153846154 0.02403846153846154
0 0.06971153846153846 0.6634615384615385 0.02403846153846154 0.02403846153846154
0 0.16346153846153846 0.43509615384615385 0.02403846153846154 0.02403846153846154
0 0.09134615384615385 0.4879807692307693 0.02403846153846154 0.02403846153846154
0 0.09615384615384616 0.375 0.02403846153846154 0.02403846153846154
0 0.2884615384615385 0.057692307692307696 0.02403846153846154 0.02403846153846154
0 0.7668269230769231 0.28605769230769235 0.02403846153846154 0.02403846153846154
0 0.7163461538461539 0.7764423076923077 0.02403846153846154 0.02403846153846154
0 0.9495192307692308 0.889423076923077 0.02403846153846154 0.02403846153846154
