0 0.31730769230769235 0.9615384615384616 0.02403846153846154 0.02403846153846154
0 0.5432692307692308 0.9110576923076924 0.02403846153846154 0.02403846153846154
0 0.21875 0.8725961538461539 0.02403846153846154 0.02403846153846154
0 0.22115384615384617 0.8870192307692308 0.02403846153846154 0.02403846153846154
0 0.920673076923077 0.858173076923077 0.02403846153846154 0.02403846153846154
0 0.1514423076923077 0.8149038461538461 0.02403846153846154 0.02403846153846154
0 0.5985576923076923 0.7884615384615385 0.02403846153846154 0.02403846153846154
0 0.6610576923076923 0.7764423076923077 0.02403846153846154 0.02403846153846154
0 0.20673076923076925 0.7403846153846154 0.02403846153846154 0.02403846153846154
0 0.18990384615384617 0.7259615384615385 0.02403846153846154 0.02403846153846154
0 0.2139423076923077 0.701923076923077 0.02403846153846154 0.02403846153846154
0 0.6225961538461539 0.6826923076923077 0.02403846153846154 0.02403846153846154
0 0.6995192307692308 0.6682692307692308 0.02403846153846154 0.02403846153846154
0 0.5745192307692308 0.6322115384615385 0.02403846153846154 0.02403846153846154
0 0.7884615384615385 0.6105769230769231 0.02403846153846154 0.02403846153846154
0 0.5 0.5961538461538461 0.02403846153846154 0.02403846153846154
0 0.9399038461538463 0.5817307692307693 0.02403846153846154 0.02403846153846154
0 0.6778846153846154 0.5649038461538461 0.02403846153846154 0.02403846153846154
0 0.6899038461538461 0.5240384615384616 0.02403846153846154 0.02403846153846154
0 0.3653846153846154 0.5192307692307693 0.02403846153846154 0.02403846153846154
0 0.04567307692307693 0.5192307692307693 0.02403846153846154 0.02403846153846154
0 0.3942307692307693 0.4831730769230769 0.02403846153846154 0.02403846153846154
0 0.8221153846153847 0.4831730769230769 0.02403846153846154 0.02403846153846154
0 0.6802884615384616 0.4206730769230769 0.02403846153846154 0.02403846153846154
0 0.3942307692307693 0.4206730769230769 0.02403846153846154 0.02403846153846154
0 0.951923076923077 0.40384615384615385 0.02403846153846154 0.02403846153846154
0 0.5576923076923077 0.40625 0.02403846153846154 0.02403846153846154
0 0.03365384615384616 0.3197115384615385 0.02403846153846154 0.02403846153846154
0 0.40625 0.3197115384615385 0.02403846153846154 0.02403846153846154
0 0.4567307692307693 0.2980769230769231 0.02403846153846154 0.02403846153846154
0 0.2572115384615385 0.29086538461538464 0.02403846153846154 0.02403846153846154
0 0.6586538461538461 0.2884615384615385 0.02403846153846154 0.02403846153846154
0 0.8629807692307693 0.28605769230769235 0.02403846153846154 0.02403846153846154
0 0.8413461538461539 0.2716346153846154 0.02403846153846154 0.02403846153846154
0 0.7548076923076924 0.2572115384615385 0.02403846153846154 0.02403846153846154
0 0.27884615384615385 0.2451923076923077 0.02403846153846154 0.02403846153846154
0 0.3581730769230769 0.24278846153846156 0.02403846153846154 0.02403846153846154
0 0.7860576923076924 0.19230769230769232 0.02403846153846154 0.02403846153846154
0 0.75 0.19230769230769232 0.02403846153846154 0.02403846153846154
0 0.4519230769230769 0.19230769230769232 0.02403846153846154 0.02403846153846154
0 0.84375 0.15865384615384617 0.02403846153846154 0.02403846153846154
0 0.15625 0.1466346153846154 0.02403846153846154 0.02403846153846154
0 0.22596153846153846 0.11538461538461539 0.02403846153846154 0.02403846153846154
0 0.8918269230769231 0.11057692307692309 0.02403846153846154 0.02403846153846154
0 0.40625 0.10817307692307693 0.02403846153846154 0.02403846153846154
0 0.026442307692307696 0.057692307692307696 0.02403846153846154 0.02403846153846154
0 0.46153846153846156 0.040865384615384616 0.02403846153846154 0.02403846153846154
0 0.9302884615384616 0.026442307692307696 0.02403846153846154 0.02403846153846154
0 0.08653846153846154 0.28365384615384615 0.02403846153846154 0.02403846153846154
0 0.18509615384615385 0.21875 0.02403846153846154 0.02403846153846154
0 0.29086538461538464 0.02403846153846154 0.02403846153846154 0.02403846153846154
0 0.6610576923076923 0.057692307692307696 0.02403846153846154 0.02403846153846154
0 0.6466346153846154 0.028846153846153848 0.02403846153846154 0.02403846153846154
0 0.11298076923076923 0.7596153846153847 0.02403846153846154 0.02403846153846154
0 0.04326923076923077 0.19711538461538464 0.02403846153846154 0.02403846153846154
0 0.028846153846153848 0.6899038461538461 0.02403846153846154 0.02403846153846154
0 0.5072115384615384 0.9182692307692308 0.02403846153846154 0.02403846153846154
0 0.9399038461538463 0.34134615384615385 0.02403846153846154 0.02403846153846154
0 0.5625 0.1778846153846154 0.02403846153846154 0.02403846153846154
0 0.59375 0.4711538461538462 0.02403846153846154 0.02403846153846154
