0 0.15865384615384617 0.9615384615384616 0.02403846153846154 0.02403846153846154
0 0.6971153846153847 0.9543269230769231 0.02403846153846154 0.02403846153846154
0 0.5721153846153847 0.9350961538461539 0.02403846153846154 0.02403846153846154
0 0.6298076923076923 0.9326923076923077 0.02403846153846154 0.02403846153846154
0 0.8365384615384616 0.9278846153846154 0.02403846153846154 0.02403846153846154
0 0.4519230769230769 0.9134615384615385 0.02403846153846154 0.02403846153846154
0 0.4326923076923077 0.9014423076923077 0.02403846153846154 0.02403846153846154
0 0.4014423076923077 0.8966346153846154 0.02403846153846154 0.02403846153846154
0 0.5673076923076923 0.889423076923077 0.02403846153846154 0.02403846153846154
0 0.7163461538461539 0.889423076923077 0.02403846153846154 0.02403846153846154
0 0.05048076923076923 0.8605769230769231 0.02403846153846154 0.02403846153846154
0 0.9182692307692308 0.858173076923077 0.02403846153846154 0.02403846153846154
0 0.8076923076923077 0.858173076923077 0.02403846153846154 0.02403846153846154
0 0.31490384615384615 0.8533653846153847 0.02403846153846154 0.02403846153846154
0 0.5288461538461539 0.8461538461538463 0.02403846153846154 0.02403846153846154
0 0.7355769230769231 0.8413461538461539 0.02403846153846154 0.02403846153846154
0 0.25240384615384615 0.8413461538461539 0.02403846153846154 0.02403846153846154
0 0.6298076923076923 0.8221153846153847 0.02403846153846154 0.02403846153846154
0 0.21875 0.8245192307692308 0.02403846153846154 0.02403846153846154
0 0.920673076923077 0.7836538461538461 0.02403846153846154 0.02403846153846154
0 0.8605769230769231 0.78125 0.02403846153846154 0.02403846153846154
0 0.7259615384615385 0.78125 0.02403846153846154 0.02403846153846154
0 0.4375 0.78125 0.02403846153846154 0.02403846153846154
0 0.0889423076923077 0.7764423076923077 0.02403846153846154 0.02403846153846154
0 0.4759615384615385 0.7692307692307693 0.02403846153846154 0.02403846153846154
0 0.18509615384615385 0.7668269230769231 0.02403846153846154 0.02403846153846154
0 0.4134615384615385 0.7524038461538461 0.02403846153846154 0.02403846153846154
0 0.951923076923077 0.7259615384615385 0.02403846153846154 0.02403846153846154
0 0.44230769230769235 0.7283653846153847 0.02403846153846154 0.02403846153846154
0 0.46875 0.6899038461538461 0.02403846153846154 0.02403846153846154
0 0.639423076923077 0.6826923076923077 0.02403846153846154 0.02403846153846154
0 0.9591346153846154 0.6586538461538461 0.02403846153846154 0.02403846153846154
0 0.71875 0.65625 0.02403846153846154 0.02403846153846154
0 0.8125 0.6201923076923077 0.02403846153846154 0.02403846153846154
0 0.6778846153846154 0.6201923076923077 0.02403846153846154 0.02403846153846154
0 0.2451923076923077 0.6225961538461539 0.02403846153846154 0.02403846153846154
0 0.040865384615384616 0.6105769230769231 0.02403846153846154 0.02403846153846154
0 0.8533653846153847 0.5961538461538461 0.02403846153846154 0.02403846153846154
0 0.9134615384615385 0.5889423076923077 0.02403846153846154 0.02403846153846154
0 0.18990384615384617 0.5793269230769231 0.02403846153846154 0.02403846153846154
0 0.3197115384615385 0.5745192307692308 0.02403846153846154 0.02403846153846154
0 0.3918269230769231 0.5673076923076923 0.02403846153846154 0.02403846153846154
0 0.6153846153846154 0.5649038461538461 0.02403846153846154 0.02403846153846154
0 0.6418269230769231 0.5528846153846154 0.02403846153846154 0.02403846153846154
0 0.27403846153846156 0.5504807692307693 0.02403846153846154 0.02403846153846154
0 0.15625 0.5408653846153847 0.02403846153846154 0.02403846153846154
0 0.8293269230769231 0.53125 0.02403846153846154 0.02403846153846154
0 0.3942307692307693 0.53125 0.02403846153846154 0.02403846153846154
0 0.32211538461538464 0.5240384615384616 0.02403846153846154 0.02403846153846154
0 0.6899038461538461 0.514423076923077 0.02403846153846154 0.02403846153846154
0 0.5528846153846154 0.5048076923076923 0.02403846153846154 0.02403846153846154
0 0.7379807692307693 0.5 0.02403846153846154 0.02403846153846154
0 0.16346153846153846 0.5 0.02403846153846154 0.02403846153846154
0 0.43028846153846156 0.4951923076923077 0.02403846153846154 0.02403846153846154
0 0.6009615384615385 0.4903846153846154 0.02403846153846154 0.02403846153846154
0 0.3629807692307693 0.4807692307692308 0.02403846153846154 0.02403846153846154
0 0.3581730769230769 0.4591346153846154 0.02403846153846154 0.02403846153846154
0 0.7548076923076924 0.4519230769230769 0.02403846153846154 0.02403846153846154
0 0.5240384615384616 0.45432692307692313 0.02403846153846154 0.02403846153846154
0 0.6610576923076923 0.4399038461538462 0.02403846153846154 0.02403846153846154
0 0.24278846153846156 0.4278846153846154 0.02403846153846154 0.02403846153846154
0 0.6826923076923077 0.4254807692307693 0.02403846153846154 0.02403846153846154
0 0.795673076923077 0.4182692307692308 0.02403846153846154 0.02403846153846154
0 0.14423076923076925 0.4182692307692308 0.02403846153846154 0.02403846153846154
0 0.25240384615384615 0.3870192307692308 0.02403846153846154 0.02403846153846154
0 0.46634615384615385 0.3774038461538462 0.02403846153846154 0.02403846153846154
0 0.7043269230769231 0.37259615384615385 0.02403846153846154 0.02403846153846154
0 0.31730769230769235 0.3653846153846154 0.02403846153846154 0.02403846153846154
0 0.22355769230769232 0.3653846153846154 0.02403846153846154 0.02403846153846154
0 0.13942307692307693 0.3605769230769231 0.02403846153846154 0.02403846153846154
0 0.5072115384615384 0.3557692307692308 0.02403846153846154 0.02403846153846154
0 0.48557692307692313 0.3509615384615385 0.02403846153846154 0.02403846153846154
0 0.701923076923077 0.3269230769230769 0.02403846153846154 0.02403846153846154
0 0.36778846153846156 0.3269230769230769 0.02403846153846154 0.02403846153846154
0 0.33653846153846156 0.3269230769230769 0.02403846153846154 0.02403846153846154
0 0.889423076923077 0.3125 0.02403846153846154 0.02403846153846154
0 0.5697115384615385 0.3076923076923077 0.02403846153846154 0.02403846153846154
0 0.04326923076923077 0.3028846153846154 0.02403846153846154 0.02403846153846154
0 0.8605769230769231 0.28365384615384615 0.02403846153846154 0.02403846153846154
0 0.3581730769230769 0.28365384615384615 0.02403846153846154 0.02403846153846154
0 0.7307692307692308 0.28605769230769235 0.02403846153846154 0.02403846153846154
0 0.6274038461538461 0.28365384615384615 0.02403846153846154 0.02403846153846154
0 0.5264423076923077 0.2668269230769231 0.02403846153846154 0.02403846153846154
0 0.21153846153846156 0.2644230769230769 0.02403846153846154 0.02403846153846154
0 0.42307692307692313 0.2572115384615385 0.02403846153846154 0.02403846153846154
0 0.13461538461538464 0.2644230769230769 0.02403846153846154 0.02403846153846154
0 0.84375 0.24278846153846156 0.02403846153846154 0.02403846153846154
0 0.5048076923076923 0.23798076923076925 0.02403846153846154 0.02403846153846154
0 0.2716346153846154 0.23798076923076925 0.02403846153846154 0.02403846153846154
0 0.29086538461538464 0.23798076923076925 0.02403846153846154 0.02403846153846154
0 0.6538461538461539 0.22596153846153846 0.02403846153846154 0.02403846153846154
0 0.34615384615384615 0.22355769230769232 0.02403846153846154 0.02403846153846154
0 0.625 0.21875 0.02403846153846154 0.02403846153846154
0 0.78125 0.2139423076923077 0.02403846153846154 0.02403846153846154
0 0.24759615384615385 0.20673076923076925 0.02403846153846154 0.02403846153846154
0 0.1201923076923077 0.20192307692307693 0.02403846153846154 0.02403846153846154
0 0.7211538461538461 0.19471153846153846 0.02403846153846154 0.02403846153846154
0 0.6322115384615385 0.19230769230769232 0.02403846153846154 0.02403846153846154
0 0.22596153846153846 0.1778846153846154 0.02403846153846154 0.02403846153846154
0 0.8341346153846154 0.1514423076923077 0.02403846153846154 0.02403846153846154
0 0.5552884615384616 0.1466346153846154 0.02403846153846154 0.02403846153846154
0 0.37259615384615385 0.14182692307692307 0.02403846153846154 0.02403846153846154
0 0.8052884615384616 0.13461538461538464 0.02403846153846154 0.02403846153846154
0 0.5288461538461539 0.13221153846153846 0.02403846153846154 0.02403846153846154
0 0.3605769230769231 0.125 0.02403846153846154 0.02403846153846154
0 0.12980769230769232 0.125 0.02403846153846154 0.02403846153846154
0 0.3341346153846154 0.11538461538461539 0.02403846153846154 0.02403846153846154
0 0.19230769230769232 0.10817307692307693 0.02403846153846154 0.02403846153846154
0 0.30528846153846156 0.10576923076923078 0.02403846153846154 0.02403846153846154
0 0.858173076923077 0.10336538461538462 0.02403846153846154 0.02403846153846154
0 0.5288461538461539 0.10096153846153846 0.02403846153846154 0.02403846153846154
0 0.22115384615384617 0.09615384615384616 0.02403846153846154 0.02403846153846154
0 0.31730769230769235 0.09134615384615385 0.02403846153846154 0.02403846153846154
0 0.6201923076923077 0.08653846153846154 0.02403846153846154 0.02403846153846154
0 0.5913461538461539 0.08653846153846154 0.02403846153846154 0.02403846153846154
0 0.2716346153846154 0.07932692307692309 0.02403846153846154 0.02403846153846154
0 0.9158653846153847 0.07692307692307693 0.02403846153846154 0.02403846153846154
0 0.3605769230769231 0.06009615384615385 0.02403846153846154 0.02403846153846154
0 0.9375 0.040865384615384616 0.02403846153846154 0.02403846153846154
0 0.5240384615384616 0.03365384615384616 0.02403846153846154 0.02403846153846154
0 0.6274038461538461 0.03365384615384616 0.02403846153846154 0.02403846153846154
0 0.09375 0.5408653846153847 0.02403846153846154 0.02403846153846154
0 0.3629807692307693 0.7692307692307693 0.02403846153846154 0.02403846153846154
0 0.2980769230769231 0.9134615384615385 0.02403846153846154 0.02403846153846154
0 0.34375 0.8100961538461539 0.02403846153846154 0.02403846153846154
0 0.8870192307692308 0.9134615384615385 0.02403846153846154 0.02403846153846154
0 0.7740384615384616 0.5408653846153847 0.02403846153846154 0.02403846153846154
0 0.19711538461538464 0.4014423076923077 0.02403846153846154 0.02403846153846154
0 0.2091346153846154 0.4206730769230769 0.02403846153846154 0.02403846153846154
0 0.021634615384615384 0.36778846153846156 0.02403846153846154 0.02403846153846154
