0 0.5024038461538461 0.9567307692307693 0.02403846153846154 0.02403846153846154
0 0.5048076923076923 0.9711538461538463 0.02403846153846154 0.02403846153846154
0 0.25 0.90625 0.02403846153846154 0.02403846153846154
0 0.43509615384615385 0.8990384615384616 0.02403846153846154 0.02403846153846154
0 0.8822115384615385 0.8725961538461539 0.02403846153846154 0.02403846153846154
0 0.9447115384615385 0.8605769230769231 0.02403846153846154 0.02403846153846154
0 0.4903846153846154 0.8245192307692308 0.02403846153846154 0.02403846153846154
0 0.47355769230769235 0.8100961538461539 0.02403846153846154 0.02403846153846154
0 0.49759615384615385 0.7860576923076924 0.02403846153846154 0.02403846153846154
0 0.90625 0.7668269230769231 0.02403846153846154 0.02403846153846154
0 0.858173076923077 0.7163461538461539 0.02403846153846154 0.02403846153846154
0 0.7836538461538461 0.6802884615384616 0.02403846153846154 0.02403846153846154
0 0.9615384615384616 0.6490384615384616 0.02403846153846154 0.02403846153846154
0 0.6490384615384616 0.6033653846153847 0.02403846153846154 0.02403846153846154
0 0.3293269230769231 0.6033653846153847 0.02403846153846154 0.02403846153846154
0 0.6778846153846154 0.5673076923076923 0.02403846153846154 0.02403846153846154
0 0.07692307692307693 0.5600961538461539 0.02403846153846154 0.02403846153846154
0 0.9639423076923077 0.5048076923076923 0.02403846153846154 0.02403846153846154
0 0.6778846153846154 0.5048076923076923 0.02403846153846154 0.02403846153846154
0 0.8413461538461539 0.4903846153846154 0.02403846153846154 0.02403846153846154
0 0.05288461538461539 0.4182692307692308 0.02403846153846154 0.02403846153846154
0 0.31730769230769235 0.40384615384615385 0.02403846153846154 0.02403846153846154
0 0.6899038461538461 0.40384615384615385 0.02403846153846154 0.02403846153846154
0 0.7403846153846154 0.3822115384615385 0.02403846153846154 0.02403846153846154
0 0.5408653846153847 0.375 0.02403846153846154 0.02403846153846154
0 0.9423076923076924 0.37259615384615385 0.02403846153846154 0.02403846153846154
0 0.5625 0.3293269230769231 0.02403846153846154 0.02403846153846154
0 0.6418269230769231 0.3269230769230769 0.02403846153846154 0.02403846153846154
0 0.7355769230769231 0.2764423076923077 0.02403846153846154 0.02403846153846154
0 0.27884615384615385 0.24759615384615385 0.02403846153846154 0.02403846153846154
0 0.4399038461538462 0.23076923076923078 0.02403846153846154 0.02403846153846154
0 0.5096153846153847 0.19951923076923078 0.02403846153846154 0.02403846153846154
0 0.6899038461538461 0.19230769230769232 0.02403846153846154 0.02403846153846154
0 0.19471153846153846 0.17067307692307693 0.02403846153846154 0.02403846153846154
0 0.31009615384615385 0.14182692307692307 0.02403846153846154 0.02403846153846154
0 0.7451923076923077 0.125 0.02403846153846154 0.02403846153846154
0 0.6466346153846154 0.09134615384615385 0.02403846153846154 0.02403846153846154
0 0.23317307692307693 0.07932692307692309 0.02403846153846154 0.02403846153846154
0 0.6201923076923077 0.08173076923076923 0.02403846153846154 0.02403846153846154
0 0.8509615384615385 0.07451923076923077 0.02403846153846154 0.02403846153846154
0 0.05528846153846154 0.04326923076923077 0.02403846153846154 0.02403846153846154
0 0.5913461538461539 0.028846153846153848 0.02403846153846154 0.02403846153846154
0 0.3701923076923077 0.36778846153846156 0.02403846153846154 0.02403846153846154
0 0.46875 0.3028846153846154 0.02403846153846154 0.02403846153846154
0 0.5745192307692308 0.10817307692307693 0.02403846153846154 0.02403846153846154
0 0.9447115384615385 0.14182692307692307 0.02403846153846154 0.02403846153846154
0 0.9302884615384616 0.11298076923076923 0.02403846153846154 0.02403846153846154
0 0.3966346153846154 0.84375 0.02403846153846154 0.02403846153846154
0 0.12980769230769232 0.8317307692307693 0.02403846153846154 0.02403846153846154
0 0.2451923076923077 0.34855769230769235 0.02403846153846154 0.02403846153846154
0 0.3269230769230769 0.28125 0.02403846153846154 0.02403846153846154
0 0.09615384615384616 0.25 0.02403846153846154 0.02403846153846154
0 0.07692307692307693 0.2572115384615385 0.02403846153846154 0.02403846153846154
0 0.22355769230769232 0.22836538461538464 0.02403846153846154 0.02403846153846154
0 0.3125 0.7740384615384616 0.02403846153846154 0.02403846153846154
0 0.5120192307692308 0.04326923076923077 0.02403846153846154 0.02403846153846154
0 0.4711538461538462 0.04807692307692308 0.02403846153846154 0.02403846153846154
0 0.12740384615384617 0.040865384615384616 0.02403846153846154 0.02403846153846154
0 0.0625 0.09615384615384616 0.02403846153846154 0.02403846153846154
0 0.8461538461538463 0.2620192307692308 0.02403846153846154 0.02403846153846154
0 0.8774038461538463 0.5552884615384616 0.02403846153846154 0.02403846153846154
