0 0.6033653846153847 0.8605769230769231 0.02403846153846154 0.02403846153846154
0 0.8918269230769231 0.8413461538461539 0.02403846153846154 0.02403846153846154
0 0.733173076923077 0.7788461538461539 0.02403846153846154 0.02403846153846154
0 0.670673076923077 0.7403846153846154 0.02403846153846154 0.02403846153846154
0 0.8365384615384616 0.6634615384615385 0.02403846153846154 0.02403846153846154
0 0.7379807692307693 0.5745192307692308 0.02403846153846154 0.02403846153846154
0 0.7403846153846154 0.5889423076923077 0.02403846153846154 0.02403846153846154
0 0.19711538461538464 0.5528846153846154 0.02403846153846154 0.02403846153846154
0 0.48557692307692313 0.5240384615384616 0.02403846153846154 0.02403846153846154
0 0.670673076923077 0.5168269230769231 0.02403846153846154 0.02403846153846154
0 0.7259615384615385 0.44230769230769235 0.02403846153846154 0.02403846153846154
0 0.7091346153846154 0.4278846153846154 0.02403846153846154 0.02403846153846154
0 0.733173076923077 0.40384615384615385 0.02403846153846154 0.02403846153846154
0 0.8846153846153847 0.22115384615384617 0.02403846153846154 0.02403846153846154
0 0.5649038461538461 0.22115384615384617 0.02403846153846154 0.02403846153846154
0 0.9134615384615385 0.18509615384615385 0.02403846153846154 0.02403846153846154
0 0.3125 0.1778846153846154 0.02403846153846154 0.02403846153846154
0 0.9134615384615385 0.12259615384615385 0.02403846153846154 0.02403846153846154
0 0.2884615384615385 0.03605769230769231 0.02403846153846154 0.02403846153846154
0 0.6322115384615385 0.46153846153846156 0.02403846153846154 0.02403846153846154
0 0.3653846153846154 0.4495192307692308 0.02403846153846154 0.02403846153846154
0 0.23798076923076925 0.06971153846153846 0.02403846153846154 0.02403846153846154
0 0.19471153846153846 0.057692307692307696 0.02403846153846154 0.02403846153846154
0 0.5432692307692308 0.8533653846153847 0.02403846153846154 0.02403846153846154
0 0.17548076923076925 0.3389423076923077 0.02403846153846154 0.02403846153846154
0 0.16105769230769232 0.7307692307692308 0.02403846153846154 0.02403846153846154
0 0.42307692307692313 0.7692307692307693 0.02403846153846154 0.02403846153846154
0 0.3509615384615385 0.8221153846153847 0.02403846153846154 0.02403846153846154
0 0.3557692307692308 0.7091346153846154 0.02403846153846154 0.02403846153846154
0 0.22836538461538464 0.6177884615384616 0.02403846153846154 0.02403846153846154
0 0.5480769230769231 0.3918269230769231 0.02403846153846154 0.02403846153846154
