0 0.4086538461538462 0.9615384615384616 0.02403846153846154 0.02403846153846154
0 0.9110576923076924 0.9254807692307693 0.02403846153846154 0.02403846153846154
0 0.34615384615384615 0.9230769230769231 0.02403846153846154 0.02403846153846154
0 0.9591346153846154 0.8822115384615385 0.02403846153846154 0.02403846153846154
0 0.5120192307692308 0.8461538461538463 0.02403846153846154 0.02403846153846154
0 0.7379807692307693 0.795673076923077 0.02403846153846154 0.02403846153846154
0 0.4134615384615385 0.7572115384615385 0.02403846153846154 0.02403846153846154
0 0.41586538461538464 0.7716346153846154 0.02403846153846154 0.02403846153846154
0 0.16105769230769232 0.7067307692307693 0.02403846153846154 0.02403846153846154
0 0.34615384615384615 0.6995192307692308 0.02403846153846154 0.02403846153846154
0 0.7932692307692308 0.6730769230769231 0.02403846153846154 0.02403846153846154
0 0.8557692307692308 0.6610576923076923 0.02403846153846154 0.02403846153846154
0 0.4014423076923077 0.625 0.02403846153846154 0.02403846153846154
0 0.38461538461538464 0.6105769230769231 0.02403846153846154 0.02403846153846154
0 0.4086538461538462 0.5865384615384616 0.02403846153846154 0.02403846153846154
0 0.8173076923076924 0.5673076923076923 0.02403846153846154 0.02403846153846154
0 0.8942307692307693 0.5528846153846154 0.02403846153846154 0.02403846153846154
0 0.7692307692307693 0.5168269230769231 0.02403846153846154 0.02403846153846154
0 0.6947115384615385 0.4807692307692308 0.02403846153846154 0.02403846153846154
0 0.8725961538461539 0.4495192307692308 0.02403846153846154 0.02403846153846154
0 0.8846153846153847 0.4086538461538462 0.02403846153846154 0.02403846153846154
0 0.5600961538461539 0.40384615384615385 0.02403846153846154 0.02403846153846154
0 0.2403846153846154 0.40384615384615385 0.02403846153846154 0.02403846153846154
0 0.5889423076923077 0.36778846153846156 0.02403846153846154 0.02403846153846154
0 0.875 0.30528846153846156 0.02403846153846154 0.02403846153846154
0 0.5889423076923077 0.30528846153846156 0.02403846153846154 0.02403846153846154
0 0.7524038461538461 0.29086538461538464 0.02403846153846154 0.02403846153846154
0 0.22836538461538464 0.2043269230769231 0.02403846153846154 0.02403846153846154
0 0.6009615384615385 0.2043269230769231 0.02403846153846154 0.02403846153846154
0 0.6514423076923077 0.1826923076923077 0.02403846153846154 0.02403846153846154
0 0.4519230769230769 0.17548076923076925 0.02403846153846154 0.02403846153846154
0 0.8533653846153847 0.17307692307692307 0.02403846153846154 0.02403846153846154
0 0.9495192307692308 0.14182692307692307 0.02403846153846154 0.02403846153846154
0 0.47355769230769235 0.12980769230769232 0.02403846153846154 0.02403846153846154
0 0.5528846153846154 0.12740384615384617 0.02403846153846154 0.02403846153846154
0 0.9447115384615385 0.07692307692307693 0.02403846153846154 0.02403846153846154
0 0.6466346153846154 0.07692307692307693 0.02403846153846154 0.02403846153846154
0 0.18990384615384617 0.04807692307692308 0.02403846153846154 0.02403846153846154
0 0.3509615384615385 0.03125 0.02403846153846154 0.02403846153846154
0 0.28125 0.16826923076923078 0.02403846153846154 0.02403846153846154
0 0.37980769230769235 0.10336538461538462 0.02403846153846154 0.02403846153846154
0 0.3076923076923077 0.6442307692307693 0.02403846153846154 0.02403846153846154
0 0.040865384615384616 0.6322115384615385 0.02403846153846154 0.02403846153846154
0 0.15625 0.14903846153846154 0.02403846153846154 0.02403846153846154
0 0.23798076923076925 0.08173076923076923 0.02403846153846154 0.02403846153846154
0 0.13461538461538464 0.028846153846153848 0.02403846153846154 0.02403846153846154
0 0.09855769230769232 0.951923076923077 0.02403846153846154 0.02403846153846154
0 0.03125 0.8918269230769231 0.02403846153846154 0.02403846153846154
0 0.22355769230769232 0.5745192307692308 0.02403846153846154 0.02403846153846154
0 0.701923076923077 0.8028846153846154 0.02403846153846154 0.02403846153846154
0 0.7572115384615385 0.0625 0.02403846153846154 0.02403846153846154
0 0.7884615384615385 0.3557692307692308 0.02403846153846154 0.02403846153846154
