0 0.4879807692307693 0.9591346153846154 0.02403846153846154 0.02403846153846154
0 0.5168269230769231 0.9350961538461539 0.02403846153846154 0.02403846153846154
0 0.5432692307692308 0.8966346153846154 0.02403846153846154 0.02403846153846154
0 0.7139423076923077 0.889423076923077 0.02403846153846154 0.02403846153846154
0 0.08413461538461539 0.8725961538461539 0.02403846153846154 0.02403846153846154
0 0.7932692307692308 0.8629807692307693 0.02403846153846154 0.02403846153846154
0 0.8870192307692308 0.826923076923077 0.02403846153846154 0.02403846153846154
0 0.7524038461538461 0.826923076923077 0.02403846153846154 0.02403846153846154
0 0.3197115384615385 0.8293269230769231 0.02403846153846154 0.02403846153846154
0 0.11538461538461539 0.8173076923076924 0.02403846153846154 0.02403846153846154
0 0.08173076923076923 0.8028846153846154 0.02403846153846154 0.02403846153846154
0 0.9278846153846154 0.8028846153846154 0.02403846153846154 0.02403846153846154
0 0.2644230769230769 0.7860576923076924 0.02403846153846154 0.02403846153846154
0 0.3942307692307693 0.78125 0.02403846153846154 0.02403846153846154
0 0.46634615384615385 0.7740384615384616 0.02403846153846154 0.02403846153846154
0 0.6899038461538461 0.7716346153846154 0.02403846153846154 0.02403846153846154
0 0.04567307692307693 0.7716346153846154 0.02403846153846154 0.02403846153846154
0 0.7163461538461539 0.7596153846153847 0.02403846153846154 0.02403846153846154
0 0.34855769230769235 0.7572115384615385 0.02403846153846154 0.02403846153846154
0 0.09134615384615385 0.7524038461538461 0.02403846153846154 0.02403846153846154
0 0.23076923076923078 0.7475961538461539 0.02403846153846154 0.02403846153846154
0 0.9038461538461539 0.7379807692307693 0.02403846153846154 0.02403846153846154
0 0.46875 0.7379807692307693 0.02403846153846154 0.02403846153846154
0 0.3966346153846154 0.7307692307692308 0.02403846153846154 0.02403846153846154
0 0.764423076923077 0.7211538461538461 0.02403846153846154 0.02403846153846154
0 0.6274038461538461 0.7115384615384616 0.02403846153846154 0.02403846153846154
0 0.8125 0.7067307692307693 0.02403846153846154 0.02403846153846154
0 0.23798076923076925 0.7067307692307693 0.02403846153846154 0.02403846153846154
0 0.5048076923076923 0.701923076923077 0.02403846153846154 0.02403846153846154
0 0.6754807692307693 0.6971153846153847 0.02403846153846154 0.02403846153846154
0 0.4375 0.6875 0.02403846153846154 0.02403846153846154
0 0.4326923076923077 0.6658653846153847 0.02403846153846154 0.02403846153846154
0 0.8293269230769231 0.6586538461538461 0.02403846153846154 0.02403846153846154
0 0.5985576923076923 0.6610576923076923 0.02403846153846154 0.02403846153846154
0 0.7355769230769231 0.6466346153846154 0.02403846153846154 0.02403846153846154
0 0.31730769230769235 0.6346153846153847 0.02403846153846154 0.02403846153846154
0 0.7572115384615385 0.6322115384615385 0.02403846153846154 0.02403846153846154
0 0.08173076923076923 0.6298076923076923 0.02403846153846154 0.02403846153846154
0 0.8701923076923077 0.625 0.02403846153846154 0.02403846153846154
0 0.21875 0.625 0.02403846153846154 0.02403846153846154
0 0.3269230769230769 0.59375 0.02403846153846154 0.02403846153846154
0 0.5408653846153847 0.5841346153846154 0.02403846153846154 0.02403846153846154
0 0.7788461538461539 0.5793269230769231 0.02403846153846154 0.02403846153846154
0 0.3918269230769231 0.5721153846153847 0.02403846153846154 0.02403846153846154
0 0.2980769230769231 0.5721153846153847 0.02403846153846154 0.02403846153846154
0 0.2139423076923077 0.5673076923076923 0.02403846153846154 0.02403846153846154
0 0.5817307692307693 0.5625 0.02403846153846154 0.02403846153846154
0 0.5600961538461539 0.5576923076923077 0.02403846153846154 0.02403846153846154
0 0.7764423076923077 0.5336538461538461 0.02403846153846154 0.02403846153846154
0 0.44230769230769235 0.5336538461538461 0.02403846153846154 0.02403846153846154
0 0.02403846153846154 0.5360576923076923 0.02403846153846154 0.02403846153846154
0 0.41105769230769235 0.5336538461538461 0.02403846153846154 0.02403846153846154
0 0.9639423076923077 0.5192307692307693 0.02403846153846154 0.02403846153846154
0 0.6442307692307693 0.514423076923077 0.02403846153846154 0.02403846153846154
0 0.11778846153846155 0.5096153846153847 0.02403846153846154 0.02403846153846154
0 0.9350961538461539 0.4903846153846154 0.02403846153846154 0.02403846153846154
0 0.4326923076923077 0.4903846153846154 0.02403846153846154 0.02403846153846154
0 0.8052884615384616 0.49278846153846156 0.02403846153846154 0.02403846153846154
0 0.701923076923077 0.4903846153846154 0.02403846153846154 0.02403846153846154
0 0.6009615384615385 0.47355769230769235 0.02403846153846154 0.02403846153846154
0 0.28605769230769235 0.4711538461538462 0.02403846153846154 0.02403846153846154
0 0.49759615384615385 0.4639423076923077 0.02403846153846154 0.02403846153846154
0 0.2091346153846154 0.4711538461538462 0.02403846153846154 0.02403846153846154
0 0.9182692307692308 0.4495192307692308 0.02403846153846154 0.02403846153846154
0 0.5793269230769231 0.4447115384615385 0.02403846153846154 0.02403846153846154
0 0.34615384615384615 0.4447115384615385 0.02403846153846154 0.02403846153846154
0 0.3653846153846154 0.4447115384615385 0.02403846153846154 0.02403846153846154
0 0.7283653846153847 0.4326923076923077 0.02403846153846154 0.02403846153846154
0 0.4206730769230769 0.43028846153846156 0.02403846153846154 0.02403846153846154
0 0.6995192307692308 0.4254807692307693 0.02403846153846154 0.02403846153846154
0 0.8557692307692308 0.4206730769230769 0.02403846153846154 0.02403846153846154
0 0.32211538461538464 0.4134615384615385 0.02403846153846154 0.02403846153846154
0 0.19471153846153846 0.4086538461538462 0.02403846153846154 0.02403846153846154
0 0.795673076923077 0.4014423076923077 0.02403846153846154 0.02403846153846154
0 0.7067307692307693 0.39903846153846156 0.02403846153846154 0.02403846153846154
0 0.3004807692307693 0.38461538461538464 0.02403846153846154 0.02403846153846154
0 0.9086538461538463 0.3581730769230769 0.02403846153846154 0.02403846153846154
0 0.6298076923076923 0.35336538461538464 0.02403846153846154 0.02403846153846154
0 0.44711538461538464 0.34855769230769235 0.02403846153846154 0.02403846153846154
0 0.8798076923076924 0.34134615384615385 0.02403846153846154 0.02403846153846154
0 0.05048076923076923 0.34375 0.02403846153846154 0.02403846153846154
0 0.6033653846153847 0.3389423076923077 0.02403846153846154 0.02403846153846154
0 0.43509615384615385 0.3317307692307693 0.02403846153846154 0.02403846153846154
0 0.2043269230769231 0.3317307692307693 0.02403846153846154 0.02403846153846154
0 0.4086538461538462 0.32211538461538464 0.02403846153846154 0.02403846153846154
0 0.2668269230769231 0.31490384615384615 0.02403846153846154 0.02403846153846154
0 0.37980769230769235 0.3125 0.02403846153846154 0.02403846153846154
0 0.9326923076923077 0.31009615384615385 0.02403846153846154 0.02403846153846154
0 0.6033653846153847 0.3076923076923077 0.02403846153846154 0.02403846153846154
0 0.2956730769230769 0.3028846153846154 0.02403846153846154 0.02403846153846154
0 0.3918269230769231 0.2980769230769231 0.02403846153846154 0.02403846153846154
0 0.6947115384615385 0.2932692307692308 0.02403846153846154 0.02403846153846154
0 0.6658653846153847 0.2932692307692308 0.02403846153846154 0.02403846153846154
0 0.34615384615384615 0.28605769230769235 0.02403846153846154 0.02403846153846154
0 0.43509615384615385 0.2668269230769231 0.02403846153846154 0.02403846153846154
0 0.5985576923076923 0.2403846153846154 0.02403846153846154 0.02403846153846154
0 0.701923076923077 0.2403846153846154 0.02403846153846154 0.02403846153846154
0 0.10817307692307693 0.22115384615384617 0.02403846153846154 0.02403846153846154
0 0.9423076923076924 0.2091346153846154 0.02403846153846154 0.02403846153846154
0 0.4206730769230769 0.2091346153846154 0.02403846153846154 0.02403846153846154
0 0.4759615384615385 0.2091346153846154 0.02403846153846154 0.02403846153846154
0 0.6875 0.18509615384615385 0.02403846153846154 0.02403846153846154
0 0.47355769230769235 0.18028846153846154 0.02403846153846154 0.02403846153846154
0 0.375 0.17307692307692307 0.02403846153846154 0.02403846153846154
0 0.5817307692307693 0.17307692307692307 0.02403846153846154 0.02403846153846154
0 0.3966346153846154 0.16826923076923078 0.02403846153846154 0.02403846153846154
0 0.8966346153846154 0.16346153846153846 0.02403846153846154 0.02403846153846154
0 0.05288461538461539 0.15865384615384617 0.02403846153846154 0.02403846153846154
0 0.6442307692307693 0.14423076923076925 0.02403846153846154 0.02403846153846154
0 0.4903846153846154 0.13942307692307693 0.02403846153846154 0.02403846153846154
0 0.7067307692307693 0.13701923076923078 0.02403846153846154 0.02403846153846154
0 0.7836538461538461 0.13221153846153846 0.02403846153846154 0.02403846153846154
0 0.53125 0.10817307692307693 0.02403846153846154 0.02403846153846154
0 0.6995192307692308 0.10336538461538462 0.02403846153846154 0.02403846153846154
0 0.4519230769230769 0.09375 0.02403846153846154 0.02403846153846154
0 0.49278846153846156 0.09134615384615385 0.02403846153846154 0.02403846153846154
0 0.2572115384615385 0.08653846153846154 0.02403846153846154 0.02403846153846154
0 0.8533653846153847 0.06971153846153846 0.02403846153846154 0.02403846153846154
0 0.8365384615384616 0.0625 0.02403846153846154 0.02403846153846154
0 0.5432692307692308 0.06730769230769232 0.02403846153846154 0.02403846153846154
0 0.9110576923076924 0.04807692307692308 0.02403846153846154 0.02403846153846154
0 0.22836538461538464 0.02403846153846154 0.02403846153846154 0.02403846153846154
0 0.16826923076923078 0.7475961538461539 0.02403846153846154 0.02403846153846154
0 0.040865384615384616 0.03125 0.02403846153846154 0.02403846153846154
0 0.07451923076923077 0.06730769230769232 0.02403846153846154 0.02403846153846154
0 0.04326923076923077 0.11538461538461539 0.02403846153846154 0.02403846153846154
0 0.20673076923076925 0.06490384615384616 0.02403846153846154 0.02403846153846154
0 0.8485576923076924 0.7475961538461539 0.02403846153846154 0.02403846153846154
0 0.2716346153846154 0.608173076923077 0.02403846153846154 0.02403846153846154
0 0.28365384615384615 0.6274038461538461 0.02403846153846154 0.02403846153846154
0 0.09615384615384616 0.5745192307692308 0.02403846153846154 0.02403846153846154
