0 0.40384615384615385 0.9615384615384616 0.02403846153846154 0.02403846153846154
0 0.47355769230769235 0.9302884615384616 0.02403846153846154 0.02403846153846154
0 0.6538461538461539 0.9230769230769231 0.02403846153846154 0.02403846153846154
0 0.15865384615384617 0.9014423076923077 0.02403846153846154 0.02403846153846154
0 0.27403846153846156 0.8725961538461539 0.02403846153846154 0.02403846153846154
0 0.7091346153846154 0.8557692307692308 0.02403846153846154 0.02403846153846154
0 0.6105769230769231 0.8221153846153847 0.02403846153846154 0.02403846153846154
0 0.19711538461538464 0.8100961538461539 0.02403846153846154 0.02403846153846154
0 0.5841346153846154 0.8125 0.02403846153846154 0.02403846153846154
0 0.8149038461538461 0.8052884615384616 0.02403846153846154 0.02403846153846154
0 0.5552884615384616 0.7596153846153847 0.02403846153846154 0.02403846153846154
0 0.3774038461538462 0.7259615384615385 0.02403846153846154 0.02403846153846154
0 0.3004807692307693 0.6995192307692308 0.02403846153846154 0.02403846153846154
0 0.6514423076923077 0.6875 0.02403846153846154 0.02403846153846154
0 0.5096153846153847 0.6466346153846154 0.02403846153846154 0.02403846153846154
0 0.8509615384615385 0.6129807692307693 0.02403846153846154 0.02403846153846154
0 0.6971153846153847 0.6009615384615385 0.02403846153846154 0.02403846153846154
0 0.8870192307692308 0.5913461538461539 0.02403846153846154 0.02403846153846154
0 0.78125 0.5841346153846154 0.02403846153846154 0.02403846153846154
0 0.9134615384615385 0.5841346153846154 0.02403846153846154 0.02403846153846154
0 0.8557692307692308 0.5528846153846154 0.02403846153846154 0.02403846153846154
0 0.7716346153846154 0.5552884615384616 0.02403846153846154 0.02403846153846154
0 0.8125 0.5336538461538461 0.02403846153846154 0.02403846153846154
0 0.7163461538461539 0.5072115384615384 0.02403846153846154 0.02403846153846154
0 0.15625 0.375 0.02403846153846154 0.02403846153846154
0 0.7596153846153847 0.37259615384615385 0.02403846153846154 0.02403846153846154
0 0.6153846153846154 0.37259615384615385 0.02403846153846154 0.02403846153846154
0 0.9375 0.35336538461538464 0.02403846153846154 0.02403846153846154
0 0.8365384615384616 0.34615384615384615 0.02403846153846154 0.02403846153846154
0 0.24759615384615385 0.3293269230769231 0.02403846153846154 0.02403846153846154
0 0.22355769230769232 0.31730769230769235 0.02403846153846154 0.02403846153846154
0 0.9350961538461539 0.3197115384615385 0.02403846153846154 0.02403846153846154
0 0.8725961538461539 0.33653846153846156 0.02403846153846154 0.02403846153846154
0 0.32211538461538464 0.2355769230769231 0.02403846153846154 0.02403846153846154
0 0.7379807692307693 0.2355769230769231 0.02403846153846154 0.02403846153846154
0 0.9230769230769231 0.19711538461538464 0.02403846153846154 0.02403846153846154
0 0.6153846153846154 0.19471153846153846 0.02403846153846154 0.02403846153846154
0 0.9110576923076924 0.17067307692307693 0.02403846153846154 0.02403846153846154
0 0.5552884615384616 0.17067307692307693 0.02403846153846154 0.02403846153846154
0 0.9615384615384616 0.1514423076923077 0.02403846153846154 0.02403846153846154
0 0.43028846153846156 0.09855769230769232 0.02403846153846154 0.02403846153846154
0 0.7115384615384616 0.09375 0.02403846153846154 0.02403846153846154
0 0.8918269230769231 0.07692307692307693 0.02403846153846154 0.02403846153846154
0 0.11057692307692309 0.07451923076923077 0.02403846153846154 0.02403846153846154
0 0.9543269230769231 0.05048076923076923 0.02403846153846154 0.02403846153846154
0 0.2355769230769231 0.06730769230769232 0.02403846153846154 0.02403846153846154
0 0.13461538461538464 0.04326923076923077 0.02403846153846154 0.02403846153846154
0 0.5384615384615385 0.8389423076923077 0.02403846153846154 0.02403846153846154
0 0.6346153846153847 0.7451923076923077 0.02403846153846154 0.02403846153846154
0 0.7115384615384616 0.701923076923077 0.02403846153846154 0.02403846153846154
0 0.6850961538461539 0.6586538461538461 0.02403846153846154 0.02403846153846154
0 0.9086538461538463 0.8725961538461539 0.02403846153846154 0.02403846153846154
0 0.8942307692307693 0.84375 0.02403846153846154 0.02403846153846154
0 0.1875 0.9591346153846154 0.02403846153846154 0.02403846153846154
0 0.9447115384615385 0.25480769230769235 0.02403846153846154 0.02403846153846154
0 0.8653846153846154 0.16346153846153846 0.02403846153846154 0.02403846153846154
0 0.8149038461538461 0.14903846153846154 0.02403846153846154 0.02403846153846154
0 0.7932692307692308 0.1875 0.02403846153846154 0.02403846153846154
0 0.7740384615384616 0.10817307692307693 0.02403846153846154 0.02403846153846154
0 0.8100961538461539 0.038461538461538464 0.02403846153846154 0.02403846153846154
0 0.8341346153846154 0.3822115384615385 0.02403846153846154 0.02403846153846154
0 0.795673076923077 0.46875 0.02403846153846154 0.02403846153846154
0 0.6177884615384616 0.6298076923076923 0.02403846153846154 0.02403846153846154
0 0.6274038461538461 0.6610576923076923 0.02403846153846154 0.02403846153846154
0 0.4759615384615385 0.7740384615384616 0.02403846153846154 0.02403846153846154
0 0.43509615384615385 0.7788461538461539 0.02403846153846154 0.02403846153846154
0 0.49759615384615385 0.6682692307692308 0.02403846153846154 0.02403846153846154
0 0.4807692307692308 0.5721153846153847 0.02403846153846154 0.02403846153846154
0 0.3317307692307693 0.545673076923077 0.02403846153846154 0.02403846153846154
0 0.3293269230769231 0.6490384615384616 0.02403846153846154 0.02403846153846154
0 0.09134615384615385 0.7716346153846154 0.02403846153846154 0.02403846153846154
0 0.026442307692307696 0.826923076923077 0.02403846153846154 0.02403846153846154
0 0.15384615384615385 0.733173076923077 0.02403846153846154 0.02403846153846154
0 0.14182692307692307 0.6730769230769231 0.02403846153846154 0.02403846153846154
0 0.0625 0.6298076923076923 0.02403846153846154 0.02403846153846154
0 0.3028846153846154 0.41586538461538464 0.02403846153846154 0.02403846153846154
0 0.2620192307692308 0.2980769230769231 0.02403846153846154 0.02403846153846154
0 0.3822115384615385 0.20673076923076925 0.02403846153846154 0.02403846153846154
0 0.6586538461538461 0.22355769230769232 0.02403846153846154 0.02403846153846154
0 0.021634615384615384 0.13461538461538464 0.02403846153846154 0.02403846153846154
0 0.8846153846153847 0.6442307692307693 0.02403846153846154 0.02403846153846154
