0 0.28605769230769235 0.9182692307692308 0.02403846153846154 0.02403846153846154
0 0.12740384615384617 0.8149038461538461 0.02403846153846154 0.02403846153846154
0 0.07692307692307693 0.7932692307692308 0.02403846153846154 0.02403846153846154
0 0.09375 0.7932692307692308 0.02403846153846154 0.02403846153846154
0 0.08413461538461539 0.71875 0.02403846153846154 0.02403846153846154
0 0.20673076923076925 0.6490384615384616 0.02403846153846154 0.02403846153846154
0 0.18990384615384617 0.514423076923077 0.02403846153846154 0.02403846153846154
0 0.7427884615384616 0.42307692307692313 0.02403846153846154 0.02403846153846154
0 0.11298076923076923 0.4206730769230769 0.02403846153846154 0.02403846153846154
0 0.30528846153846156 0.3653846153846154 0.02403846153846154 0.02403846153846154
0 0.7596153846153847 0.37259615384615385 0.02403846153846154 0.02403846153846154
0 0.04567307692307693 0.3581730769230769 0.02403846153846154 0.02403846153846154
0 0.17548076923076925 0.25 0.02403846153846154 0.02403846153846154
0 0.2091346153846154 0.21875 0.02403846153846154 0.02403846153846154
0 0.6875 0.2043269230769231 0.02403846153846154 0.02403846153846154
0 0.3125 0.1826923076923077 0.02403846153846154 0.02403846153846154
0 0.6850961538461539 0.17548076923076925 0.02403846153846154 0.02403846153846154
0 0.31009615384615385 0.14182692307692307 0.02403846153846154 0.02403846153846154
0 0.5336538461538461 0.0625 0.02403846153846154 0.02403846153846154
0 0.17548076923076925 0.04807692307692308 0.02403846153846154 0.02403846153846154
0 0.3918269230769231 0.6225961538461539 0.02403846153846154 0.02403846153846154
0 0.7908653846153847 0.5793269230769231 0.02403846153846154 0.02403846153846154
0 0.670673076923077 0.4711538461538462 0.02403846153846154 0.02403846153846154
0 0.5048076923076923 0.4399038461538462 0.02403846153846154 0.02403846153846154
0 0.3822115384615385 0.2043269230769231 0.02403846153846154 0.02403846153846154
0 0.8197115384615385 0.08413461538461539 0.02403846153846154 0.02403846153846154
