0 0.53125 0.96875 0.02403846153846154 0.02403846153846154
0 0.0625 0.9639423076923077 0.02403846153846154 0.02403846153846154
0 0.13461538461538464 0.9543269230769231 0.02403846153846154 0.02403846153846154
0 0.05288461538461539 0.8701923076923077 0.02403846153846154 0.02403846153846154
0 0.13701923076923078 0.8461538461538463 0.02403846153846154 0.02403846153846154
0 0.6850961538461539 0.8413461538461539 0.02403846153846154 0.02403846153846154
0 0.4807692307692308 0.8389423076923077 0.02403846153846154 0.02403846153846154
0 0.7283653846153847 0.8365384615384616 0.02403846153846154 0.02403846153846154
0 0.28125 0.8125 0.02403846153846154 0.02403846153846154
0 0.21634615384615385 0.8125 0.02403846153846154 0.02403846153846154
0 0.46875 0.7884615384615385 0.02403846153846154 0.02403846153846154
0 0.3774038461538462 0.7620192307692308 0.02403846153846154 0.02403846153846154
0 0.026442307692307696 0.7596153846153847 0.02403846153846154 0.02403846153846154
0 0.33653846153846156 0.7475961538461539 0.02403846153846154 0.02403846153846154
0 0.7716346153846154 0.7379807692307693 0.02403846153846154 0.02403846153846154
0 0.3125 0.7067307692307693 0.02403846153846154 0.02403846153846154
0 0.17067307692307693 0.6947115384615385 0.02403846153846154 0.02403846153846154
0 0.38461538461538464 0.6923076923076923 0.02403846153846154 0.02403846153846154
0 0.22355769230769232 0.6971153846153847 0.02403846153846154 0.02403846153846154
0 0.06490384615384616 0.6923076923076923 0.02403846153846154 0.02403846153846154
0 0.3028846153846154 0.6850961538461539 0.02403846153846154 0.02403846153846154
0 0.25480769230769235 0.6730769230769231 0.02403846153846154 0.02403846153846154
0 0.05528846153846154 0.6586538461538461 0.02403846153846154 0.02403846153846154
0 0.4375 0.6610576923076923 0.02403846153846154 0.02403846153846154
0 0.951923076923077 0.6538461538461539 0.02403846153846154 0.02403846153846154
0 0.8870192307692308 0.639423076923077 0.02403846153846154 0.02403846153846154
0 0.3028846153846154 0.6370192307692308 0.02403846153846154 0.02403846153846154
0 0.875 0.6274038461538461 0.02403846153846154 0.02403846153846154
0 0.2644230769230769 0.625 0.02403846153846154 0.02403846153846154
0 0.08173076923076923 0.6225961538461539 0.02403846153846154 0.02403846153846154
0 0.3245192307692308 0.6129807692307693 0.02403846153846154 0.02403846153846154
0 0.028846153846153848 0.59375 0.02403846153846154 0.02403846153846154
0 0.6274038461538461 0.5889423076923077 0.02403846153846154 0.02403846153846154
0 0.33653846153846156 0.576923076923077 0.02403846153846154 0.02403846153846154
0 0.2956730769230769 0.5600961538461539 0.02403846153846154 0.02403846153846154
0 0.07211538461538462 0.5504807692307693 0.02403846153846154 0.02403846153846154
0 0.8125 0.5384615384615385 0.02403846153846154 0.02403846153846154
0 0.2139423076923077 0.5264423076923077 0.02403846153846154 0.02403846153846154
0 0.4447115384615385 0.5024038461538461 0.02403846153846154 0.02403846153846154
0 0.8870192307692308 0.49278846153846156 0.02403846153846154 0.02403846153846154
0 0.05528846153846154 0.48557692307692313 0.02403846153846154 0.02403846153846154
0 0.6033653846153847 0.4831730769230769 0.02403846153846154 0.02403846153846154
0 0.32211538461538464 0.4807692307692308 0.02403846153846154 0.02403846153846154
0 0.8653846153846154 0.4807692307692308 0.02403846153846154 0.02403846153846154
0 0.14423076923076925 0.48557692307692313 0.02403846153846154 0.02403846153846154
0 0.35336538461538464 0.47355769230769235 0.02403846153846154 0.02403846153846154
0 0.5865384615384616 0.46153846153846156 0.02403846153846154 0.02403846153846154
0 0.40384615384615385 0.45432692307692313 0.02403846153846154 0.02403846153846154
0 0.1514423076923077 0.45432692307692313 0.02403846153846154 0.02403846153846154
0 0.6057692307692308 0.4447115384615385 0.02403846153846154 0.02403846153846154
0 0.6682692307692308 0.43028846153846156 0.02403846153846154 0.02403846153846154
0 0.14423076923076925 0.4254807692307693 0.02403846153846154 0.02403846153846154
0 0.20192307692307693 0.4134615384615385 0.02403846153846154 0.02403846153846154
0 0.3341346153846154 0.39903846153846156 0.02403846153846154 0.02403846153846154
0 0.14423076923076925 0.3918269230769231 0.02403846153846154 0.02403846153846154
0 0.47355769230769235 0.3701923076923077 0.02403846153846154 0.02403846153846154
0 0.3774038461538462 0.3557692307692308 0.02403846153846154 0.02403846153846154
0 0.05048076923076923 0.35336538461538464 0.02403846153846154 0.02403846153846154
0 0.3701923076923077 0.3245192307692308 0.02403846153846154 0.02403846153846154
0 0.4326923076923077 0.32211538461538464 0.02403846153846154 0.02403846153846154
0 0.49278846153846156 0.30528846153846156 0.02403846153846154 0.02403846153846154
0 0.13221153846153846 0.3125 0.02403846153846154 0.02403846153846154
0 0.2091346153846154 0.31730769230769235 0.02403846153846154 0.02403846153846154
0 0.6274038461538461 0.3028846153846154 0.02403846153846154 0.02403846153846154
0 0.25961538461538464 0.28365384615384615 0.02403846153846154 0.02403846153846154
0 0.22836538461538464 0.28125 0.02403846153846154 0.02403846153846154
0 0.13221153846153846 0.2764423076923077 0.02403846153846154 0.02403846153846154
0 0.3509615384615385 0.2764423076923077 0.02403846153846154 0.02403846153846154
0 0.16346153846153846 0.2716346153846154 0.02403846153846154 0.02403846153846154
0 0.28125 0.2644230769230769 0.02403846153846154 0.02403846153846154
0 0.6730769230769231 0.25480769230769235 0.02403846153846154 0.02403846153846154
0 0.4134615384615385 0.2572115384615385 0.02403846153846154 0.02403846153846154
0 0.48557692307692313 0.25 0.02403846153846154 0.02403846153846154
0 0.46875 0.24278846153846156 0.02403846153846154 0.02403846153846154
0 0.4759615384615385 0.2355769230769231 0.02403846153846154 0.02403846153846154
0 0.21634615384615385 0.23798076923076925 0.02403846153846154 0.02403846153846154
0 0.3389423076923077 0.23076923076923078 0.02403846153846154 0.02403846153846154
0 0.16586538461538464 0.22836538461538464 0.02403846153846154 0.02403846153846154
0 0.4206730769230769 0.22355769230769232 0.02403846153846154 0.02403846153846154
0 0.057692307692307696 0.2139423076923077 0.02403846153846154 0.02403846153846154
0 0.19711538461538464 0.18990384615384617 0.02403846153846154 0.02403846153846154
0 0.46153846153846156 0.18990384615384617 0.02403846153846154 0.02403846153846154
0 0.12980769230769232 0.19230769230769232 0.02403846153846154 0.02403846153846154
0 0.8341346153846154 0.18028846153846154 0.02403846153846154 0.02403846153846154
0 0.13701923076923078 0.15384615384615385 0.02403846153846154 0.02403846153846154
0 0.31009615384615385 0.13942307692307693 0.02403846153846154 0.02403846153846154
0 0.6201923076923077 0.1201923076923077 0.02403846153846154 0.02403846153846154
0 0.4014423076923077 0.12259615384615385 0.02403846153846154 0.02403846153846154
0 0.23076923076923078 0.08653846153846154 0.02403846153846154 0.02403846153846154
0 0.5048076923076923 0.06971153846153846 0.02403846153846154 0.02403846153846154
0 0.6033653846153847 0.06009615384615385 0.02403846153846154 0.02403846153846154
0 0.11778846153846155 0.05048076923076923 0.02403846153846154 0.02403846153846154
0 0.0889423076923077 0.05048076923076923 0.02403846153846154 0.02403846153846154
0 0.04807692307692308 0.04326923076923077 0.02403846153846154 0.02403846153846154
0 0.3918269230769231 0.03605769230769231 0.02403846153846154 0.02403846153846154
0 0.18990384615384617 0.03125 0.02403846153846154 0.02403846153846154
0 0.5600961538461539 0.5600961538461539 0.02403846153846154 0.02403846153846154
0 0.670673076923077 0.65625 0.02403846153846154 0.02403846153846154
0 0.49278846153846156 0.8557692307692308 0.02403846153846154 0.02403846153846154
0 0.5024038461538461 0.7908653846153847 0.02403846153846154 0.02403846153846154
0 0.4399038461538462 0.8221153846153847 0.02403846153846154 0.02403846153846154
0 0.3822115384615385 0.9038461538461539 0.02403846153846154 0.02403846153846154
0 0.35336538461538464 0.8485576923076924 0.02403846153846154 0.02403846153846154
0 0.23076923076923078 0.7307692307692308 0.02403846153846154 0.02403846153846154
0 0.2716346153846154 0.9350961538461539 0.02403846153846154 0.02403846153846154
0 0.41586538461538464 0.59375 0.02403846153846154 0.02403846153846154
0 0.3774038461538462 0.4903846153846154 0.02403846153846154 0.02403846153846154
0 0.4254807692307693 0.3509615384615385 0.02403846153846154 0.02403846153846154
0 0.3293269230769231 0.3293269230769231 0.02403846153846154 0.02403846153846154
0 0.6899038461538461 0.21875 0.02403846153846154 0.02403846153846154
0 0.7764423076923077 0.22115384615384617 0.02403846153846154 0.02403846153846154
0 0.8557692307692308 0.2139423076923077 0.02403846153846154 0.02403846153846154
0 0.9423076923076924 0.3076923076923077 0.02403846153846154 0.02403846153846154
0 0.7668269230769231 0.48557692307692313 0.02403846153846154 0.02403846153846154
0 0.8197115384615385 0.6322115384615385 0.02403846153846154 0.02403846153846154
0 0.7764423076923077 0.6778846153846154 0.02403846153846154 0.02403846153846154
0 0.7067307692307693 0.7884615384615385 0.02403846153846154 0.02403846153846154
0 0.2139423076923077 0.4903846153846154 0.02403846153846154 0.02403846153846154
