0 0.35336538461538464 0.9375 0.02403846153846154 0.02403846153846154
0 0.5024038461538461 0.9086538461538463 0.02403846153846154 0.02403846153846154
0 0.3822115384615385 0.8918269230769231 0.02403846153846154 0.02403846153846154
0 0.6442307692307693 0.8846153846153847 0.02403846153846154 0.02403846153846154
0 0.4375 0.8870192307692308 0.02403846153846154 0.02403846153846154
0 0.2403846153846154 0.8557692307692308 0.02403846153846154 0.02403846153846154
0 0.2091346153846154 0.8509615384615385 0.02403846153846154 0.02403846153846154
0 0.5240384615384616 0.84375 0.02403846153846154 0.02403846153846154
0 0.9134615384615385 0.8245192307692308 0.02403846153846154 0.02403846153846154
0 0.7235576923076924 0.8125 0.02403846153846154 0.02403846153846154
0 0.12259615384615385 0.8052884615384616 0.02403846153846154 0.02403846153846154
0 0.3389423076923077 0.8004807692307693 0.02403846153846154 0.02403846153846154
0 0.06009615384615385 0.7980769230769231 0.02403846153846154 0.02403846153846154
0 0.5432692307692308 0.795673076923077 0.02403846153846154 0.02403846153846154
0 0.9350961538461539 0.78125 0.02403846153846154 0.02403846153846154
0 0.026442307692307696 0.7764423076923077 0.02403846153846154 0.02403846153846154
0 0.3894230769230769 0.7740384615384616 0.02403846153846154 0.02403846153846154
0 0.06971153846153846 0.7403846153846154 0.02403846153846154 0.02403846153846154
0 0.24759615384615385 0.7355769230769231 0.02403846153846154 0.02403846153846154
0 0.5360576923076923 0.7355769230769231 0.02403846153846154 0.02403846153846154
0 0.2884615384615385 0.7283653846153847 0.02403846153846154 0.02403846153846154
0 0.9038461538461539 0.7139423076923077 0.02403846153846154 0.02403846153846154
0 0.8653846153846154 0.701923076923077 0.02403846153846154 0.02403846153846154
0 0.84375 0.6899038461538461 0.02403846153846154 0.02403846153846154
0 0.7596153846153847 0.6802884615384616 0.02403846153846154 0.02403846153846154
0 0.25 0.6826923076923077 0.02403846153846154 0.02403846153846154
0 0.9182692307692308 0.670673076923077 0.02403846153846154 0.02403846153846154
0 0.2764423076923077 0.6442307692307693 0.02403846153846154 0.02403846153846154
0 0.6201923076923077 0.6370192307692308 0.02403846153846154 0.02403846153846154
0 0.44711538461538464 0.6370192307692308 0.02403846153846154 0.02403846153846154
0 0.9639423076923077 0.6153846153846154 0.02403846153846154 0.02403846153846154
0 0.5264423076923077 0.6105769230769231 0.02403846153846154 0.02403846153846154
0 0.7884615384615385 0.59375 0.02403846153846154 0.02403846153846154
0 0.8725961538461539 0.5841346153846154 0.02403846153846154 0.02403846153846154
0 0.6201923076923077 0.576923076923077 0.02403846153846154 0.02403846153846154
0 0.4879807692307693 0.5745192307692308 0.02403846153846154 0.02403846153846154
0 0.05288461538461539 0.576923076923077 0.02403846153846154 0.02403846153846154
0 0.6634615384615385 0.5600961538461539 0.02403846153846154 0.02403846153846154
0 0.71875 0.5408653846153847 0.02403846153846154 0.02403846153846154
0 0.4831730769230769 0.5288461538461539 0.02403846153846154 0.02403846153846154
0 0.12980769230769232 0.53125 0.02403846153846154 0.02403846153846154
0 0.889423076923077 0.5216346153846154 0.02403846153846154 0.02403846153846154
0 0.42307692307692313 0.5192307692307693 0.02403846153846154 0.02403846153846154
0 0.4495192307692308 0.5096153846153847 0.02403846153846154 0.02403846153846154
0 0.8918269230769231 0.4879807692307693 0.02403846153846154 0.02403846153846154
0 0.6370192307692308 0.4879807692307693 0.02403846153846154 0.02403846153846154
0 0.2043269230769231 0.4831730769230769 0.02403846153846154 0.02403846153846154
0 0.4951923076923077 0.46875 0.02403846153846154 0.02403846153846154
0 0.8870192307692308 0.46634615384615385 0.02403846153846154 0.02403846153846154
0 0.3605769230769231 0.4591346153846154 0.02403846153846154 0.02403846153846154
0 0.7043269230769231 0.45432692307692313 0.02403846153846154 0.02403846153846154
0 0.545673076923077 0.45432692307692313 0.02403846153846154 0.02403846153846154
0 0.4086538461538462 0.44230769230769235 0.02403846153846154 0.02403846153846154
0 0.3293269230769231 0.40625 0.02403846153846154 0.02403846153846154
0 0.1466346153846154 0.3966346153846154 0.02403846153846154 0.02403846153846154
0 0.46875 0.3942307692307693 0.02403846153846154 0.02403846153846154
0 0.8125 0.37980769230769235 0.02403846153846154 0.02403846153846154
0 0.49278846153846156 0.3822115384615385 0.02403846153846154 0.02403846153846154
0 0.6057692307692308 0.37259615384615385 0.02403846153846154 0.02403846153846154
0 0.9639423076923077 0.3653846153846154 0.02403846153846154 0.02403846153846154
0 0.1466346153846154 0.34615384615384615 0.02403846153846154 0.02403846153846154
0 0.057692307692307696 0.34134615384615385 0.02403846153846154 0.02403846153846154
0 0.125 0.32211538461538464 0.02403846153846154 0.02403846153846154
0 0.31490384615384615 0.3125 0.02403846153846154 0.02403846153846154
0 0.2932692307692308 0.3076923076923077 0.02403846153846154 0.02403846153846154
0 0.5096153846153847 0.28125 0.02403846153846154 0.02403846153846154
0 0.6971153846153847 0.2692307692307693 0.02403846153846154 0.02403846153846154
0 0.375 0.2620192307692308 0.02403846153846154 0.02403846153846154
0 0.2043269230769231 0.25480769230769235 0.02403846153846154 0.02403846153846154
0 0.5384615384615385 0.24759615384615385 0.02403846153846154 0.02403846153846154
0 0.6658653846153847 0.23798076923076925 0.02403846153846154 0.02403846153846154
0 0.43509615384615385 0.2403846153846154 0.02403846153846154 0.02403846153846154
0 0.16586538461538464 0.23798076923076925 0.02403846153846154 0.02403846153846154
0 0.9182692307692308 0.22115384615384617 0.02403846153846154 0.02403846153846154
0 0.8822115384615385 0.2043269230769231 0.02403846153846154 0.02403846153846154
0 0.2692307692307693 0.19471153846153846 0.02403846153846154 0.02403846153846154
0 0.09855769230769232 0.19230769230769232 0.02403846153846154 0.02403846153846154
0 0.858173076923077 0.1826923076923077 0.02403846153846154 0.02403846153846154
0 0.46153846153846156 0.1826923076923077 0.02403846153846154 0.02403846153846154
0 0.43028846153846156 0.17307692307692307 0.02403846153846154 0.02403846153846154
0 0.05288461538461539 0.16346153846153846 0.02403846153846154 0.02403846153846154
0 0.9399038461538463 0.15625 0.02403846153846154 0.02403846153846154
0 0.4399038461538462 0.14903846153846154 0.02403846153846154 0.02403846153846154
0 0.9326923076923077 0.11538461538461539 0.02403846153846154 0.02403846153846154
0 0.6418269230769231 0.11298076923076923 0.02403846153846154 0.02403846153846154
0 0.3629807692307693 0.10096153846153846 0.02403846153846154 0.02403846153846154
0 0.8846153846153847 0.10336538461538462 0.02403846153846154 0.02403846153846154
0 0.6105769230769231 0.0889423076923077 0.02403846153846154 0.02403846153846154
0 0.33653846153846156 0.08653846153846154 0.02403846153846154 0.02403846153846154
0 0.1778846153846154 0.0889423076923077 0.02403846153846154 0.02403846153846154
0 0.6658653846153847 0.06009615384615385 0.02403846153846154 0.02403846153846154
0 0.33653846153846156 0.05528846153846154 0.02403846153846154 0.02403846153846154
0 0.9350961538461539 0.05288461538461539 0.02403846153846154 0.02403846153846154
0 0.8798076923076924 0.05048076923076923 0.02403846153846154 0.02403846153846154
0 0.7716346153846154 0.04567307692307693 0.02403846153846154 0.02403846153846154
0 0.125 0.04567307692307693 0.02403846153846154 0.02403846153846154
0 0.4254807692307693 0.040865384615384616 0.02403846153846154 0.02403846153846154
0 0.39903846153846156 0.040865384615384616 0.02403846153846154 0.02403846153846154
0 0.9399038461538463 0.03125 0.02403846153846154 0.02403846153846154
0 0.07692307692307693 0.03605769230769231 0.02403846153846154 0.02403846153846154
0 0.5721153846153847 0.026442307692307696 0.02403846153846154 0.02403846153846154
0 0.7235576923076924 0.026442307692307696 0.02403846153846154 0.02403846153846154
0 0.43028846153846156 0.7764423076923077 0.02403846153846154 0.02403846153846154
0 0.6177884615384616 0.8125 0.02403846153846154 0.02403846153846154
0 0.23317307692307693 0.4447115384615385 0.02403846153846154 0.02403846153846154
0 0.19711538461538464 0.37980769230769235 0.02403846153846154 0.02403846153846154
0 0.27403846153846156 0.3293269230769231 0.02403846153846154 0.02403846153846154
0 0.3269230769230769 0.22355769230769232 0.02403846153846154 0.02403846153846154
0 0.1826923076923077 0.27884615384615385 0.02403846153846154 0.02403846153846154
0 0.1466346153846154 0.27403846153846156 0.02403846153846154 0.02403846153846154
0 0.11298076923076923 0.12259615384615385 0.02403846153846154 0.02403846153846154
0 0.03365384615384616 0.12740384615384617 0.02403846153846154 0.02403846153846154
0 0.5913461538461539 0.16346153846153846 0.02403846153846154 0.02403846153846154
0 0.5240384615384616 0.14182692307692307 0.02403846153846154 0.02403846153846154
0 0.7908653846153847 0.15384615384615385 0.02403846153846154 0.02403846153846154
0 0.9471153846153847 0.39903846153846156 0.02403846153846154 0.02403846153846154
0 0.7596153846153847 0.6177884615384616 0.02403846153846154 0.02403846153846154
0 0.31490384615384615 0.1875 0.02403846153846154 0.02403846153846154
0 0.14182692307692307 0.06971153846153846 0.02403846153846154 0.02403846153846154
