0 0.7908653846153847 0.96875 0.02403846153846154 0.02403846153846154
0 0.625 0.9447115384615385 0.02403846153846154 0.02403846153846154
0 0.12259615384615385 0.9423076923076924 0.02403846153846154 0.02403846153846154
0 0.6995192307692308 0.9326923076923077 0.02403846153846154 0.02403846153846154
0 0.45432692307692313 0.9254807692307693 0.02403846153846154 0.02403846153846154
0 0.19471153846153846 0.90625 0.02403846153846154 0.02403846153846154
0 0.9134615384615385 0.8990384615384616 0.02403846153846154 0.02403846153846154
0 0.29086538461538464 0.8822115384615385 0.02403846153846154 0.02403846153846154
0 0.6057692307692308 0.826923076923077 0.02403846153846154 0.02403846153846154
0 0.06971153846153846 0.8173076923076924 0.02403846153846154 0.02403846153846154
0 0.15865384615384617 0.8076923076923077 0.02403846153846154 0.02403846153846154
0 0.8966346153846154 0.764423076923077 0.02403846153846154 0.02403846153846154
0 0.5264423076923077 0.7403846153846154 0.02403846153846154 0.02403846153846154
0 0.28365384615384615 0.733173076923077 0.02403846153846154 0.02403846153846154
0 0.4879807692307693 0.7259615384615385 0.02403846153846154 0.02403846153846154
0 0.31009615384615385 0.7235576923076924 0.02403846153846154 0.02403846153846154
0 0.24759615384615385 0.701923076923077 0.02403846153846154 0.02403846153846154
0 0.6274038461538461 0.6754807692307693 0.02403846153846154 0.02403846153846154
0 0.8197115384615385 0.670673076923077 0.02403846153846154 0.02403846153846154
0 0.20192307692307693 0.6658653846153847 0.02403846153846154 0.02403846153846154
0 0.2764423076923077 0.6634615384615385 0.02403846153846154 0.02403846153846154
0 0.6634615384615385 0.6442307692307693 0.02403846153846154 0.02403846153846154
0 0.3125 0.6129807692307693 0.02403846153846154 0.02403846153846154
0 0.7524038461538461 0.608173076923077 0.02403846153846154 0.02403846153846154
0 0.05288461538461539 0.5336538461538461 0.02403846153846154 0.02403846153846154
0 0.8822115384615385 0.5 0.02403846153846154 0.02403846153846154
0 0.24759615384615385 0.47836538461538464 0.02403846153846154 0.02403846153846154
0 0.9158653846153847 0.46875 0.02403846153846154 0.02403846153846154
0 0.3341346153846154 0.4591346153846154 0.02403846153846154 0.02403846153846154
0 0.12740384615384617 0.41105769230769235 0.02403846153846154 0.02403846153846154
0 0.16105769230769232 0.4086538461538462 0.02403846153846154 0.02403846153846154
0 0.2620192307692308 0.40384615384615385 0.02403846153846154 0.02403846153846154
0 0.10576923076923078 0.3774038461538462 0.02403846153846154 0.02403846153846154
0 0.3125 0.32211538461538464 0.02403846153846154 0.02403846153846154
0 0.1778846153846154 0.3076923076923077 0.02403846153846154 0.02403846153846154
0 0.7115384615384616 0.30528846153846156 0.02403846153846154 0.02403846153846154
0 0.8822115384615385 0.2980769230769231 0.02403846153846154 0.02403846153846154
0 0.6177884615384616 0.2980769230769231 0.02403846153846154 0.02403846153846154
0 0.2716346153846154 0.28365384615384615 0.02403846153846154 0.02403846153846154
0 0.7355769230769231 0.2716346153846154 0.02403846153846154 0.02403846153846154
0 0.040865384615384616 0.2572115384615385 0.02403846153846154 0.02403846153846154
0 0.4447115384615385 0.25240384615384615 0.02403846153846154 0.02403846153846154
0 0.8629807692307693 0.25 0.02403846153846154 0.02403846153846154
0 0.3870192307692308 0.2451923076923077 0.02403846153846154 0.02403846153846154
0 0.6778846153846154 0.23798076923076925 0.02403846153846154 0.02403846153846154
0 0.6129807692307693 0.22115384615384617 0.02403846153846154 0.02403846153846154
0 0.5793269230769231 0.21634615384615385 0.02403846153846154 0.02403846153846154
0 0.5024038461538461 0.21875 0.02403846153846154 0.02403846153846154
0 0.5625 0.20673076923076925 0.02403846153846154 0.02403846153846154
0 0.04567307692307693 0.19711538461538464 0.02403846153846154 0.02403846153846154
0 0.9158653846153847 0.18509615384615385 0.02403846153846154 0.02403846153846154
0 0.4086538461538462 0.1778846153846154 0.02403846153846154 0.02403846153846154
0 0.4639423076923077 0.1514423076923077 0.02403846153846154 0.02403846153846154
0 0.3004807692307693 0.1201923076923077 0.02403846153846154 0.02403846153846154
0 0.41105769230769235 0.11778846153846155 0.02403846153846154 0.02403846153846154
0 0.31490384615384615 0.10576923076923078 0.02403846153846154 0.02403846153846154
0 0.28365384615384615 0.09134615384615385 0.02403846153846154 0.02403846153846154
0 0.7788461538461539 0.07932692307692309 0.02403846153846154 0.02403846153846154
0 0.9375 0.0625 0.02403846153846154 0.02403846153846154
0 0.6971153846153847 0.06009615384615385 0.02403846153846154 0.02403846153846154
0 0.4326923076923077 0.04567307692307693 0.02403846153846154 0.02403846153846154
0 0.65625 0.038461538461538464 0.02403846153846154 0.02403846153846154
0 0.1778846153846154 0.03125 0.02403846153846154 0.02403846153846154
0 0.7235576923076924 0.4879807692307693 0.02403846153846154 0.02403846153846154
0 0.6586538461538461 0.8052884615384616 0.02403846153846154 0.02403846153846154
0 0.25961538461538464 0.5336538461538461 0.02403846153846154 0.02403846153846154
0 0.2932692307692308 0.1875 0.02403846153846154 0.02403846153846154
0 0.45432692307692313 0.12259615384615385 0.02403846153846154 0.02403846153846154
0 0.795673076923077 0.09375 0.02403846153846154 0.02403846153846154
