0 0.951923076923077 0.9423076923076924 0.02403846153846154 0.02403846153846154
0 0.44230769230769235 0.9447115384615385 0.02403846153846154 0.02403846153846154
0 0.46875 0.90625 0.02403846153846154 0.02403846153846154
0 0.8125 0.8990384615384616 0.02403846153846154 0.02403846153846154
0 0.639423076923077 0.8990384615384616 0.02403846153846154 0.02403846153846154
0 0.71875 0.8725961538461539 0.02403846153846154 0.02403846153846154
0 0.8125 0.8389423076923077 0.02403846153846154 0.02403846153846154
0 0.6802884615384616 0.8365384615384616 0.02403846153846154 0.02403846153846154
0 0.2451923076923077 0.8389423076923077 0.02403846153846154 0.02403846153846154
0 0.8557692307692308 0.8221153846153847 0.02403846153846154 0.02403846153846154
0 0.9110576923076924 0.8028846153846154 0.02403846153846154 0.02403846153846154
0 0.6754807692307693 0.7908653846153847 0.02403846153846154 0.02403846153846154
0 0.32211538461538464 0.7932692307692308 0.02403846153846154 0.02403846153846154
0 0.6153846153846154 0.78125 0.02403846153846154 0.02403846153846154
0 0.6418269230769231 0.7716346153846154 0.02403846153846154 0.02403846153846154
0 0.8293269230769231 0.75 0.02403846153846154 0.02403846153846154
0 0.3966346153846154 0.7451923076923077 0.02403846153846154 0.02403846153846154
0 0.6875 0.7307692307692308 0.02403846153846154 0.02403846153846154
0 0.5528846153846154 0.7211538461538461 0.02403846153846154 0.02403846153846154
0 0.8966346153846154 0.7163461538461539 0.02403846153846154 0.02403846153846154
0 0.7379807692307693 0.7163461538461539 0.02403846153846154 0.02403846153846154
0 0.6009615384615385 0.7043269230769231 0.02403846153846154 0.02403846153846154
0 0.5216346153846154 0.6682692307692308 0.02403846153846154 0.02403846153846154
0 0.3389423076923077 0.6586538461538461 0.02403846153846154 0.02403846153846154
0 0.6610576923076923 0.65625 0.02403846153846154 0.02403846153846154
0 0.6850961538461539 0.6442307692307693 0.02403846153846154 0.02403846153846154
0 0.7980769230769231 0.6346153846153847 0.02403846153846154 0.02403846153846154
0 0.19951923076923078 0.6225961538461539 0.02403846153846154 0.02403846153846154
0 0.3389423076923077 0.608173076923077 0.02403846153846154 0.02403846153846154
0 0.25 0.6033653846153847 0.02403846153846154 0.02403846153846154
0 0.31730769230769235 0.5841346153846154 0.02403846153846154 0.02403846153846154
0 0.5072115384615384 0.5745192307692308 0.02403846153846154 0.02403846153846154
0 0.48557692307692313 0.5697115384615385 0.02403846153846154 0.02403846153846154
0 0.701923076923077 0.5432692307692308 0.02403846153846154 0.02403846153846154
0 0.889423076923077 0.53125 0.02403846153846154 0.02403846153846154
0 0.5673076923076923 0.5240384615384616 0.02403846153846154 0.02403846153846154
0 0.3966346153846154 0.5168269230769231 0.02403846153846154 0.02403846153846154
0 0.04326923076923077 0.5216346153846154 0.02403846153846154 0.02403846153846154
0 0.7307692307692308 0.5096153846153847 0.02403846153846154 0.02403846153846154
0 0.858173076923077 0.5 0.02403846153846154 0.02403846153846154
0 0.6274038461538461 0.5024038461538461 0.02403846153846154 0.02403846153846154
0 0.3581730769230769 0.5 0.02403846153846154 0.02403846153846154
0 0.13221153846153846 0.4831730769230769 0.02403846153846154 0.02403846153846154
0 0.46153846153846156 0.4567307692307693 0.02403846153846154 0.02403846153846154
0 0.29086538461538464 0.45432692307692313 0.02403846153846154 0.02403846153846154
0 0.6538461538461539 0.4447115384615385 0.02403846153846154 0.02403846153846154
0 0.6225961538461539 0.43509615384615385 0.02403846153846154 0.02403846153846154
0 0.2451923076923077 0.4254807692307693 0.02403846153846154 0.02403846153846154
0 0.1201923076923077 0.4182692307692308 0.02403846153846154 0.02403846153846154
0 0.6322115384615385 0.41105769230769235 0.02403846153846154 0.02403846153846154
0 0.8341346153846154 0.375 0.02403846153846154 0.02403846153846154
0 0.5552884615384616 0.3629807692307693 0.02403846153846154 0.02403846153846154
0 0.8028846153846154 0.3509615384615385 0.02403846153846154 0.02403846153846154
0 0.5288461538461539 0.34855769230769235 0.02403846153846154 0.02403846153846154
0 0.3701923076923077 0.3509615384615385 0.02403846153846154 0.02403846153846154
0 0.858173076923077 0.32211538461538464 0.02403846153846154 0.02403846153846154
0 0.5288461538461539 0.31730769230769235 0.02403846153846154 0.02403846153846154
0 0.9639423076923077 0.3076923076923077 0.02403846153846154 0.02403846153846154
0 0.31730769230769235 0.3076923076923077 0.02403846153846154 0.02403846153846154
0 0.6177884615384616 0.3028846153846154 0.02403846153846154 0.02403846153846154
0 0.5913461538461539 0.3028846153846154 0.02403846153846154 0.02403846153846154
0 0.2692307692307693 0.2980769230769231 0.02403846153846154 0.02403846153846154
0 0.764423076923077 0.2884615384615385 0.02403846153846154 0.02403846153846154
0 0.9158653846153847 0.2884615384615385 0.02403846153846154 0.02403846153846154
0 0.6274038461538461 0.25 0.02403846153846154 0.02403846153846154
0 0.8677884615384616 0.22115384615384617 0.02403846153846154 0.02403846153846154
0 0.34375 0.22115384615384617 0.02403846153846154 0.02403846153846154
0 0.39903846153846156 0.22115384615384617 0.02403846153846154 0.02403846153846154
0 0.7427884615384616 0.19951923076923078 0.02403846153846154 0.02403846153846154
0 0.6274038461538461 0.1875 0.02403846153846154 0.02403846153846154
0 0.8197115384615385 0.17548076923076925 0.02403846153846154 0.02403846153846154
0 0.9711538461538463 0.16586538461538464 0.02403846153846154 0.02403846153846154
0 0.5673076923076923 0.15384615384615385 0.02403846153846154 0.02403846153846154
0 0.6995192307692308 0.14423076923076925 0.02403846153846154 0.02403846153846154
0 0.6298076923076923 0.1514423076923077 0.02403846153846154 0.02403846153846154
0 0.8966346153846154 0.13701923076923078 0.02403846153846154 0.02403846153846154
0 0.4567307692307693 0.1201923076923077 0.02403846153846154 0.02403846153846154
0 0.8942307692307693 0.11538461538461539 0.02403846153846154 0.02403846153846154
0 0.41586538461538464 0.10096153846153846 0.02403846153846154 0.02403846153846154
0 0.3774038461538462 0.10576923076923078 0.02403846153846154 0.02403846153846154
0 0.9567307692307693 0.08653846153846154 0.02403846153846154 0.02403846153846154
0 0.8365384615384616 0.057692307692307696 0.02403846153846154 0.02403846153846154
0 0.15865384615384617 0.040865384615384616 0.02403846153846154 0.02403846153846154
0 0.5480769230769231 0.03365384615384616 0.02403846153846154 0.02403846153846154
0 0.17307692307692307 0.8149038461538461 0.02403846153846154 0.02403846153846154
0 0.20673076923076925 0.7572115384615385 0.02403846153846154 0.02403846153846154
0 0.06971153846153846 0.7980769230769231 0.02403846153846154 0.02403846153846154
0 0.1778846153846154 0.09375 0.02403846153846154 0.02403846153846154
0 0.4254807692307693 0.7067307692307693 0.02403846153846154 0.02403846153846154
0 0.3894230769230769 0.6418269230769231 0.02403846153846154 0.02403846153846154
0 0.46634615384615385 0.5913461538461539 0.02403846153846154 0.02403846153846154
0 0.5192307692307693 0.48557692307692313 0.02403846153846154 0.02403846153846154
0 0.375 0.5408653846153847 0.02403846153846154 0.02403846153846154
0 0.3389423076923077 0.5360576923076923 0.02403846153846154 0.02403846153846154
0 0.30528846153846156 0.38461538461538464 0.02403846153846154 0.02403846153846154
0 0.22596153846153846 0.3894230769230769 0.02403846153846154 0.02403846153846154
0 0.13942307692307693 0.5697115384615385 0.02403846153846154 0.02403846153846154
0 0.5216346153846154 0.24759615384615385 0.02403846153846154 0.02403846153846154
0 0.5072115384615384 0.18509615384615385 0.02403846153846154 0.02403846153846154
0 0.53125 0.10336538461538462 0.02403846153846154 0.02403846153846154
0 0.5841346153846154 0.10576923076923078 0.02403846153846154 0.02403846153846154
0 0.4567307692307693 0.07211538461538462 0.02403846153846154 0.02403846153846154
0 0.7836538461538461 0.4254807692307693 0.02403846153846154 0.02403846153846154
0 0.7163461538461539 0.40384615384615385 0.02403846153846154 0.02403846153846154
0 0.951923076923077 0.8798076923076924 0.02403846153846154 0.02403846153846154
0 0.5072115384615384 0.4495192307692308 0.02403846153846154 0.02403846153846154
0 0.16105769230769232 0.7067307692307693 0.02403846153846154 0.02403846153846154
0 0.14182692307692307 0.625 0.02403846153846154 0.02403846153846154
0 0.3341346153846154 0.3317307692307693 0.02403846153846154 0.02403846153846154
0 0.9350961538461539 0.18990384615384617 0.02403846153846154 0.02403846153846154
