0 0.6875 0.9711538461538463 0.02403846153846154 0.02403846153846154
0 0.9350961538461539 0.96875 0.02403846153846154 0.02403846153846154
0 0.4879807692307693 0.9447115384615385 0.02403846153846154 0.02403846153846154
0 0.42307692307692313 0.9447115384615385 0.02403846153846154 0.02403846153846154
0 0.2091346153846154 0.9278846153846154 0.02403846153846154 0.02403846153846154
0 0.6754807692307693 0.920673076923077 0.02403846153846154 0.02403846153846154
0 0.16586538461538464 0.8966346153846154 0.02403846153846154 0.02403846153846154
0 0.11778846153846155 0.8942307692307693 0.02403846153846154 0.02403846153846154
0 0.5841346153846154 0.8942307692307693 0.02403846153846154 0.02403846153846154
0 0.23317307692307693 0.8918269230769231 0.02403846153846154 0.02403846153846154
0 0.026442307692307696 0.8846153846153847 0.02403846153846154 0.02403846153846154
0 0.14903846153846154 0.8846153846153847 0.02403846153846154 0.02403846153846154
0 0.5432692307692308 0.8798076923076924 0.02403846153846154 0.02403846153846154
0 0.22596153846153846 0.8653846153846154 0.02403846153846154 0.02403846153846154
0 0.5192307692307693 0.8389423076923077 0.02403846153846154 0.02403846153846154
0 0.19711538461538464 0.8365384615384616 0.02403846153846154 0.02403846153846154
0 0.3774038461538462 0.826923076923077 0.02403846153846154 0.02403846153846154
0 0.5913461538461539 0.8245192307692308 0.02403846153846154 0.02403846153846154
0 0.43028846153846156 0.8293269230769231 0.02403846153846154 0.02403846153846154
0 0.2716346153846154 0.8245192307692308 0.02403846153846154 0.02403846153846154
0 0.5096153846153847 0.8173076923076924 0.02403846153846154 0.02403846153846154
0 0.46153846153846156 0.8052884615384616 0.02403846153846154 0.02403846153846154
0 0.2620192307692308 0.7908653846153847 0.02403846153846154 0.02403846153846154
0 0.6442307692307693 0.7932692307692308 0.02403846153846154 0.02403846153846154
0 0.5096153846153847 0.7692307692307693 0.02403846153846154 0.02403846153846154
0 0.05048076923076923 0.7764423076923077 0.02403846153846154 0.02403846153846154
0 0.15865384615384617 0.7668269230769231 0.02403846153846154 0.02403846153846154
0 0.4711538461538462 0.7572115384615385 0.02403846153846154 0.02403846153846154
0 0.2884615384615385 0.7548076923076924 0.02403846153846154 0.02403846153846154
0 0.53125 0.7451923076923077 0.02403846153846154 0.02403846153846154
0 0.07692307692307693 0.7427884615384616 0.02403846153846154 0.02403846153846154
0 0.2355769230769231 0.7259615384615385 0.02403846153846154 0.02403846153846154
0 0.8341346153846154 0.7211538461538461 0.02403846153846154 0.02403846153846154
0 0.15384615384615385 0.7115384615384616 0.02403846153846154 0.02403846153846154
0 0.5432692307692308 0.7091346153846154 0.02403846153846154 0.02403846153846154
0 0.5024038461538461 0.6923076923076923 0.02403846153846154 0.02403846153846154
0 0.27884615384615385 0.6826923076923077 0.02403846153846154 0.02403846153846154
0 0.11538461538461539 0.6754807692307693 0.02403846153846154 0.02403846153846154
0 0.22115384615384617 0.670673076923077 0.02403846153846154 0.02403846153846154
0 0.16346153846153846 0.6730769230769231 0.02403846153846154 0.02403846153846154
0 0.20192307692307693 0.6634615384615385 0.02403846153846154 0.02403846153846154
0 0.4206730769230769 0.6586538461538461 0.02403846153846154 0.02403846153846154
0 0.21634615384615385 0.6418269230769231 0.02403846153846154 0.02403846153846154
0 0.6514423076923077 0.6346153846153847 0.02403846153846154 0.02403846153846154
0 0.12980769230769232 0.6274038461538461 0.02403846153846154 0.02403846153846154
0 0.2620192307692308 0.6177884615384616 0.02403846153846154 0.02403846153846154
0 0.8100961538461539 0.6153846153846154 0.02403846153846154 0.02403846153846154
0 0.5288461538461539 0.6129807692307693 0.02403846153846154 0.02403846153846154
0 0.3509615384615385 0.6177884615384616 0.02403846153846154 0.02403846153846154
0 0.5600961538461539 0.6057692307692308 0.02403846153846154 0.02403846153846154
0 0.7932692307692308 0.59375 0.02403846153846154 0.02403846153846154
0 0.6105769230769231 0.5865384615384616 0.02403846153846154 0.02403846153846154
0 0.3581730769230769 0.5865384615384616 0.02403846153846154 0.02403846153846154
0 0.8125 0.576923076923077 0.02403846153846154 0.02403846153846154
0 0.875 0.5625 0.02403846153846154 0.02403846153846154
0 0.3509615384615385 0.5576923076923077 0.02403846153846154 0.02403846153846154
0 0.4086538461538462 0.545673076923077 0.02403846153846154 0.02403846153846154
0 0.5408653846153847 0.53125 0.02403846153846154 0.02403846153846154
0 0.3509615384615385 0.5240384615384616 0.02403846153846154 0.02403846153846154
0 0.11298076923076923 0.49759615384615385 0.02403846153846154 0.02403846153846154
0 0.03125 0.4951923076923077 0.02403846153846154 0.02403846153846154
0 0.6802884615384616 0.5024038461538461 0.02403846153846154 0.02403846153846154
0 0.5841346153846154 0.4879807692307693 0.02403846153846154 0.02403846153846154
0 0.2572115384615385 0.48557692307692313 0.02403846153846154 0.02403846153846154
0 0.19230769230769232 0.4711538461538462 0.02403846153846154 0.02403846153846154
0 0.038461538461538464 0.46875 0.02403846153846154 0.02403846153846154
0 0.576923076923077 0.4567307692307693 0.02403846153846154 0.02403846153846154
0 0.639423076923077 0.45432692307692313 0.02403846153846154 0.02403846153846154
0 0.17307692307692307 0.4495192307692308 0.02403846153846154 0.02403846153846154
0 0.6995192307692308 0.4375 0.02403846153846154 0.02403846153846154
0 0.3389423076923077 0.4447115384615385 0.02403846153846154 0.02403846153846154
0 0.41586538461538464 0.4495192307692308 0.02403846153846154 0.02403846153846154
0 0.8341346153846154 0.43509615384615385 0.02403846153846154 0.02403846153846154
0 0.1875 0.43028846153846156 0.02403846153846154 0.02403846153846154
0 0.15384615384615385 0.4326923076923077 0.02403846153846154 0.02403846153846154
0 0.46634615384615385 0.41586538461538464 0.02403846153846154 0.02403846153846154
0 0.43509615384615385 0.4134615384615385 0.02403846153846154 0.02403846153846154
0 0.3389423076923077 0.4086538461538462 0.02403846153846154 0.02403846153846154
0 0.5576923076923077 0.4086538461538462 0.02403846153846154 0.02403846153846154
0 0.3701923076923077 0.40384615384615385 0.02403846153846154 0.02403846153846154
0 0.4879807692307693 0.3966346153846154 0.02403846153846154 0.02403846153846154
0 0.8798076923076924 0.3870192307692308 0.02403846153846154 0.02403846153846154
0 0.6201923076923077 0.3894230769230769 0.02403846153846154 0.02403846153846154
0 0.22355769230769232 0.38461538461538464 0.02403846153846154 0.02403846153846154
0 0.6923076923076923 0.3822115384615385 0.02403846153846154 0.02403846153846154
0 0.6754807692307693 0.375 0.02403846153846154 0.02403846153846154
0 0.6826923076923077 0.36778846153846156 0.02403846153846154 0.02403846153846154
0 0.42307692307692313 0.3701923076923077 0.02403846153846154 0.02403846153846154
0 0.545673076923077 0.3629807692307693 0.02403846153846154 0.02403846153846154
0 0.37259615384615385 0.3605769230769231 0.02403846153846154 0.02403846153846154
0 0.1778846153846154 0.3581730769230769 0.02403846153846154 0.02403846153846154
0 0.6274038461538461 0.3557692307692308 0.02403846153846154 0.02403846153846154
0 0.2644230769230769 0.34615384615384615 0.02403846153846154 0.02403846153846154
0 0.05288461538461539 0.34375 0.02403846153846154 0.02403846153846154
0 0.12740384615384617 0.3245192307692308 0.02403846153846154 0.02403846153846154
0 0.40384615384615385 0.32211538461538464 0.02403846153846154 0.02403846153846154
0 0.6682692307692308 0.32211538461538464 0.02403846153846154 0.02403846153846154
0 0.33653846153846156 0.3245192307692308 0.02403846153846154 0.02403846153846154
0 0.0625 0.2932692307692308 0.02403846153846154 0.02403846153846154
0 0.34375 0.28605769230769235 0.02403846153846154 0.02403846153846154
0 0.5168269230769231 0.2716346153846154 0.02403846153846154 0.02403846153846154
0 0.17067307692307693 0.2644230769230769 0.02403846153846154 0.02403846153846154
0 0.026442307692307696 0.25961538461538464 0.02403846153846154 0.02403846153846154
0 0.826923076923077 0.25240384615384615 0.02403846153846154 0.02403846153846154
0 0.13701923076923078 0.25480769230769235 0.02403846153846154 0.02403846153846154
0 0.608173076923077 0.25480769230769235 0.02403846153846154 0.02403846153846154
0 0.4375 0.21875 0.02403846153846154 0.02403846153846154
0 0.16826923076923078 0.2139423076923077 0.02403846153846154 0.02403846153846154
0 0.0625 0.2139423076923077 0.02403846153846154 0.02403846153846154
0 0.7115384615384616 0.20192307692307693 0.02403846153846154 0.02403846153846154
0 0.19711538461538464 0.20192307692307693 0.02403846153846154 0.02403846153846154
0 0.14182692307692307 0.19230769230769232 0.02403846153846154 0.02403846153846154
0 0.8100961538461539 0.19230769230769232 0.02403846153846154 0.02403846153846154
0 0.3245192307692308 0.1826923076923077 0.02403846153846154 0.02403846153846154
0 0.2956730769230769 0.1826923076923077 0.02403846153846154 0.02403846153846154
0 0.22115384615384617 0.18028846153846154 0.02403846153846154 0.02403846153846154
0 0.25480769230769235 0.17548076923076925 0.02403846153846154 0.02403846153846154
0 0.02403846153846154 0.16586538461538464 0.02403846153846154 0.02403846153846154
0 0.5985576923076923 0.16826923076923078 0.02403846153846154 0.02403846153846154
0 0.3966346153846154 0.16346153846153846 0.02403846153846154 0.02403846153846154
0 0.13461538461538464 0.15384615384615385 0.02403846153846154 0.02403846153846154
0 0.07692307692307693 0.13701923076923078 0.02403846153846154 0.02403846153846154
0 0.7668269230769231 0.6923076923076923 0.02403846153846154 0.02403846153846154
0 0.8774038461538463 0.7884615384615385 0.02403846153846154 0.02403846153846154
0 0.7091346153846154 0.9230769230769231 0.02403846153846154 0.02403846153846154
0 0.6466346153846154 0.9543269230769231 0.02403846153846154 0.02403846153846154
0 0.4375 0.8629807692307693 0.02403846153846154 0.02403846153846154
0 0.6225961538461539 0.7259615384615385 0.02403846153846154 0.02403846153846154
0 0.5841346153846154 0.6225961538461539 0.02403846153846154 0.02403846153846154
0 0.6322115384615385 0.4831730769230769 0.02403846153846154 0.02403846153846154
0 0.5360576923076923 0.46153846153846156 0.02403846153846154 0.02403846153846154
0 0.8966346153846154 0.3509615384615385 0.02403846153846154 0.02403846153846154
0 0.9134615384615385 0.920673076923077 0.02403846153846154 0.02403846153846154
0 0.4206730769230769 0.6225961538461539 0.02403846153846154 0.02403846153846154
