0 0.10576923076923078 0.9254807692307693 0.02403846153846154 0.02403846153846154
0 0.5673076923076923 0.8990384615384616 0.02403846153846154 0.02403846153846154
0 0.8990384615384616 0.8822115384615385 0.02403846153846154 0.02403846153846154
0 0.22596153846153846 0.8798076923076924 0.02403846153846154 0.02403846153846154
0 0.639423076923077 0.8629807692307693 0.02403846153846154 0.02403846153846154
0 0.46634615384615385 0.8461538461538463 0.02403846153846154 0.02403846153846154
0 0.7355769230769231 0.8389423076923077 0.02403846153846154 0.02403846153846154
0 0.14903846153846154 0.8149038461538461 0.02403846153846154 0.02403846153846154
0 0.21634615384615385 0.8100961538461539 0.02403846153846154 0.02403846153846154
0 0.3293269230769231 0.795673076923077 0.02403846153846154 0.02403846153846154
0 0.514423076923077 0.7740384615384616 0.02403846153846154 0.02403846153846154
0 0.6033653846153847 0.764423076923077 0.02403846153846154 0.02403846153846154
0 0.16586538461538464 0.75 0.02403846153846154 0.02403846153846154
0 0.35336538461538464 0.7427884615384616 0.02403846153846154 0.02403846153846154
0 0.4278846153846154 0.7235576923076924 0.02403846153846154 0.02403846153846154
0 0.07932692307692309 0.7211538461538461 0.02403846153846154 0.02403846153846154
0 0.9711538461538463 0.6971153846153847 0.02403846153846154 0.02403846153846154
0 0.7283653846153847 0.6899038461538461 0.02403846153846154 0.02403846153846154
0 0.9326923076923077 0.6826923076923077 0.02403846153846154 0.02403846153846154
0 0.7548076923076924 0.6802884615384616 0.02403846153846154 0.02403846153846154
0 0.6923076923076923 0.6586538461538461 0.02403846153846154 0.02403846153846154
0 0.25961538461538464 0.6346153846153847 0.02403846153846154 0.02403846153846154
0 0.6466346153846154 0.6225961538461539 0.02403846153846154 0.02403846153846154
0 0.7211538461538461 0.6201923076923077 0.02403846153846154 0.02403846153846154
0 0.7572115384615385 0.5697115384615385 0.02403846153846154 0.02403846153846154
0 0.4014423076923077 0.5528846153846154 0.02403846153846154 0.02403846153846154
0 0.2716346153846154 0.5384615384615385 0.02403846153846154 0.02403846153846154
0 0.49759615384615385 0.4903846153846154 0.02403846153846154 0.02403846153846154
0 0.4206730769230769 0.47355769230769235 0.02403846153846154 0.02403846153846154
0 0.6923076923076923 0.43509615384615385 0.02403846153846154 0.02403846153846154
0 0.13701923076923078 0.4254807692307693 0.02403846153846154 0.02403846153846154
0 0.7788461538461539 0.41586538461538464 0.02403846153846154 0.02403846153846154
0 0.4447115384615385 0.40384615384615385 0.02403846153846154 0.02403846153846154
0 0.1778846153846154 0.3918269230769231 0.02403846153846154 0.02403846153846154
0 0.2091346153846154 0.3822115384615385 0.02403846153846154 0.02403846153846154
0 0.3629807692307693 0.3822115384615385 0.02403846153846154 0.02403846153846154
0 0.5721153846153847 0.36778846153846156 0.02403846153846154 0.02403846153846154
0 0.6057692307692308 0.3653846153846154 0.02403846153846154 0.02403846153846154
0 0.7067307692307693 0.3605769230769231 0.02403846153846154 0.02403846153846154
0 0.1826923076923077 0.3581730769230769 0.02403846153846154 0.02403846153846154
0 0.20673076923076925 0.3389423076923077 0.02403846153846154 0.02403846153846154
0 0.5504807692307693 0.3341346153846154 0.02403846153846154 0.02403846153846154
0 0.3197115384615385 0.2980769230769231 0.02403846153846154 0.02403846153846154
0 0.7572115384615385 0.27884615384615385 0.02403846153846154 0.02403846153846154
0 0.2403846153846154 0.2716346153846154 0.02403846153846154 0.02403846153846154
0 0.03605769230769231 0.2668269230769231 0.02403846153846154 0.02403846153846154
0 0.6225961538461539 0.2644230769230769 0.02403846153846154 0.02403846153846154
0 0.30528846153846156 0.25240384615384615 0.02403846153846154 0.02403846153846154
0 0.7163461538461539 0.2403846153846154 0.02403846153846154 0.02403846153846154
0 0.3581730769230769 0.24278846153846156 0.02403846153846154 0.02403846153846154
0 0.48557692307692313 0.2139423076923077 0.02403846153846154 0.02403846153846154
0 0.889423076923077 0.2091346153846154 0.02403846153846154 0.02403846153846154
0 0.8317307692307693 0.20192307692307693 0.02403846153846154 0.02403846153846154
0 0.9471153846153847 0.17548076923076925 0.02403846153846154 0.02403846153846154
0 0.2451923076923077 0.17067307692307693 0.02403846153846154 0.02403846153846154
0 0.4182692307692308 0.16105769230769232 0.02403846153846154 0.02403846153846154
0 0.4903846153846154 0.15384615384615385 0.02403846153846154 0.02403846153846154
0 0.2764423076923077 0.14903846153846154 0.02403846153846154 0.02403846153846154
0 0.8533653846153847 0.13461538461538464 0.02403846153846154 0.02403846153846154
0 0.9086538461538463 0.10817307692307693 0.02403846153846154 0.02403846153846154
0 0.0625 0.10096153846153846 0.02403846153846154 0.02403846153846154
0 0.7451923076923077 0.07692307692307693 0.02403846153846154 0.02403846153846154
0 0.21153846153846156 0.07211538461538462 0.02403846153846154 0.02403846153846154
0 0.8557692307692308 0.07451923076923077 0.02403846153846154 0.02403846153846154
0 0.7596153846153847 0.0625 0.02403846153846154 0.02403846153846154
0 0.09134615384615385 0.05528846153846154 0.02403846153846154 0.02403846153846154
0 0.7283653846153847 0.04807692307692308 0.02403846153846154 0.02403846153846154
0 0.35336538461538464 0.04807692307692308 0.02403846153846154 0.02403846153846154
0 0.1466346153846154 0.05048076923076923 0.02403846153846154 0.02403846153846154
0 0.10817307692307693 0.21875 0.02403846153846154 0.02403846153846154
0 0.45432692307692313 0.46634615384615385 0.02403846153846154 0.02403846153846154
0 0.7043269230769231 0.4903846153846154 0.02403846153846154 0.02403846153846154
0 0.7379807692307693 0.14423076923076925 0.02403846153846154 0.02403846153846154
0 0.8990384615384616 0.07932692307692309 0.02403846153846154 0.02403846153846154
