0 0.5120192307692308 0.9591346153846154 0.02403846153846154 0.02403846153846154
0 0.9086538461538463 0.9447115384615385 0.02403846153846154 0.02403846153846154
0 0.8774038461538463 0.9423076923076924 0.02403846153846154 0.02403846153846154
0 0.8509615384615385 0.9254807692307693 0.02403846153846154 0.02403846153846154
0 0.3653846153846154 0.9230769230769231 0.02403846153846154 0.02403846153846154
0 0.43509615384615385 0.920673076923077 0.02403846153846154 0.02403846153846154
0 0.28605769230769235 0.9182692307692308 0.02403846153846154 0.02403846153846154
0 0.16826923076923078 0.9182692307692308 0.02403846153846154 0.02403846153846154
0 0.5889423076923077 0.8798076923076924 0.02403846153846154 0.02403846153846154
0 0.96875 0.8509615384615385 0.02403846153846154 0.02403846153846154
0 0.2620192307692308 0.8461538461538463 0.02403846153846154 0.02403846153846154
0 0.3076923076923077 0.8365384615384616 0.02403846153846154 0.02403846153846154
0 0.41586538461538464 0.8317307692307693 0.02403846153846154 0.02403846153846154
0 0.8317307692307693 0.8028846153846154 0.02403846153846154 0.02403846153846154
0 0.33653846153846156 0.7307692307692308 0.02403846153846154 0.02403846153846154
0 0.48557692307692313 0.7067307692307693 0.02403846153846154 0.02403846153846154
0 0.3341346153846154 0.6923076923076923 0.02403846153846154 0.02403846153846154
0 0.7740384615384616 0.6875 0.02403846153846154 0.02403846153846154
0 0.5528846153846154 0.6730769230769231 0.02403846153846154 0.02403846153846154
0 0.32211538461538464 0.6682692307692308 0.02403846153846154 0.02403846153846154
0 0.8870192307692308 0.6634615384615385 0.02403846153846154 0.02403846153846154
0 0.5673076923076923 0.6009615384615385 0.02403846153846154 0.02403846153846154
0 0.10576923076923078 0.6033653846153847 0.02403846153846154 0.02403846153846154
0 0.6875 0.5552884615384616 0.02403846153846154 0.02403846153846154
0 0.3557692307692308 0.5216346153846154 0.02403846153846154 0.02403846153846154
0 0.9278846153846154 0.5216346153846154 0.02403846153846154 0.02403846153846154
0 0.14182692307692307 0.49278846153846156 0.02403846153846154 0.02403846153846154
0 0.6105769230769231 0.4903846153846154 0.02403846153846154 0.02403846153846154
0 0.6778846153846154 0.48557692307692313 0.02403846153846154 0.02403846153846154
0 0.25240384615384615 0.4831730769230769 0.02403846153846154 0.02403846153846154
0 0.7908653846153847 0.4711538461538462 0.02403846153846154 0.02403846153846154
0 0.4326923076923077 0.45432692307692313 0.02403846153846154 0.02403846153846154
0 0.6274038461538461 0.4254807692307693 0.02403846153846154 0.02403846153846154
0 0.3341346153846154 0.4206730769230769 0.02403846153846154 0.02403846153846154
0 0.8149038461538461 0.4182692307692308 0.02403846153846154 0.02403846153846154
0 0.889423076923077 0.39903846153846156 0.02403846153846154 0.02403846153846154
0 0.5408653846153847 0.3966346153846154 0.02403846153846154 0.02403846153846154
0 0.3341346153846154 0.375 0.02403846153846154 0.02403846153846154
0 0.34375 0.32211538461538464 0.02403846153846154 0.02403846153846154
0 0.7211538461538461 0.31009615384615385 0.02403846153846154 0.02403846153846154
0 0.8629807692307693 0.22836538461538464 0.02403846153846154 0.02403846153846154
0 0.733173076923077 0.2139423076923077 0.02403846153846154 0.02403846153846154
0 0.9591346153846154 0.16586538461538464 0.02403846153846154 0.02403846153846154
0 0.3509615384615385 0.16105769230769232 0.02403846153846154 0.02403846153846154
0 0.8822115384615385 0.14903846153846154 0.02403846153846154 0.02403846153846154
0 0.07692307692307693 0.12740384615384617 0.02403846153846154 0.02403846153846154
0 0.5985576923076923 0.10096153846153846 0.02403846153846154 0.02403846153846154
0 0.90625 0.07932692307692309 0.02403846153846154 0.02403846153846154
0 0.3822115384615385 0.07692307692307693 0.02403846153846154 0.02403846153846154
0 0.639423076923077 0.06730769230769232 0.02403846153846154 0.02403846153846154
0 0.3918269230769231 0.0625 0.02403846153846154 0.02403846153846154
0 0.670673076923077 0.057692307692307696 0.02403846153846154 0.02403846153846154
0 0.8245192307692308 0.057692307692307696 0.02403846153846154 0.02403846153846154
0 0.6442307692307693 0.03365384615384616 0.02403846153846154 0.02403846153846154
0 0.9158653846153847 0.14182692307692307 0.02403846153846154 0.02403846153846154
0 0.20192307692307693 0.5528846153846154 0.02403846153846154 0.02403846153846154
0 0.2572115384615385 0.7091346153846154 0.02403846153846154 0.02403846153846154
0 0.4879807692307693 0.889423076923077 0.02403846153846154 0.02403846153846154
