0 0.608173076923077 0.9591346153846154 0.02403846153846154 0.02403846153846154
0 0.028846153846153848 0.9495192307692308 0.02403846153846154 0.02403846153846154
0 0.6658653846153847 0.9399038461538463 0.02403846153846154 0.02403846153846154
0 0.7475961538461539 0.9158653846153847 0.02403846153846154 0.02403846153846154
0 0.6826923076923077 0.9086538461538463 0.02403846153846154 0.02403846153846154
0 0.43028846153846156 0.9086538461538463 0.02403846153846154 0.02403846153846154
0 0.2884615384615385 0.8918269230769231 0.02403846153846154 0.02403846153846154
0 0.2572115384615385 0.889423076923077 0.02403846153846154 0.02403846153846154
0 0.4206730769230769 0.8798076923076924 0.02403846153846154 0.02403846153846154
0 0.3774038461538462 0.8774038461538463 0.02403846153846154 0.02403846153846154
0 0.23076923076923078 0.8725961538461539 0.02403846153846154 0.02403846153846154
0 0.8365384615384616 0.8100961538461539 0.02403846153846154 0.02403846153846154
0 0.96875 0.7908653846153847 0.02403846153846154 0.02403846153846154
0 0.34855769230769235 0.7980769230769231 0.02403846153846154 0.02403846153846154
0 0.8629807692307693 0.7836538461538461 0.02403846153846154 0.02403846153846154
0 0.545673076923077 0.7932692307692308 0.02403846153846154 0.02403846153846154
0 0.9447115384615385 0.7788461538461539 0.02403846153846154 0.02403846153846154
0 0.53125 0.7668269230769231 0.02403846153846154 0.02403846153846154
0 0.8605769230769231 0.7620192307692308 0.02403846153846154 0.02403846153846154
0 0.4519230769230769 0.7620192307692308 0.02403846153846154 0.02403846153846154
0 0.21153846153846156 0.75 0.02403846153846154 0.02403846153846154
0 0.3701923076923077 0.7283653846153847 0.02403846153846154 0.02403846153846154
0 0.8509615384615385 0.6322115384615385 0.02403846153846154 0.02403846153846154
0 0.15384615384615385 0.6346153846153847 0.02403846153846154 0.02403846153846154
0 0.3894230769230769 0.625 0.02403846153846154 0.02403846153846154
0 0.5360576923076923 0.6225961538461539 0.02403846153846154 0.02403846153846154
0 0.2668269230769231 0.6105769230769231 0.02403846153846154 0.02403846153846154
0 0.8774038461538463 0.6033653846153847 0.02403846153846154 0.02403846153846154
0 0.951923076923077 0.5552884615384616 0.02403846153846154 0.02403846153846154
0 0.9110576923076924 0.5240384615384616 0.02403846153846154 0.02403846153846154
0 0.4086538461538462 0.5216346153846154 0.02403846153846154 0.02403846153846154
0 0.7403846153846154 0.5048076923076923 0.02403846153846154 0.02403846153846154
0 0.06730769230769232 0.5024038461538461 0.02403846153846154 0.02403846153846154
0 0.4807692307692308 0.48557692307692313 0.02403846153846154 0.02403846153846154
0 0.3076923076923077 0.46875 0.02403846153846154 0.02403846153846154
0 0.576923076923077 0.46153846153846156 0.02403846153846154 0.02403846153846154
0 0.057692307692307696 0.4326923076923077 0.02403846153846154 0.02403846153846154
0 0.17067307692307693 0.4182692307692308 0.02403846153846154 0.02403846153846154
0 0.8918269230769231 0.40625 0.02403846153846154 0.02403846153846154
0 0.3557692307692308 0.3966346153846154 0.02403846153846154 0.02403846153846154
0 0.4447115384615385 0.3870192307692308 0.02403846153846154 0.02403846153846154
0 0.19471153846153846 0.3653846153846154 0.02403846153846154 0.02403846153846154
0 0.2692307692307693 0.34615384615384615 0.02403846153846154 0.02403846153846154
0 0.8125 0.3197115384615385 0.02403846153846154 0.02403846153846154
0 0.5697115384615385 0.3125 0.02403846153846154 0.02403846153846154
0 0.7740384615384616 0.30528846153846156 0.02403846153846154 0.02403846153846154
0 0.5961538461538461 0.3028846153846154 0.02403846153846154 0.02403846153846154
0 0.5336538461538461 0.28125 0.02403846153846154 0.02403846153846154
0 0.10096153846153846 0.2572115384615385 0.02403846153846154 0.02403846153846154
0 0.9134615384615385 0.25480769230769235 0.02403846153846154 0.02403846153846154
0 0.4879807692307693 0.2451923076923077 0.02403846153846154 0.02403846153846154
0 0.5625 0.24278846153846156 0.02403846153846154 0.02403846153846154
0 0.9495192307692308 0.22355769230769232 0.02403846153846154 0.02403846153846154
0 0.5985576923076923 0.19230769230769232 0.02403846153846154 0.02403846153846154
0 0.24278846153846156 0.17548076923076925 0.02403846153846154 0.02403846153846154
0 0.11298076923076923 0.16105769230769232 0.02403846153846154 0.02403846153846154
0 0.3389423076923077 0.11298076923076923 0.02403846153846154 0.02403846153846154
0 0.2620192307692308 0.09615384615384616 0.02403846153846154 0.02403846153846154
0 0.5336538461538461 0.057692307692307696 0.02403846153846154 0.02403846153846154
0 0.6201923076923077 0.038461538461538464 0.02403846153846154 0.02403846153846154
0 0.28605769230769235 0.026442307692307696 0.02403846153846154 0.02403846153846154
0 0.2956730769230769 0.0889423076923077 0.02403846153846154 0.02403846153846154
0 0.9447115384615385 0.38461538461538464 0.02403846153846154 0.02403846153846154
0 0.545673076923077 0.11298076923076923 0.02403846153846154 0.02403846153846154
