0 0.02403846153846154 0.9447115384615385 0.02403846153846154 0.02403846153846154
0 0.8533653846153847 0.9110576923076924 0.02403846153846154 0.02403846153846154
0 0.21875 0.889423076923077 0.02403846153846154 0.02403846153846154
0 0.8870192307692308 0.8798076923076924 0.02403846153846154 0.02403846153846154
0 0.30528846153846156 0.8701923076923077 0.02403846153846154 0.02403846153846154
0 0.09855769230769232 0.8221153846153847 0.02403846153846154 0.02403846153846154
0 0.13221153846153846 0.8197115384615385 0.02403846153846154 0.02403846153846154
0 0.23317307692307693 0.8149038461538461 0.02403846153846154 0.02403846153846154
0 0.07692307692307693 0.7884615384615385 0.02403846153846154 0.02403846153846154
0 0.28365384615384615 0.733173076923077 0.02403846153846154 0.02403846153846154
0 0.14903846153846154 0.71875 0.02403846153846154 0.02403846153846154
0 0.6826923076923077 0.7163461538461539 0.02403846153846154 0.02403846153846154
0 0.8533653846153847 0.7091346153846154 0.02403846153846154 0.02403846153846154
0 0.5889423076923077 0.7091346153846154 0.02403846153846154 0.02403846153846154
0 0.24278846153846156 0.6947115384615385 0.02403846153846154 0.02403846153846154
0 0.7067307692307693 0.6826923076923077 0.02403846153846154 0.02403846153846154
0 0.41586538461538464 0.6634615384615385 0.02403846153846154 0.02403846153846154
0 0.8341346153846154 0.6610576923076923 0.02403846153846154 0.02403846153846154
0 0.3581730769230769 0.65625 0.02403846153846154 0.02403846153846154
0 0.6490384615384616 0.6490384615384616 0.02403846153846154 0.02403846153846154
0 0.5841346153846154 0.6322115384615385 0.02403846153846154 0.02403846153846154
0 0.5504807692307693 0.6274038461538461 0.02403846153846154 0.02403846153846154
0 0.47355769230769235 0.6298076923076923 0.02403846153846154 0.02403846153846154
0 0.5336538461538461 0.6177884615384616 0.02403846153846154 0.02403846153846154
0 0.8870192307692308 0.5961538461538461 0.02403846153846154 0.02403846153846154
0 0.37980769230769235 0.5889423076923077 0.02403846153846154 0.02403846153846154
0 0.43509615384615385 0.5625 0.02403846153846154 0.02403846153846154
0 0.2716346153846154 0.53125 0.02403846153846154 0.02403846153846154
0 0.3822115384615385 0.5288461538461539 0.02403846153846154 0.02403846153846154
0 0.28605769230769235 0.5168269230769231 0.02403846153846154 0.02403846153846154
0 0.25480769230769235 0.5024038461538461 0.02403846153846154 0.02403846153846154
0 0.75 0.4903846153846154 0.02403846153846154 0.02403846153846154
0 0.9086538461538463 0.47355769230769235 0.02403846153846154 0.02403846153846154
0 0.6682692307692308 0.4711538461538462 0.02403846153846154 0.02403846153846154
0 0.40384615384615385 0.4567307692307693 0.02403846153846154 0.02403846153846154
0 0.6274038461538461 0.4495192307692308 0.02403846153846154 0.02403846153846154
0 0.14903846153846154 0.44230769230769235 0.02403846153846154 0.02403846153846154
0 0.9663461538461539 0.4447115384615385 0.02403846153846154 0.02403846153846154
0 0.8533653846153847 0.43028846153846156 0.02403846153846154 0.02403846153846154
0 0.46634615384615385 0.42307692307692313 0.02403846153846154 0.02403846153846154
0 0.3581730769230769 0.4254807692307693 0.02403846153846154 0.02403846153846154
0 0.22355769230769232 0.4206730769230769 0.02403846153846154 0.02403846153846154
0 0.5552884615384616 0.4086538461538462 0.02403846153846154 0.02403846153846154
0 0.8413461538461539 0.4014423076923077 0.02403846153846154 0.02403846153846154
0 0.7668269230769231 0.3966346153846154 0.02403846153846154 0.02403846153846154
0 0.17067307692307693 0.39903846153846156 0.02403846153846154 0.02403846153846154
0 0.6634615384615385 0.3894230769230769 0.02403846153846154 0.02403846153846154
0 0.5793269230769231 0.36778846153846156 0.02403846153846154 0.02403846153846154
0 0.4278846153846154 0.3581730769230769 0.02403846153846154 0.02403846153846154
0 0.25240384615384615 0.3581730769230769 0.02403846153846154 0.02403846153846154
0 0.6514423076923077 0.33653846153846156 0.02403846153846154 0.02403846153846154
0 0.13942307692307693 0.3317307692307693 0.02403846153846154 0.02403846153846154
0 0.7235576923076924 0.3269230769230769 0.02403846153846154 0.02403846153846154
0 0.3774038461538462 0.3245192307692308 0.02403846153846154 0.02403846153846154
0 0.10096153846153846 0.3197115384615385 0.02403846153846154 0.02403846153846154
0 0.07932692307692309 0.3076923076923077 0.02403846153846154 0.02403846153846154
0 0.15384615384615385 0.2884615384615385 0.02403846153846154 0.02403846153846154
0 0.5288461538461539 0.28605769230769235 0.02403846153846154 0.02403846153846154
0 0.28605769230769235 0.28605769230769235 0.02403846153846154 0.02403846153846154
0 0.5576923076923077 0.28365384615384615 0.02403846153846154 0.02403846153846154
0 0.4639423076923077 0.27884615384615385 0.02403846153846154 0.02403846153846154
0 0.23317307692307693 0.27403846153846156 0.02403846153846154 0.02403846153846154
0 0.5865384615384616 0.25961538461538464 0.02403846153846154 0.02403846153846154
0 0.6418269230769231 0.24278846153846156 0.02403846153846154 0.02403846153846154
0 0.40625 0.23076923076923078 0.02403846153846154 0.02403846153846154
0 0.19951923076923078 0.23317307692307693 0.02403846153846154 0.02403846153846154
0 0.3581730769230769 0.21875 0.02403846153846154 0.02403846153846154
0 0.7259615384615385 0.21875 0.02403846153846154 0.02403846153846154
0 0.02403846153846154 0.21153846153846156 0.02403846153846154 0.02403846153846154
0 0.10817307692307693 0.20192307692307693 0.02403846153846154 0.02403846153846154
0 0.3389423076923077 0.19471153846153846 0.02403846153846154 0.02403846153846154
0 0.8701923076923077 0.18509615384615385 0.02403846153846154 0.02403846153846154
0 0.8052884615384616 0.18509615384615385 0.02403846153846154 0.02403846153846154
0 0.2980769230769231 0.18028846153846154 0.02403846153846154 0.02403846153846154
0 0.5913461538461539 0.16826923076923078 0.02403846153846154 0.02403846153846154
0 0.125 0.13942307692307693 0.02403846153846154 0.02403846153846154
0 0.5480769230769231 0.13701923076923078 0.02403846153846154 0.02403846153846154
0 0.5 0.13461538461538464 0.02403846153846154 0.02403846153846154
0 0.3269230769230769 0.14182692307692307 0.02403846153846154 0.02403846153846154
0 0.9663461538461539 0.13461538461538464 0.02403846153846154 0.02403846153846154
0 0.6153846153846154 0.13221153846153846 0.02403846153846154 0.02403846153846154
0 0.4086538461538462 0.125 0.02403846153846154 0.02403846153846154
0 0.53125 0.125 0.02403846153846154 0.02403846153846154
0 0.3028846153846154 0.12980769230769232 0.02403846153846154 0.02403846153846154
0 0.9254807692307693 0.1201923076923077 0.02403846153846154 0.02403846153846154
0 0.28125 0.11538461538461539 0.02403846153846154 0.02403846153846154
0 0.608173076923077 0.10576923076923078 0.02403846153846154 0.02403846153846154
0 0.12740384615384617 0.10576923076923078 0.02403846153846154 0.02403846153846154
0 0.22836538461538464 0.08653846153846154 0.02403846153846154 0.02403846153846154
0 0.12259615384615385 0.08413461538461539 0.02403846153846154 0.02403846153846154
0 0.9014423076923077 0.07932692307692309 0.02403846153846154 0.02403846153846154
0 0.5793269230769231 0.07692307692307693 0.02403846153846154 0.02403846153846154
0 0.7596153846153847 0.06730769230769232 0.02403846153846154 0.02403846153846154
0 0.8125 0.06971153846153846 0.02403846153846154 0.02403846153846154
0 0.6538461538461539 0.06490384615384616 0.02403846153846154 0.02403846153846154
0 0.8918269230769231 0.057692307692307696 0.02403846153846154 0.02403846153846154
0 0.84375 0.04567307692307693 0.02403846153846154 0.02403846153846154
0 0.6442307692307693 0.03125 0.02403846153846154 0.02403846153846154
0 0.2884615384615385 0.07451923076923077 0.02403846153846154 0.02403846153846154
0 0.6947115384615385 0.8990384615384616 0.02403846153846154 0.02403846153846154
0 0.9711538461538463 0.2764423076923077 0.02403846153846154 0.02403846153846154
0 0.9423076923076924 0.22115384615384617 0.02403846153846154 0.02403846153846154
0 0.8197115384615385 0.10336538461538462 0.02403846153846154 0.02403846153846154
0 0.23076923076923078 0.9447115384615385 0.02403846153846154 0.02403846153846154
0 0.2644230769230769 0.5985576923076923 0.02403846153846154 0.02403846153846154
0 0.4254807692307693 0.5336538461538461 0.02403846153846154 0.02403846153846154
0 0.5384615384615385 0.3293269230769231 0.02403846153846154 0.02403846153846154
0 0.8605769230769231 0.3076923076923077 0.02403846153846154 0.02403846153846154
0 0.7668269230769231 0.5048076923076923 0.02403846153846154 0.02403846153846154
