0 0.22115384615384617 0.9495192307692308 0.02403846153846154 0.02403846153846154
0 0.4639423076923077 0.9495192307692308 0.02403846153846154 0.02403846153846154
0 0.6634615384615385 0.9375 0.02403846153846154 0.02403846153846154
0 0.5336538461538461 0.920673076923077 0.02403846153846154 0.02403846153846154
0 0.5096153846153847 0.8990384615384616 0.02403846153846154 0.02403846153846154
0 0.2043269230769231 0.8966346153846154 0.02403846153846154 0.02403846153846154
0 0.09615384615384616 0.8822115384615385 0.02403846153846154 0.02403846153846154
0 0.5432692307692308 0.875 0.02403846153846154 0.02403846153846154
0 0.11778846153846155 0.8629807692307693 0.02403846153846154 0.02403846153846154
0 0.6153846153846154 0.8677884615384616 0.02403846153846154 0.02403846153846154
0 0.8100961538461539 0.8245192307692308 0.02403846153846154 0.02403846153846154
0 0.9447115384615385 0.8100961538461539 0.02403846153846154 0.02403846153846154
0 0.43028846153846156 0.7860576923076924 0.02403846153846154 0.02403846153846154
0 0.20192307692307693 0.7836538461538461 0.02403846153846154 0.02403846153846154
0 0.06730769230769232 0.7836538461538461 0.02403846153846154 0.02403846153846154
0 0.4591346153846154 0.7716346153846154 0.02403846153846154 0.02403846153846154
0 0.07932692307692309 0.7620192307692308 0.02403846153846154 0.02403846153846154
0 0.875 0.7740384615384616 0.02403846153846154 0.02403846153846154
0 0.59375 0.7235576923076924 0.02403846153846154 0.02403846153846154
0 0.16105769230769232 0.7235576923076924 0.02403846153846154 0.02403846153846154
0 0.12259615384615385 0.7211538461538461 0.02403846153846154 0.02403846153846154
0 0.6274038461538461 0.71875 0.02403846153846154 0.02403846153846154
0 0.84375 0.7211538461538461 0.02403846153846154 0.02403846153846154
0 0.608173076923077 0.7115384615384616 0.02403846153846154 0.02403846153846154
0 0.6610576923076923 0.6995192307692308 0.02403846153846154 0.02403846153846154
0 0.5552884615384616 0.6947115384615385 0.02403846153846154 0.02403846153846154
0 0.09134615384615385 0.6947115384615385 0.02403846153846154 0.02403846153846154
0 0.7259615384615385 0.6971153846153847 0.02403846153846154 0.02403846153846154
0 0.19471153846153846 0.6826923076923077 0.02403846153846154 0.02403846153846154
0 0.6177884615384616 0.6610576923076923 0.02403846153846154 0.02403846153846154
0 0.5048076923076923 0.6009615384615385 0.02403846153846154 0.02403846153846154
0 0.96875 0.5985576923076923 0.02403846153846154 0.02403846153846154
0 0.5120192307692308 0.5528846153846154 0.02403846153846154 0.02403846153846154
0 0.9399038461538463 0.5480769230769231 0.02403846153846154 0.02403846153846154
0 0.9663461538461539 0.5096153846153847 0.02403846153846154 0.02403846153846154
0 0.14182692307692307 0.4807692307692308 0.02403846153846154 0.02403846153846154
0 0.10576923076923078 0.4807692307692308 0.02403846153846154 0.02403846153846154
0 0.39903846153846156 0.4254807692307693 0.02403846153846154 0.02403846153846154
0 0.2572115384615385 0.4278846153846154 0.02403846153846154 0.02403846153846154
0 0.29086538461538464 0.40384615384615385 0.02403846153846154 0.02403846153846154
0 0.6105769230769231 0.38461538461538464 0.02403846153846154 0.02403846153846154
0 0.03365384615384616 0.3605769230769231 0.02403846153846154 0.02403846153846154
0 0.7283653846153847 0.34855769230769235 0.02403846153846154 0.02403846153846154
0 0.7788461538461539 0.3341346153846154 0.02403846153846154 0.02403846153846154
0 0.3701923076923077 0.3269230769230769 0.02403846153846154 0.02403846153846154
0 0.6899038461538461 0.28365384615384615 0.02403846153846154 0.02403846153846154
0 0.6586538461538461 0.2764423076923077 0.02403846153846154 0.02403846153846154
0 0.05048076923076923 0.2572115384615385 0.02403846153846154 0.02403846153846154
0 0.36778846153846156 0.2403846153846154 0.02403846153846154 0.02403846153846154
0 0.41586538461538464 0.22596153846153846 0.02403846153846154 0.02403846153846154
0 0.9086538461538463 0.23076923076923078 0.02403846153846154 0.02403846153846154
0 0.6129807692307693 0.21634615384615385 0.02403846153846154 0.02403846153846154
0 0.8389423076923077 0.19471153846153846 0.02403846153846154 0.02403846153846154
0 0.2572115384615385 0.15865384615384617 0.02403846153846154 0.02403846153846154
0 0.46875 0.1466346153846154 0.02403846153846154 0.02403846153846154
0 0.026442307692307696 0.14903846153846154 0.02403846153846154 0.02403846153846154
0 0.21634615384615385 0.08173076923076923 0.02403846153846154 0.02403846153846154
0 0.6129807692307693 0.07451923076923077 0.02403846153846154 0.02403846153846154
0 0.3701923076923077 0.06009615384615385 0.02403846153846154 0.02403846153846154
0 0.5480769230769231 0.3918269230769231 0.02403846153846154 0.02403846153846154
0 0.4903846153846154 0.41105769230769235 0.02403846153846154 0.02403846153846154
0 0.10576923076923078 0.27403846153846156 0.02403846153846154 0.02403846153846154
0 0.5528846153846154 0.34375 0.02403846153846154 0.02403846153846154
0 0.46875 0.46634615384615385 0.02403846153846154 0.02403846153846154
0 0.3317307692307693 0.24278846153846156 0.02403846153846154 0.02403846153846154
0 0.16346153846153846 0.20192307692307693 0.02403846153846154 0.02403846153846154
