0 0.026442307692307696 0.9447115384615385 0.02403846153846154 0.02403846153846154
0 0.13942307692307693 0.9326923076923077 0.02403846153846154 0.02403846153846154
0 0.22836538461538464 0.9158653846153847 0.02403846153846154 0.02403846153846154
0 0.2980769230769231 0.875 0.02403846153846154 0.02403846153846154
0 0.10817307692307693 0.8942307692307693 0.02403846153846154 0.02403846153846154
0 0.7283653846153847 0.8725961538461539 0.02403846153846154 0.02403846153846154
0 0.07451923076923077 0.8485576923076924 0.02403846153846154 0.02403846153846154
0 0.795673076923077 0.8389423076923077 0.02403846153846154 0.02403846153846154
0 0.6995192307692308 0.826923076923077 0.02403846153846154 0.02403846153846154
0 0.9350961538461539 0.8173076923076924 0.02403846153846154 0.02403846153846154
0 0.670673076923077 0.8149038461538461 0.02403846153846154 0.02403846153846154
0 0.3605769230769231 0.8076923076923077 0.02403846153846154 0.02403846153846154
0 0.17548076923076925 0.7932692307692308 0.02403846153846154 0.02403846153846154
0 0.23317307692307693 0.7836538461538461 0.02403846153846154 0.02403846153846154
0 0.5552884615384616 0.78125 0.02403846153846154 0.02403846153846154
0 0.1201923076923077 0.764423076923077 0.02403846153846154 0.02403846153846154
0 0.0889423076923077 0.7572115384615385 0.02403846153846154 0.02403846153846154
0 0.29086538461538464 0.7572115384615385 0.02403846153846154 0.02403846153846154
0 0.1875 0.7475961538461539 0.02403846153846154 0.02403846153846154
0 0.13942307692307693 0.7379807692307693 0.02403846153846154 0.02403846153846154
0 0.8629807692307693 0.7307692307692308 0.02403846153846154 0.02403846153846154
0 0.16105769230769232 0.7211538461538461 0.02403846153846154 0.02403846153846154
0 0.6899038461538461 0.7163461538461539 0.02403846153846154 0.02403846153846154
0 0.5120192307692308 0.7211538461538461 0.02403846153846154 0.02403846153846154
0 0.3341346153846154 0.7163461538461539 0.02403846153846154 0.02403846153846154
0 0.19711538461538464 0.71875 0.02403846153846154 0.02403846153846154
0 0.040865384615384616 0.71875 0.02403846153846154 0.02403846153846154
0 0.3557692307692308 0.7067307692307693 0.02403846153846154 0.02403846153846154
0 0.3197115384615385 0.7067307692307693 0.02403846153846154 0.02403846153846154
0 0.05288461538461539 0.7043269230769231 0.02403846153846154 0.02403846153846154
0 0.2403846153846154 0.6995192307692308 0.02403846153846154 0.02403846153846154
0 0.07692307692307693 0.6899038461538461 0.02403846153846154 0.02403846153846154
0 0.3918269230769231 0.6802884615384616 0.02403846153846154 0.02403846153846154
0 0.37980769230769235 0.6682692307692308 0.02403846153846154 0.02403846153846154
0 0.46634615384615385 0.6634615384615385 0.02403846153846154 0.02403846153846154
0 0.21153846153846156 0.6634615384615385 0.02403846153846154 0.02403846153846154
0 0.9663461538461539 0.6610576923076923 0.02403846153846154 0.02403846153846154
0 0.47355769230769235 0.6418269230769231 0.02403846153846154 0.02403846153846154
0 0.49759615384615385 0.6346153846153847 0.02403846153846154 0.02403846153846154
0 0.6899038461538461 0.6105769230769231 0.02403846153846154 0.02403846153846154
0 0.06971153846153846 0.6009615384615385 0.02403846153846154 0.02403846153846154
0 0.38461538461538464 0.5576923076923077 0.02403846153846154 0.02403846153846154
0 0.05288461538461539 0.5576923076923077 0.02403846153846154 0.02403846153846154
0 0.6177884615384616 0.5552884615384616 0.02403846153846154 0.02403846153846154
0 0.4879807692307693 0.5384615384615385 0.02403846153846154 0.02403846153846154
0 0.25961538461538464 0.53125 0.02403846153846154 0.02403846153846154
0 0.8365384615384616 0.4903846153846154 0.02403846153846154 0.02403846153846154
0 0.5384615384615385 0.4879807692307693 0.02403846153846154 0.02403846153846154
0 0.6514423076923077 0.46153846153846156 0.02403846153846154 0.02403846153846154
0 0.3125 0.42307692307692313 0.02403846153846154 0.02403846153846154
0 0.7548076923076924 0.41105769230769235 0.02403846153846154 0.02403846153846154
0 0.4591346153846154 0.4086538461538462 0.02403846153846154 0.02403846153846154
0 0.3918269230769231 0.40384615384615385 0.02403846153846154 0.02403846153846154
0 0.8533653846153847 0.3894230769230769 0.02403846153846154 0.02403846153846154
0 0.7620192307692308 0.3894230769230769 0.02403846153846154 0.02403846153846154
0 0.4951923076923077 0.3894230769230769 0.02403846153846154 0.02403846153846154
0 0.08173076923076923 0.375 0.02403846153846154 0.02403846153846154
0 0.48557692307692313 0.3629807692307693 0.02403846153846154 0.02403846153846154
0 0.5600961538461539 0.34855769230769235 0.02403846153846154 0.02403846153846154
0 0.2764423076923077 0.3389423076923077 0.02403846153846154 0.02403846153846154
0 0.5336538461538461 0.3317307692307693 0.02403846153846154 0.02403846153846154
0 0.9350961538461539 0.3028846153846154 0.02403846153846154 0.02403846153846154
0 0.4182692307692308 0.3004807692307693 0.02403846153846154 0.02403846153846154
0 0.44230769230769235 0.2884615384615385 0.02403846153846154 0.02403846153846154
0 0.5528846153846154 0.27884615384615385 0.02403846153846154 0.02403846153846154
0 0.3245192307692308 0.2668269230769231 0.02403846153846154 0.02403846153846154
0 0.6153846153846154 0.2716346153846154 0.02403846153846154 0.02403846153846154
0 0.4182692307692308 0.25240384615384615 0.02403846153846154 0.02403846153846154
0 0.06009615384615385 0.25 0.02403846153846154 0.02403846153846154
0 0.43509615384615385 0.24759615384615385 0.02403846153846154 0.02403846153846154
0 0.3605769230769231 0.24759615384615385 0.02403846153846154 0.02403846153846154
0 0.3870192307692308 0.2355769230769231 0.02403846153846154 0.02403846153846154
0 0.8557692307692308 0.23076923076923078 0.02403846153846154 0.02403846153846154
0 0.4903846153846154 0.22355769230769232 0.02403846153846154 0.02403846153846154
0 0.43028846153846156 0.21153846153846156 0.02403846153846154 0.02403846153846154
0 0.02403846153846154 0.20673076923076925 0.02403846153846154 0.02403846153846154
0 0.5360576923076923 0.2043269230769231 0.02403846153846154 0.02403846153846154
0 0.7139423076923077 0.19471153846153846 0.02403846153846154 0.02403846153846154
0 0.576923076923077 0.19471153846153846 0.02403846153846154 0.02403846153846154
0 0.6514423076923077 0.1778846153846154 0.02403846153846154 0.02403846153846154
0 0.2932692307692308 0.17548076923076925 0.02403846153846154 0.02403846153846154
0 0.7451923076923077 0.16105769230769232 0.02403846153846154 0.02403846153846154
0 0.19471153846153846 0.15865384615384617 0.02403846153846154 0.02403846153846154
0 0.04326923076923077 0.15625 0.02403846153846154 0.02403846153846154
0 0.3894230769230769 0.15384615384615385 0.02403846153846154 0.02403846153846154
0 0.6225961538461539 0.13942307692307693 0.02403846153846154 0.02403846153846154
0 0.7475961538461539 0.13461538461538464 0.02403846153846154 0.02403846153846154
0 0.5793269230769231 0.12980769230769232 0.02403846153846154 0.02403846153846154
0 0.09375 0.12980769230769232 0.02403846153846154 0.02403846153846154
0 0.7235576923076924 0.11057692307692309 0.02403846153846154 0.02403846153846154
0 0.39903846153846156 0.08173076923076923 0.02403846153846154 0.02403846153846154
0 0.03125 0.06971153846153846 0.02403846153846154 0.02403846153846154
0 0.13942307692307693 0.06730769230769232 0.02403846153846154 0.02403846153846154
0 0.29086538461538464 0.06490384615384616 0.02403846153846154 0.02403846153846154
0 0.8653846153846154 0.0625 0.02403846153846154 0.02403846153846154
0 0.44230769230769235 0.05528846153846154 0.02403846153846154 0.02403846153846154
0 0.9230769230769231 0.03605769230769231 0.02403846153846154 0.02403846153846154
0 0.7668269230769231 0.03605769230769231 0.02403846153846154 0.02403846153846154
0 0.1875 0.03125 0.02403846153846154 0.02403846153846154
0 0.13221153846153846 0.03125 0.02403846153846154 0.02403846153846154
0 0.53125 0.028846153846153848 0.02403846153846154 0.02403846153846154
0 0.8100961538461539 0.02403846153846154 0.02403846153846154 0.02403846153846154
0 0.9038461538461539 0.6225961538461539 0.02403846153846154 0.02403846153846154
0 0.9399038461538463 0.7692307692307693 0.02403846153846154 0.02403846153846154
0 0.40384615384615385 0.6129807692307693 0.02403846153846154 0.02403846153846154
0 0.6682692307692308 0.3389423076923077 0.02403846153846154 0.02403846153846154
0 0.4639423076923077 0.4903846153846154 0.02403846153846154 0.02403846153846154
0 0.4567307692307693 0.8173076923076924 0.02403846153846154 0.02403846153846154
0 0.5721153846153847 0.84375 0.02403846153846154 0.02403846153846154
