0 0.5360576923076923 0.9711538461538463 0.02403846153846154 0.02403846153846154
0 0.36778846153846156 0.9615384615384616 0.02403846153846154 0.02403846153846154
0 0.71875 0.9471153846153847 0.02403846153846154 0.02403846153846154
0 0.13942307692307693 0.9423076923076924 0.02403846153846154 0.02403846153846154
0 0.34134615384615385 0.9302884615384616 0.02403846153846154 0.02403846153846154
0 0.6538461538461539 0.9230769230769231 0.02403846153846154 0.02403846153846154
0 0.17067307692307693 0.9110576923076924 0.02403846153846154 0.02403846153846154
0 0.03125 0.8822115384615385 0.02403846153846154 0.02403846153846154
0 0.6322115384615385 0.8509615384615385 0.02403846153846154 0.02403846153846154
0 0.5168269230769231 0.826923076923077 0.02403846153846154 0.02403846153846154
0 0.3509615384615385 0.8004807692307693 0.02403846153846154 0.02403846153846154
0 0.5168269230769231 0.8028846153846154 0.02403846153846154 0.02403846153846154
0 0.8052884615384616 0.7836538461538461 0.02403846153846154 0.02403846153846154
0 0.608173076923077 0.7740384615384616 0.02403846153846154 0.02403846153846154
0 0.6442307692307693 0.75 0.02403846153846154 0.02403846153846154
0 0.6850961538461539 0.6875 0.02403846153846154 0.02403846153846154
0 0.5384615384615385 0.6802884615384616 0.02403846153846154 0.02403846153846154
0 0.06730769230769232 0.6778846153846154 0.02403846153846154 0.02403846153846154
0 0.9182692307692308 0.5360576923076923 0.02403846153846154 0.02403846153846154
0 0.8942307692307693 0.43509615384615385 0.02403846153846154 0.02403846153846154
0 0.30528846153846156 0.4134615384615385 0.02403846153846154 0.02403846153846154
0 0.9471153846153847 0.40625 0.02403846153846154 0.02403846153846154
0 0.20192307692307693 0.3870192307692308 0.02403846153846154 0.02403846153846154
0 0.7307692307692308 0.3197115384615385 0.02403846153846154 0.02403846153846154
0 0.75 0.30528846153846156 0.02403846153846154 0.02403846153846154
0 0.9639423076923077 0.3028846153846154 0.02403846153846154 0.02403846153846154
0 0.8846153846153847 0.28125 0.02403846153846154 0.02403846153846154
0 0.514423076923077 0.2644230769230769 0.02403846153846154 0.02403846153846154
0 0.8293269230769231 0.25480769230769235 0.02403846153846154 0.02403846153846154
0 0.3557692307692308 0.24759615384615385 0.02403846153846154 0.02403846153846154
0 0.5889423076923077 0.21153846153846156 0.02403846153846154 0.02403846153846154
0 0.6730769230769231 0.2043269230769231 0.02403846153846154 0.02403846153846154
0 0.9399038461538463 0.19471153846153846 0.02403846153846154 0.02403846153846154
0 0.25961538461538464 0.18028846153846154 0.02403846153846154 0.02403846153846154
0 0.7403846153846154 0.09134615384615385 0.02403846153846154 0.02403846153846154
0 0.9302884615384616 0.06971153846153846 0.02403846153846154 0.02403846153846154
0 0.3004807692307693 0.7355769230769231 0.02403846153846154 0.02403846153846154
0 0.576923076923077 0.6105769230769231 0.02403846153846154 0.02403846153846154
0 0.5697115384615385 0.6298076923076923 0.02403846153846154 0.02403846153846154
0 0.5240384615384616 0.34615384615384615 0.02403846153846154 0.02403846153846154
0 0.32211538461538464 0.3942307692307693 0.02403846153846154 0.02403846153846154
0 0.8245192307692308 0.3918269230769231 0.02403846153846154 0.02403846153846154
