0 0.2043269230769231 0.9615384615384616 0.02403846153846154 0.02403846153846154
0 0.03605769230769231 0.9567307692307693 0.02403846153846154 0.02403846153846154
0 0.8557692307692308 0.9423076923076924 0.02403846153846154 0.02403846153846154
0 0.5528846153846154 0.9278846153846154 0.02403846153846154 0.02403846153846154
0 0.3341346153846154 0.920673076923077 0.02403846153846154 0.02403846153846154
0 0.5913461538461539 0.8990384615384616 0.02403846153846154 0.02403846153846154
0 0.7043269230769231 0.8870192307692308 0.02403846153846154 0.02403846153846154
0 0.5528846153846154 0.8798076923076924 0.02403846153846154 0.02403846153846154
0 0.7932692307692308 0.8701923076923077 0.02403846153846154 0.02403846153846154
0 0.35336538461538464 0.8653846153846154 0.02403846153846154 0.02403846153846154
0 0.8629807692307693 0.8293269230769231 0.02403846153846154 0.02403846153846154
0 0.6730769230769231 0.8485576923076924 0.02403846153846154 0.02403846153846154
0 0.16826923076923078 0.8197115384615385 0.02403846153846154 0.02403846153846154
0 0.639423076923077 0.8028846153846154 0.02403846153846154 0.02403846153846154
0 0.45432692307692313 0.8125 0.02403846153846154 0.02403846153846154
0 0.5745192307692308 0.7836538461538461 0.02403846153846154 0.02403846153846154
0 0.13461538461538464 0.7788461538461539 0.02403846153846154 0.02403846153846154
0 0.9254807692307693 0.7620192307692308 0.02403846153846154 0.02403846153846154
0 0.7403846153846154 0.7475961538461539 0.02403846153846154 0.02403846153846154
0 0.5600961538461539 0.7524038461538461 0.02403846153846154 0.02403846153846154
0 0.7980769230769231 0.7379807692307693 0.02403846153846154 0.02403846153846154
0 0.47836538461538464 0.7307692307692308 0.02403846153846154 0.02403846153846154
0 0.6850961538461539 0.71875 0.02403846153846154 0.02403846153846154
0 0.03605769230769231 0.7163461538461539 0.02403846153846154 0.02403846153846154
0 0.6538461538461539 0.7115384615384616 0.02403846153846154 0.02403846153846154
0 0.8557692307692308 0.7115384615384616 0.02403846153846154 0.02403846153846154
0 0.1514423076923077 0.7067307692307693 0.02403846153846154 0.02403846153846154
0 0.7524038461538461 0.701923076923077 0.02403846153846154 0.02403846153846154
0 0.25 0.6947115384615385 0.02403846153846154 0.02403846153846154
0 0.7043269230769231 0.6923076923076923 0.02403846153846154 0.02403846153846154
0 0.7259615384615385 0.6754807692307693 0.02403846153846154 0.02403846153846154
0 0.8990384615384616 0.670673076923077 0.02403846153846154 0.02403846153846154
0 0.7620192307692308 0.6730769230769231 0.02403846153846154 0.02403846153846154
0 0.6057692307692308 0.6730769230769231 0.02403846153846154 0.02403846153846154
0 0.920673076923077 0.6610576923076923 0.02403846153846154 0.02403846153846154
0 0.8846153846153847 0.6610576923076923 0.02403846153846154 0.02403846153846154
0 0.6177884615384616 0.6586538461538461 0.02403846153846154 0.02403846153846154
0 0.8052884615384616 0.6538461538461539 0.02403846153846154 0.02403846153846154
0 0.3269230769230769 0.6490384615384616 0.02403846153846154 0.02403846153846154
0 0.6418269230769231 0.6442307692307693 0.02403846153846154 0.02403846153846154
0 0.9567307692307693 0.6346153846153847 0.02403846153846154 0.02403846153846154
0 0.9447115384615385 0.6225961538461539 0.02403846153846154 0.02403846153846154
0 0.14903846153846154 0.6225961538461539 0.02403846153846154 0.02403846153846154
0 0.7764423076923077 0.6177884615384616 0.02403846153846154 0.02403846153846154
0 0.6346153846153847 0.5552884615384616 0.02403846153846154 0.02403846153846154
0 0.9495192307692308 0.5120192307692308 0.02403846153846154 0.02403846153846154
0 0.6177884615384616 0.5120192307692308 0.02403846153846154 0.02403846153846154
0 0.15865384615384617 0.5072115384615384 0.02403846153846154 0.02403846153846154
0 0.4759615384615385 0.5024038461538461 0.02403846153846154 0.02403846153846154
0 0.22836538461538464 0.5048076923076923 0.02403846153846154 0.02403846153846154
0 0.40625 0.5 0.02403846153846154 0.02403846153846154
0 0.5721153846153847 0.4951923076923077 0.02403846153846154 0.02403846153846154
0 0.8245192307692308 0.48557692307692313 0.02403846153846154 0.02403846153846154
0 0.4326923076923077 0.4759615384615385 0.02403846153846154 0.02403846153846154
0 0.13942307692307693 0.47355769230769235 0.02403846153846154 0.02403846153846154
0 0.23798076923076925 0.4495192307692308 0.02403846153846154 0.02403846153846154
0 0.4495192307692308 0.4206730769230769 0.02403846153846154 0.02403846153846154
0 0.2403846153846154 0.4254807692307693 0.02403846153846154 0.02403846153846154
0 0.5480769230769231 0.3894230769230769 0.02403846153846154 0.02403846153846154
0 0.34615384615384615 0.3894230769230769 0.02403846153846154 0.02403846153846154
0 0.5673076923076923 0.38461538461538464 0.02403846153846154 0.02403846153846154
0 0.8774038461538463 0.3774038461538462 0.02403846153846154 0.02403846153846154
0 0.5024038461538461 0.375 0.02403846153846154 0.02403846153846154
0 0.4182692307692308 0.3653846153846154 0.02403846153846154 0.02403846153846154
0 0.9567307692307693 0.3581730769230769 0.02403846153846154 0.02403846153846154
0 0.6466346153846154 0.3293269230769231 0.02403846153846154 0.02403846153846154
0 0.5432692307692308 0.3341346153846154 0.02403846153846154 0.02403846153846154
0 0.8413461538461539 0.2932692307692308 0.02403846153846154 0.02403846153846154
0 0.28365384615384615 0.28125 0.02403846153846154 0.02403846153846154
0 0.4254807692307693 0.25961538461538464 0.02403846153846154 0.02403846153846154
0 0.2139423076923077 0.2355769230769231 0.02403846153846154 0.02403846153846154
0 0.28605769230769235 0.22596153846153846 0.02403846153846154 0.02403846153846154
0 0.889423076923077 0.22115384615384617 0.02403846153846154 0.02403846153846154
0 0.625 0.2043269230769231 0.02403846153846154 0.02403846153846154
0 0.9254807692307693 0.20192307692307693 0.02403846153846154 0.02403846153846154
0 0.951923076923077 0.18990384615384617 0.02403846153846154 0.02403846153846154
0 0.47836538461538464 0.1826923076923077 0.02403846153846154 0.02403846153846154
0 0.5408653846153847 0.18028846153846154 0.02403846153846154 0.02403846153846154
0 0.2764423076923077 0.16586538461538464 0.02403846153846154 0.02403846153846154
0 0.5889423076923077 0.16105769230769232 0.02403846153846154 0.02403846153846154
0 0.05048076923076923 0.1514423076923077 0.02403846153846154 0.02403846153846154
0 0.858173076923077 0.12980769230769232 0.02403846153846154 0.02403846153846154
0 0.7596153846153847 0.11298076923076923 0.02403846153846154 0.02403846153846154
0 0.608173076923077 0.11057692307692309 0.02403846153846154 0.02403846153846154
0 0.9543269230769231 0.10817307692307693 0.02403846153846154 0.02403846153846154
0 0.5360576923076923 0.10336538461538462 0.02403846153846154 0.02403846153846154
0 0.4134615384615385 0.09134615384615385 0.02403846153846154 0.02403846153846154
0 0.6586538461538461 0.08413461538461539 0.02403846153846154 0.02403846153846154
0 0.07451923076923077 0.08173076923076923 0.02403846153846154 0.02403846153846154
0 0.43028846153846156 0.07451923076923077 0.02403846153846154 0.02403846153846154
0 0.27884615384615385 0.06971153846153846 0.02403846153846154 0.02403846153846154
0 0.20192307692307693 0.06730769230769232 0.02403846153846154 0.02403846153846154
0 0.9639423076923077 0.03605769230769231 0.02403846153846154 0.02403846153846154
0 0.5961538461538461 0.02403846153846154 0.02403846153846154 0.02403846153846154
0 0.18509615384615385 0.9230769230769231 0.02403846153846154 0.02403846153846154
0 0.4567307692307693 0.3605769230769231 0.02403846153846154 0.02403846153846154
0 0.4639423076923077 0.31730769230769235 0.02403846153846154 0.02403846153846154
0 0.3822115384615385 0.4278846153846154 0.02403846153846154 0.02403846153846154
0 0.37259615384615385 0.3774038461538462 0.02403846153846154 0.02403846153846154
0 0.28605769230769235 0.5625 0.02403846153846154 0.02403846153846154
0 0.22355769230769232 0.17067307692307693 0.02403846153846154 0.02403846153846154
0 0.1201923076923077 0.1514423076923077 0.02403846153846154 0.02403846153846154
0 0.96875 0.5673076923076923 0.02403846153846154 0.02403846153846154
0 0.23317307692307693 0.05048076923076923 0.02403846153846154 0.02403846153846154
