0 0.44711538461538464 0.9711538461538463 0.02403846153846154 0.02403846153846154
0 0.13701923076923078 0.9567307692307693 0.02403846153846154 0.02403846153846154
0 0.7668269230769231 0.951923076923077 0.02403846153846154 0.02403846153846154
0 0.18990384615384617 0.9278846153846154 0.02403846153846154 0.02403846153846154
0 0.8846153846153847 0.9158653846153847 0.02403846153846154 0.02403846153846154
0 0.9350961538461539 0.9014423076923077 0.02403846153846154 0.02403846153846154
0 0.5264423076923077 0.8942307692307693 0.02403846153846154 0.02403846153846154
0 0.8461538461538463 0.8509615384615385 0.02403846153846154 0.02403846153846154
0 0.8149038461538461 0.84375 0.02403846153846154 0.02403846153846154
0 0.20673076923076925 0.8245192307692308 0.02403846153846154 0.02403846153846154
0 0.5240384615384616 0.8076923076923077 0.02403846153846154 0.02403846153846154
0 0.12740384615384617 0.8028846153846154 0.02403846153846154 0.02403846153846154
0 0.5721153846153847 0.7932692307692308 0.02403846153846154 0.02403846153846154
0 0.7692307692307693 0.7836538461538461 0.02403846153846154 0.02403846153846154
0 0.07211538461538462 0.7764423076923077 0.02403846153846154 0.02403846153846154
0 0.4134615384615385 0.7259615384615385 0.02403846153846154 0.02403846153846154
0 0.625 0.7139423076923077 0.02403846153846154 0.02403846153846154
0 0.1826923076923077 0.7163461538461539 0.02403846153846154 0.02403846153846154
0 0.37259615384615385 0.6490384615384616 0.02403846153846154 0.02403846153846154
0 0.7692307692307693 0.6418269230769231 0.02403846153846154 0.02403846153846154
0 0.5264423076923077 0.6274038461538461 0.02403846153846154 0.02403846153846154
0 0.21875 0.5865384615384616 0.02403846153846154 0.02403846153846154
0 0.8173076923076924 0.5817307692307693 0.02403846153846154 0.02403846153846154
0 0.6850961538461539 0.5841346153846154 0.02403846153846154 0.02403846153846154
0 0.2620192307692308 0.5552884615384616 0.02403846153846154 0.02403846153846154
0 0.625 0.5528846153846154 0.02403846153846154 0.02403846153846154
0 0.2692307692307693 0.5192307692307693 0.02403846153846154 0.02403846153846154
0 0.5384615384615385 0.514423076923077 0.02403846153846154 0.02403846153846154
0 0.125 0.46153846153846156 0.02403846153846154 0.02403846153846154
0 0.6514423076923077 0.4519230769230769 0.02403846153846154 0.02403846153846154
0 0.875 0.42307692307692313 0.02403846153846154 0.02403846153846154
0 0.71875 0.41105769230769235 0.02403846153846154 0.02403846153846154
0 0.4639423076923077 0.36778846153846156 0.02403846153846154 0.02403846153846154
0 0.07211538461538462 0.3653846153846154 0.02403846153846154 0.02403846153846154
0 0.53125 0.3389423076923077 0.02403846153846154 0.02403846153846154
0 0.8725961538461539 0.32211538461538464 0.02403846153846154 0.02403846153846154
0 0.16346153846153846 0.3245192307692308 0.02403846153846154 0.02403846153846154
0 0.608173076923077 0.31490384615384615 0.02403846153846154 0.02403846153846154
0 0.18509615384615385 0.2572115384615385 0.02403846153846154 0.02403846153846154
0 0.8365384615384616 0.23798076923076925 0.02403846153846154 0.02403846153846154
0 0.5336538461538461 0.22355769230769232 0.02403846153846154 0.02403846153846154
0 0.31490384615384615 0.21634615384615385 0.02403846153846154 0.02403846153846154
0 0.5721153846153847 0.19471153846153846 0.02403846153846154 0.02403846153846154
0 0.6850961538461539 0.1826923076923077 0.02403846153846154 0.02403846153846154
0 0.5336538461538461 0.17548076923076925 0.02403846153846154 0.02403846153846154
0 0.7740384615384616 0.16586538461538464 0.02403846153846154 0.02403846153846154
0 0.3341346153846154 0.16105769230769232 0.02403846153846154 0.02403846153846154
0 0.84375 0.125 0.02403846153846154 0.02403846153846154
0 0.6538461538461539 0.14423076923076925 0.02403846153846154 0.02403846153846154
0 0.14903846153846154 0.11538461538461539 0.02403846153846154 0.02403846153846154
0 0.6201923076923077 0.09855769230769232 0.02403846153846154 0.02403846153846154
0 0.43509615384615385 0.10817307692307693 0.02403846153846154 0.02403846153846154
0 0.5552884615384616 0.07932692307692309 0.02403846153846154 0.02403846153846154
0 0.11538461538461539 0.07451923076923077 0.02403846153846154 0.02403846153846154
0 0.90625 0.057692307692307696 0.02403846153846154 0.02403846153846154
0 0.7211538461538461 0.04326923076923077 0.02403846153846154 0.02403846153846154
0 0.5408653846153847 0.04807692307692308 0.02403846153846154 0.02403846153846154
0 0.7788461538461539 0.03365384615384616 0.02403846153846154 0.02403846153846154
0 0.4591346153846154 0.026442307692307696 0.02403846153846154 0.02403846153846154
0 0.16586538461538464 0.21875 0.02403846153846154 0.02403846153846154
0 0.4086538461538462 0.4134615384615385 0.02403846153846154 0.02403846153846154
0 0.28365384615384615 0.5192307692307693 0.02403846153846154 0.02403846153846154
0 0.17307692307692307 0.5913461538461539 0.02403846153846154 0.02403846153846154
0 0.7043269230769231 0.9591346153846154 0.02403846153846154 0.02403846153846154
0 0.2620192307692308 0.8413461538461539 0.02403846153846154 0.02403846153846154
0 0.7091346153846154 0.9110576923076924 0.02403846153846154 0.02403846153846154
0 0.06730769230769232 0.9134615384615385 0.02403846153846154 0.02403846153846154
0 0.4879807692307693 0.8100961538461539 0.02403846153846154 0.02403846153846154
0 0.3197115384615385 0.7692307692307693 0.02403846153846154 0.02403846153846154
