0 0.14903846153846154 0.9591346153846154 0.02403846153846154 0.02403846153846154
0 0.37259615384615385 0.9110576923076924 0.02403846153846154 0.02403846153846154
0 0.6153846153846154 0.9110576923076924 0.02403846153846154 0.02403846153846154
0 0.8149038461538461 0.8990384615384616 0.02403846153846154 0.02403846153846154
0 0.6850961538461539 0.8822115384615385 0.02403846153846154 0.02403846153846154
0 0.6610576923076923 0.8605769230769231 0.02403846153846154 0.02403846153846154
0 0.3557692307692308 0.858173076923077 0.02403846153846154 0.02403846153846154
0 0.24759615384615385 0.84375 0.02403846153846154 0.02403846153846154
0 0.6947115384615385 0.8365384615384616 0.02403846153846154 0.02403846153846154
0 0.2692307692307693 0.8245192307692308 0.02403846153846154 0.02403846153846154
0 0.7668269230769231 0.8293269230769231 0.02403846153846154 0.02403846153846154
0 0.9615384615384616 0.7860576923076924 0.02403846153846154 0.02403846153846154
0 0.5817307692307693 0.7475961538461539 0.02403846153846154 0.02403846153846154
0 0.35336538461538464 0.7451923076923077 0.02403846153846154 0.02403846153846154
0 0.21875 0.7451923076923077 0.02403846153846154 0.02403846153846154
0 0.6105769230769231 0.733173076923077 0.02403846153846154 0.02403846153846154
0 0.23076923076923078 0.7235576923076924 0.02403846153846154 0.02403846153846154
0 0.04326923076923077 0.6995192307692308 0.02403846153846154 0.02403846153846154
0 0.7451923076923077 0.6850961538461539 0.02403846153846154 0.02403846153846154
0 0.3125 0.6850961538461539 0.02403846153846154 0.02403846153846154
0 0.27403846153846156 0.6826923076923077 0.02403846153846154 0.02403846153846154
0 0.7788461538461539 0.6802884615384616 0.02403846153846154 0.02403846153846154
0 0.7596153846153847 0.6730769230769231 0.02403846153846154 0.02403846153846154
0 0.8125 0.6610576923076923 0.02403846153846154 0.02403846153846154
0 0.7067307692307693 0.65625 0.02403846153846154 0.02403846153846154
0 0.24278846153846156 0.65625 0.02403846153846154 0.02403846153846154
0 0.8774038461538463 0.6586538461538461 0.02403846153846154 0.02403846153846154
0 0.34615384615384615 0.6442307692307693 0.02403846153846154 0.02403846153846154
0 0.7692307692307693 0.6225961538461539 0.02403846153846154 0.02403846153846154
0 0.65625 0.5625 0.02403846153846154 0.02403846153846154
0 0.6634615384615385 0.514423076923077 0.02403846153846154 0.02403846153846154
0 0.15625 0.4519230769230769 0.02403846153846154 0.02403846153846154
0 0.2932692307692308 0.44230769230769235 0.02403846153846154 0.02403846153846154
0 0.2572115384615385 0.44230769230769235 0.02403846153846154 0.02403846153846154
0 0.5504807692307693 0.3870192307692308 0.02403846153846154 0.02403846153846154
0 0.4086538461538462 0.3894230769230769 0.02403846153846154 0.02403846153846154
0 0.44230769230769235 0.3653846153846154 0.02403846153846154 0.02403846153846154
0 0.13221153846153846 0.3509615384615385 0.02403846153846154 0.02403846153846154
0 0.7620192307692308 0.34615384615384615 0.02403846153846154 0.02403846153846154
0 0.18509615384615385 0.32211538461538464 0.02403846153846154 0.02403846153846154
0 0.8798076923076924 0.31009615384615385 0.02403846153846154 0.02403846153846154
0 0.9302884615384616 0.2956730769230769 0.02403846153846154 0.02403846153846154
0 0.5216346153846154 0.2884615384615385 0.02403846153846154 0.02403846153846154
0 0.8413461538461539 0.2451923076923077 0.02403846153846154 0.02403846153846154
0 0.8100961538461539 0.23798076923076925 0.02403846153846154 0.02403846153846154
0 0.20192307692307693 0.21875 0.02403846153846154 0.02403846153846154
0 0.5192307692307693 0.20192307692307693 0.02403846153846154 0.02403846153846154
0 0.12259615384615385 0.19711538461538464 0.02403846153846154 0.02403846153846154
0 0.5673076923076923 0.1875 0.02403846153846154 0.02403846153846154
0 0.764423076923077 0.1778846153846154 0.02403846153846154 0.02403846153846154
0 0.06730769230769232 0.17067307692307693 0.02403846153846154 0.02403846153846154
0 0.4086538461538462 0.1201923076923077 0.02403846153846154 0.02403846153846154
0 0.6201923076923077 0.10817307692307693 0.02403846153846154 0.02403846153846154
0 0.1778846153846154 0.11057692307692309 0.02403846153846154 0.02403846153846154
0 0.36778846153846156 0.04326923076923077 0.02403846153846154 0.02403846153846154
0 0.764423076923077 0.03605769230769231 0.02403846153846154 0.02403846153846154
0 0.6995192307692308 0.35336538461538464 0.02403846153846154 0.02403846153846154
0 0.6418269230769231 0.37259615384615385 0.02403846153846154 0.02403846153846154
0 0.2572115384615385 0.2355769230769231 0.02403846153846154 0.02403846153846154
0 0.7043269230769231 0.30528846153846156 0.02403846153846154 0.02403846153846154
0 0.0625 0.3076923076923077 0.02403846153846154 0.02403846153846154
0 0.6201923076923077 0.4278846153846154 0.02403846153846154 0.02403846153846154
0 0.4831730769230769 0.2043269230769231 0.02403846153846154 0.02403846153846154
0 0.31490384615384615 0.16346153846153846 0.02403846153846154 0.02403846153846154
