0 0.8293269230769231 0.9711538461538463 0.02403846153846154 0.02403846153846154
0 0.6899038461538461 0.9663461538461539 0.02403846153846154 0.02403846153846154
0 0.375 0.9350961538461539 0.02403846153846154 0.02403846153846154
0 0.4014423076923077 0.8966346153846154 0.02403846153846154 0.02403846153846154
0 0.46875 0.8100961538461539 0.02403846153846154 0.02403846153846154
0 0.04567307692307693 0.7716346153846154 0.02403846153846154 0.02403846153846154
0 0.16346153846153846 0.7355769230769231 0.02403846153846154 0.02403846153846154
0 0.2139423076923077 0.7211538461538461 0.02403846153846154 0.02403846153846154
0 0.125 0.670673076923077 0.02403846153846154 0.02403846153846154
0 0.09375 0.6634615384615385 0.02403846153846154 0.02403846153846154
0 0.9591346153846154 0.6538461538461539 0.02403846153846154 0.02403846153846154
0 0.34375 0.6177884615384616 0.02403846153846154 0.02403846153846154
0 0.04807692307692308 0.6033653846153847 0.02403846153846154 0.02403846153846154
0 0.27403846153846156 0.5817307692307693 0.02403846153846154 0.02403846153846154
0 0.889423076923077 0.5360576923076923 0.02403846153846154 0.02403846153846154
0 0.9014423076923077 0.5120192307692308 0.02403846153846154 0.02403846153846154
0 0.4278846153846154 0.49278846153846156 0.02403846153846154 0.02403846153846154
0 0.04807692307692308 0.46153846153846156 0.02403846153846154 0.02403846153846154
0 0.09615384615384616 0.4014423076923077 0.02403846153846154 0.02403846153846154
0 0.44711538461538464 0.34615384615384615 0.02403846153846154 0.02403846153846154
0 0.4014423076923077 0.3389423076923077 0.02403846153846154 0.02403846153846154
0 0.5913461538461539 0.30528846153846156 0.02403846153846154 0.02403846153846154
0 0.15384615384615385 0.24278846153846156 0.02403846153846154 0.02403846153846154
0 0.7307692307692308 0.17067307692307693 0.02403846153846154 0.02403846153846154
0 0.375 0.1466346153846154 0.02403846153846154 0.02403846153846154
0 0.1514423076923077 0.14182692307692307 0.02403846153846154 0.02403846153846154
0 0.3245192307692308 0.13701923076923078 0.02403846153846154 0.02403846153846154
0 0.5649038461538461 0.12980769230769232 0.02403846153846154 0.02403846153846154
0 0.3870192307692308 0.12259615384615385 0.02403846153846154 0.02403846153846154
0 0.25961538461538464 0.07692307692307693 0.02403846153846154 0.02403846153846154
0 0.11538461538461539 0.057692307692307696 0.02403846153846154 0.02403846153846154
0 0.8293269230769231 0.03365384615384616 0.02403846153846154 0.02403846153846154
0 0.8004807692307693 0.11538461538461539 0.02403846153846154 0.02403846153846154
0 0.8725961538461539 0.22115384615384617 0.02403846153846154 0.02403846153846154
0 0.9278846153846154 0.27403846153846156 0.02403846153846154 0.02403846153846154
0 0.78125 0.3870192307692308 0.02403846153846154 0.02403846153846154
0 0.7451923076923077 0.3653846153846154 0.02403846153846154 0.02403846153846154
0 0.576923076923077 0.8798076923076924 0.02403846153846154 0.02403846153846154
0 0.7788461538461539 0.7067307692307693 0.02403846153846154 0.02403846153846154
0 0.3028846153846154 0.2884615384615385 0.02403846153846154 0.02403846153846154
