0 0.3557692307692308 0.9663461538461539 0.02403846153846154 0.02403846153846154
0 0.3245192307692308 0.9591346153846154 0.02403846153846154 0.02403846153846154
0 0.03365384615384616 0.9230769230769231 0.02403846153846154 0.02403846153846154
0 0.08173076923076923 0.9086538461538463 0.02403846153846154 0.02403846153846154
0 0.5745192307692308 0.9134615384615385 0.02403846153846154 0.02403846153846154
0 0.27884615384615385 0.8990384615384616 0.02403846153846154 0.02403846153846154
0 0.5048076923076923 0.8774038461538463 0.02403846153846154 0.02403846153846154
0 0.13461538461538464 0.8293269230769231 0.02403846153846154 0.02403846153846154
0 0.6586538461538461 0.7884615384615385 0.02403846153846154 0.02403846153846154
0 0.27884615384615385 0.7572115384615385 0.02403846153846154 0.02403846153846154
0 0.03605769230769231 0.7427884615384616 0.02403846153846154 0.02403846153846154
0 0.3269230769230769 0.6971153846153847 0.02403846153846154 0.02403846153846154
0 0.19471153846153846 0.6995192307692308 0.02403846153846154 0.02403846153846154
0 0.13461538461538464 0.6682692307692308 0.02403846153846154 0.02403846153846154
0 0.6778846153846154 0.6418269230769231 0.02403846153846154 0.02403846153846154
0 0.6322115384615385 0.6346153846153847 0.02403846153846154 0.02403846153846154
0 0.04807692307692308 0.6298076923076923 0.02403846153846154 0.02403846153846154
0 0.8221153846153847 0.6009615384615385 0.02403846153846154 0.02403846153846154
0 0.16105769230769232 0.5673076923076923 0.02403846153846154 0.02403846153846154
0 0.38461538461538464 0.5384615384615385 0.02403846153846154 0.02403846153846154
0 0.22836538461538464 0.5264423076923077 0.02403846153846154 0.02403846153846154
0 0.9615384615384616 0.46634615384615385 0.02403846153846154 0.02403846153846154
0 0.040865384615384616 0.45432692307692313 0.02403846153846154 0.02403846153846154
0 0.6057692307692308 0.44230769230769235 0.02403846153846154 0.02403846153846154
0 0.3822115384615385 0.4375 0.02403846153846154 0.02403846153846154
0 0.5552884615384616 0.4326923076923077 0.02403846153846154 0.02403846153846154
0 0.11778846153846155 0.43028846153846156 0.02403846153846154 0.02403846153846154
0 0.795673076923077 0.4254807692307693 0.02403846153846154 0.02403846153846154
0 0.6177884615384616 0.4182692307692308 0.02403846153846154 0.02403846153846154
0 0.4903846153846154 0.37259615384615385 0.02403846153846154 0.02403846153846154
0 0.34615384615384615 0.35336538461538464 0.02403846153846154 0.02403846153846154
0 0.04326923076923077 0.3389423076923077 0.02403846153846154 0.02403846153846154
0 0.08173076923076923 0.31009615384615385 0.02403846153846154 0.02403846153846154
0 0.19471153846153846 0.2980769230769231 0.02403846153846154 0.02403846153846154
0 0.04326923076923077 0.29086538461538464 0.02403846153846154 0.02403846153846154
0 0.28365384615384615 0.28125 0.02403846153846154 0.02403846153846154
0 0.35336538461538464 0.2403846153846154 0.02403846153846154 0.02403846153846154
0 0.16346153846153846 0.25961538461538464 0.02403846153846154 0.02403846153846154
0 0.7836538461538461 0.23798076923076925 0.02403846153846154 0.02403846153846154
0 0.12980769230769232 0.2139423076923077 0.02403846153846154 0.02403846153846154
0 0.8509615384615385 0.2043269230769231 0.02403846153846154 0.02403846153846154
0 0.7548076923076924 0.19230769230769232 0.02403846153846154 0.02403846153846154
0 0.06490384615384616 0.19471153846153846 0.02403846153846154 0.02403846153846154
0 0.7259615384615385 0.18028846153846154 0.02403846153846154 0.02403846153846154
0 0.41586538461538464 0.17307692307692307 0.02403846153846154 0.02403846153846154
0 0.23076923076923078 0.15865384615384617 0.02403846153846154 0.02403846153846154
0 0.05048076923076923 0.16346153846153846 0.02403846153846154 0.02403846153846154
0 0.2884615384615385 0.14903846153846154 0.02403846153846154 0.02403846153846154
0 0.6105769230769231 0.1466346153846154 0.02403846153846154 0.02403846153846154
0 0.17548076923076925 0.12980769230769232 0.02403846153846154 0.02403846153846154
0 0.14423076923076925 0.12259615384615385 0.02403846153846154 0.02403846153846154
0 0.34615384615384615 0.12259615384615385 0.02403846153846154 0.02403846153846154
0 0.24278846153846156 0.11298076923076923 0.02403846153846154 0.02403846153846154
0 0.19471153846153846 0.10336538461538462 0.02403846153846154 0.02403846153846154
0 0.9182692307692308 0.09615384615384616 0.02403846153846154 0.02403846153846154
0 0.21634615384615385 0.08653846153846154 0.02403846153846154 0.02403846153846154
0 0.7451923076923077 0.08173076923076923 0.02403846153846154 0.02403846153846154
0 0.5673076923076923 0.08653846153846154 0.02403846153846154 0.02403846153846154
0 0.3894230769230769 0.08173076923076923 0.02403846153846154 0.02403846153846154
0 0.25240384615384615 0.08413461538461539 0.02403846153846154 0.02403846153846154
0 0.09615384615384616 0.08413461538461539 0.02403846153846154 0.02403846153846154
0 0.41105769230769235 0.07211538461538462 0.02403846153846154 0.02403846153846154
0 0.375 0.07211538461538462 0.02403846153846154 0.02403846153846154
0 0.10817307692307693 0.06971153846153846 0.02403846153846154 0.02403846153846154
0 0.2956730769230769 0.06490384615384616 0.02403846153846154 0.02403846153846154
0 0.13221153846153846 0.05528846153846154 0.02403846153846154 0.02403846153846154
0 0.44711538461538464 0.04567307692307693 0.02403846153846154 0.02403846153846154
0 0.43509615384615385 0.03365384615384616 0.02403846153846154 0.02403846153846154
0 0.5216346153846154 0.028846153846153848 0.02403846153846154 0.02403846153846154
0 0.2668269230769231 0.028846153846153848 0.02403846153846154 0.02403846153846154
0 0.5120192307692308 0.1826923076923077 0.02403846153846154 0.02403846153846154
0 0.5336538461538461 0.5841346153846154 0.02403846153846154 0.02403846153846154
0 0.6274038461538461 0.2091346153846154 0.02403846153846154 0.02403846153846154
