0 0.6322115384615385 0.9663461538461539 0.02403846153846154 0.02403846153846154
0 0.7692307692307693 0.9567307692307693 0.02403846153846154 0.02403846153846154
0 0.733173076923077 0.9567307692307693 0.02403846153846154 0.02403846153846154
0 0.8846153846153847 0.9038461538461539 0.02403846153846154 0.02403846153846154
0 0.9182692307692308 0.8798076923076924 0.02403846153846154 0.02403846153846154
0 0.608173076923077 0.8653846153846154 0.02403846153846154 0.02403846153846154
0 0.6610576923076923 0.8365384615384616 0.02403846153846154 0.02403846153846154
0 0.4447115384615385 0.75 0.02403846153846154 0.02403846153846154
0 0.4639423076923077 0.7355769230769231 0.02403846153846154 0.02403846153846154
0 0.6778846153846154 0.733173076923077 0.02403846153846154 0.02403846153846154
0 0.5985576923076923 0.7115384615384616 0.02403846153846154 0.02403846153846154
0 0.22836538461538464 0.6947115384615385 0.02403846153846154 0.02403846153846154
0 0.5432692307692308 0.6850961538461539 0.02403846153846154 0.02403846153846154
0 0.06971153846153846 0.6778846153846154 0.02403846153846154 0.02403846153846154
0 0.3028846153846154 0.6418269230769231 0.02403846153846154 0.02403846153846154
0 0.8846153846153847 0.6346153846153847 0.02403846153846154 0.02403846153846154
0 0.3870192307692308 0.6346153846153847 0.02403846153846154 0.02403846153846154
0 0.6538461538461539 0.625 0.02403846153846154 0.02403846153846154
0 0.84375 0.5576923076923077 0.02403846153846154 0.02403846153846154
0 0.45432692307692313 0.5216346153846154 0.02403846153846154 0.02403846153846154
0 0.6899038461538461 0.4951923076923077 0.02403846153846154 0.02403846153846154
0 0.733173076923077 0.4639423076923077 0.02403846153846154 0.02403846153846154
0 0.09615384615384616 0.4399038461538462 0.02403846153846154 0.02403846153846154
0 0.09134615384615385 0.4326923076923077 0.02403846153846154 0.02403846153846154
0 0.7403846153846154 0.4278846153846154 0.02403846153846154 0.02403846153846154
0 0.27884615384615385 0.3894230769230769 0.02403846153846154 0.02403846153846154
0 0.5961538461538461 0.3701923076923077 0.02403846153846154 0.02403846153846154
0 0.34855769230769235 0.32211538461538464 0.02403846153846154 0.02403846153846154
0 0.16586538461538464 0.28365384615384615 0.02403846153846154 0.02403846153846154
0 0.9350961538461539 0.2764423076923077 0.02403846153846154 0.02403846153846154
0 0.5432692307692308 0.27403846153846156 0.02403846153846154 0.02403846153846154
0 0.6346153846153847 0.23317307692307693 0.02403846153846154 0.02403846153846154
0 0.22596153846153846 0.23076923076923078 0.02403846153846154 0.02403846153846154
0 0.4903846153846154 0.21634615384615385 0.02403846153846154 0.02403846153846154
0 0.24278846153846156 0.1826923076923077 0.02403846153846154 0.02403846153846154
0 0.65625 0.16586538461538464 0.02403846153846154 0.02403846153846154
0 0.4879807692307693 0.16105769230769232 0.02403846153846154 0.02403846153846154
0 0.7860576923076924 0.125 0.02403846153846154 0.02403846153846154
0 0.8052884615384616 0.06971153846153846 0.02403846153846154 0.02403846153846154
0 0.6201923076923077 0.02403846153846154 0.02403846153846154 0.02403846153846154
0 0.1201923076923077 0.17307692307692307 0.02403846153846154 0.02403846153846154
0 0.6370192307692308 0.12740384615384617 0.02403846153846154 0.02403846153846154
0 0.8798076923076924 0.32211538461538464 0.02403846153846154 0.02403846153846154
0 0.7548076923076924 0.4278846153846154 0.02403846153846154 0.02403846153846154
0 0.6442307692307693 0.5 0.02403846153846154 0.02403846153846154
0 0.44230769230769235 0.07932692307692309 0.02403846153846154 0.02403846153846154
0 0.733173076923077 0.75 0.02403846153846154 0.02403846153846154
0 0.23798076923076925 0.7764423076923077 0.02403846153846154 0.02403846153846154
0 0.03605769230769231 0.8245192307692308 0.02403846153846154 0.02403846153846154
0 0.5384615384615385 0.8221153846153847 0.02403846153846154 0.02403846153846154
0 0.9591346153846154 0.71875 0.02403846153846154 0.02403846153846154
0 0.7908653846153847 0.6778846153846154 0.02403846153846154 0.02403846153846154
