0 0.4951923076923077 0.951923076923077 0.02403846153846154 0.02403846153846154
0 0.3509615384615385 0.90625 0.02403846153846154 0.02403846153846154
0 0.08653846153846154 0.8798076923076924 0.02403846153846154 0.02403846153846154
0 0.6850961538461539 0.8389423076923077 0.02403846153846154 0.02403846153846154
0 0.3509615384615385 0.8365384615384616 0.02403846153846154 0.02403846153846154
0 0.3870192307692308 0.795673076923077 0.02403846153846154 0.02403846153846154
0 0.7932692307692308 0.7932692307692308 0.02403846153846154 0.02403846153846154
0 0.625 0.7836538461538461 0.02403846153846154 0.02403846153846154
0 0.3966346153846154 0.764423076923077 0.02403846153846154 0.02403846153846154
0 0.5985576923076923 0.7524038461538461 0.02403846153846154 0.02403846153846154
0 0.9110576923076924 0.7451923076923077 0.02403846153846154 0.02403846153846154
0 0.4278846153846154 0.733173076923077 0.02403846153846154 0.02403846153846154
0 0.2884615384615385 0.7043269230769231 0.02403846153846154 0.02403846153846154
0 0.889423076923077 0.6730769230769231 0.02403846153846154 0.02403846153846154
0 0.7740384615384616 0.6490384615384616 0.02403846153846154 0.02403846153846154
0 0.23798076923076925 0.6466346153846154 0.02403846153846154 0.02403846153846154
0 0.608173076923077 0.6225961538461539 0.02403846153846154 0.02403846153846154
0 0.7740384615384616 0.625 0.02403846153846154 0.02403846153846154
0 0.8653846153846154 0.5961538461538461 0.02403846153846154 0.02403846153846154
0 0.9014423076923077 0.5721153846153847 0.02403846153846154 0.02403846153846154
0 0.9423076923076924 0.5096153846153847 0.02403846153846154 0.02403846153846154
0 0.795673076923077 0.5024038461538461 0.02403846153846154 0.02403846153846154
0 0.3245192307692308 0.5 0.02403846153846154 0.02403846153846154
0 0.5625 0.2355769230769231 0.02403846153846154 0.02403846153846154
0 0.4591346153846154 0.2091346153846154 0.02403846153846154 0.02403846153846154
0 0.7716346153846154 0.08653846153846154 0.02403846153846154 0.02403846153846154
0 0.6129807692307693 0.06971153846153846 0.02403846153846154 0.02403846153846154
0 0.8461538461538463 0.03365384615384616 0.02403846153846154 0.02403846153846154
0 0.9302884615384616 0.026442307692307696 0.02403846153846154 0.02403846153846154
0 0.09134615384615385 0.5625 0.02403846153846154 0.02403846153846154
0 0.16586538461538464 0.3317307692307693 0.02403846153846154 0.02403846153846154
0 0.4591346153846154 0.8028846153846154 0.02403846153846154 0.02403846153846154
0 0.3870192307692308 0.951923076923077 0.02403846153846154 0.02403846153846154
0 0.5576923076923077 0.5576923076923077 0.02403846153846154 0.02403846153846154
0 0.12980769230769232 0.11298076923076923 0.02403846153846154 0.02403846153846154
0 0.8341346153846154 0.4326923076923077 0.02403846153846154 0.02403846153846154
0 0.826923076923077 0.4519230769230769 0.02403846153846154 0.02403846153846154
0 0.08653846153846154 0.17307692307692307 0.02403846153846154 0.02403846153846154
0 0.78125 0.16826923076923078 0.02403846153846154 0.02403846153846154
0 0.5793269230769231 0.21634615384615385 0.02403846153846154 0.02403846153846154
