0 0.3245192307692308 0.920673076923077 0.02403846153846154 0.02403846153846154
0 0.36778846153846156 0.90625 0.02403846153846154 0.02403846153846154
0 0.06730769230769232 0.8990384615384616 0.02403846153846154 0.02403846153846154
0 0.6754807692307693 0.8774038461538463 0.02403846153846154 0.02403846153846154
0 0.6778846153846154 0.8389423076923077 0.02403846153846154 0.02403846153846154
0 0.7620192307692308 0.7836538461538461 0.02403846153846154 0.02403846153846154
0 0.889423076923077 0.41105769230769235 0.02403846153846154 0.02403846153846154
0 0.40384615384615385 0.3822115384615385 0.02403846153846154 0.02403846153846154
0 0.65625 0.3509615384615385 0.02403846153846154 0.02403846153846154
0 0.5504807692307693 0.2668269230769231 0.02403846153846154 0.02403846153846154
0 0.8990384615384616 0.25961538461538464 0.02403846153846154 0.02403846153846154
0 0.4278846153846154 0.21153846153846156 0.02403846153846154 0.02403846153846154
0 0.125 0.17548076923076925 0.02403846153846154 0.02403846153846154
0 0.25240384615384615 0.15865384615384617 0.02403846153846154 0.02403846153846154
0 0.4206730769230769 0.12259615384615385 0.02403846153846154 0.02403846153846154
0 0.7379807692307693 0.057692307692307696 0.02403846153846154 0.02403846153846154
0 0.31730769230769235 0.6105769230769231 0.02403846153846154 0.02403846153846154
0 0.7355769230769231 0.35336538461538464 0.02403846153846154 0.02403846153846154
0 0.8028846153846154 0.24278846153846156 0.02403846153846154 0.02403846153846154
