0 0.8365384615384616 0.9639423076923077 0.02403846153846154 0.02403846153846154
0 0.2043269230769231 0.9615384615384616 0.02403846153846154 0.02403846153846154
0 0.7235576923076924 0.9326923076923077 0.02403846153846154 0.02403846153846154
0 0.5793269230769231 0.9230769230769231 0.02403846153846154 0.02403846153846154
0 0.31490384615384615 0.9182692307692308 0.02403846153846154 0.02403846153846154
0 0.17307692307692307 0.8870192307692308 0.02403846153846154 0.02403846153846154
0 0.04567307692307693 0.8677884615384616 0.02403846153846154 0.02403846153846154
0 0.576923076923077 0.8365384615384616 0.02403846153846154 0.02403846153846154
0 0.6899038461538461 0.8317307692307693 0.02403846153846154 0.02403846153846154
0 0.21634615384615385 0.8100961538461539 0.02403846153846154 0.02403846153846154
0 0.040865384615384616 0.7091346153846154 0.02403846153846154 0.02403846153846154
0 0.19711538461538464 0.6947115384615385 0.02403846153846154 0.02403846153846154
0 0.53125 0.65625 0.02403846153846154 0.02403846153846154
0 0.4375 0.6538461538461539 0.02403846153846154 0.02403846153846154
0 0.8846153846153847 0.5721153846153847 0.02403846153846154 0.02403846153846154
0 0.10576923076923078 0.5264423076923077 0.02403846153846154 0.02403846153846154
0 0.03365384615384616 0.49759615384615385 0.02403846153846154 0.02403846153846154
0 0.9639423076923077 0.4591346153846154 0.02403846153846154 0.02403846153846154
0 0.1201923076923077 0.3557692307692308 0.02403846153846154 0.02403846153846154
0 0.6778846153846154 0.34855769230769235 0.02403846153846154 0.02403846153846154
0 0.03125 0.2932692307692308 0.02403846153846154 0.02403846153846154
0 0.6298076923076923 0.28365384615384615 0.02403846153846154 0.02403846153846154
0 0.03365384615384616 0.12980769230769232 0.02403846153846154 0.02403846153846154
0 0.3245192307692308 0.0625 0.02403846153846154 0.02403846153846154
0 0.5360576923076923 0.6802884615384616 0.02403846153846154 0.02403846153846154
0 0.5408653846153847 0.34855769230769235 0.02403846153846154 0.02403846153846154
0 0.46153846153846156 0.125 0.02403846153846154 0.02403846153846154
