0 0.6201923076923077 0.875 0.02403846153846154 0.02403846153846154
0 0.6418269230769231 0.8653846153846154 0.02403846153846154 0.02403846153846154
0 0.08173076923076923 0.8100961538461539 0.02403846153846154 0.02403846153846154
0 0.7355769230769231 0.6490384615384616 0.02403846153846154 0.02403846153846154
0 0.10336538461538462 0.6466346153846154 0.02403846153846154 0.02403846153846154
0 0.6225961538461539 0.6177884615384616 0.02403846153846154 0.02403846153846154
0 0.47836538461538464 0.608173076923077 0.02403846153846154 0.02403846153846154
0 0.2139423076923077 0.6033653846153847 0.02403846153846154 0.02403846153846154
0 0.07211538461538462 0.5721153846153847 0.02403846153846154 0.02403846153846154
0 0.4759615384615385 0.5216346153846154 0.02403846153846154 0.02403846153846154
0 0.5889423076923077 0.5168269230769231 0.02403846153846154 0.02403846153846154
0 0.11538461538461539 0.4951923076923077 0.02403846153846154 0.02403846153846154
0 0.09615384615384616 0.37980769230769235 0.02403846153846154 0.02403846153846154
0 0.43028846153846156 0.34134615384615385 0.02403846153846154 0.02403846153846154
0 0.33653846153846156 0.3389423076923077 0.02403846153846154 0.02403846153846154
0 0.7836538461538461 0.2572115384615385 0.02403846153846154 0.02403846153846154
0 0.8629807692307693 0.14423076923076925 0.02403846153846154 0.02403846153846154
0 0.576923076923077 0.03365384615384616 0.02403846153846154 0.02403846153846154
0 0.43509615384615385 0.3653846153846154 0.02403846153846154 0.02403846153846154
0 0.4399038461538462 0.03365384615384616 0.02403846153846154 0.02403846153846154
