0 0.826923076923077 0.9423076923076924 0.02403846153846154 0.02403846153846154
0 0.06971153846153846 0.9158653846153847 0.02403846153846154 0.02403846153846154
0 0.14903846153846154 0.9038461538461539 0.02403846153846154 0.02403846153846154
0 0.6322115384615385 0.8990384615384616 0.02403846153846154 0.02403846153846154
0 0.2956730769230769 0.8365384615384616 0.02403846153846154 0.02403846153846154
0 0.5216346153846154 0.8245192307692308 0.02403846153846154 0.02403846153846154
0 0.05288461538461539 0.7836538461538461 0.02403846153846154 0.02403846153846154
0 0.9230769230769231 0.7764423076923077 0.02403846153846154 0.02403846153846154
0 0.20673076923076925 0.7716346153846154 0.02403846153846154 0.02403846153846154
0 0.2451923076923077 0.6730769230769231 0.02403846153846154 0.02403846153846154
0 0.24759615384615385 0.6346153846153847 0.02403846153846154 0.02403846153846154
0 0.9182692307692308 0.6177884615384616 0.02403846153846154 0.02403846153846154
0 0.3317307692307693 0.5793269230769231 0.02403846153846154 0.02403846153846154
0 0.7788461538461539 0.53125 0.02403846153846154 0.02403846153846154
0 0.7908653846153847 0.40384615384615385 0.02403846153846154 0.02403846153846154
0 0.9110576923076924 0.40625 0.02403846153846154 0.02403846153846154
0 0.5625 0.3557692307692308 0.02403846153846154 0.02403846153846154
0 0.78125 0.30528846153846156 0.02403846153846154 0.02403846153846154
0 0.858173076923077 0.2956730769230769 0.02403846153846154 0.02403846153846154
0 0.7716346153846154 0.27884615384615385 0.02403846153846154 0.02403846153846154
0 0.6754807692307693 0.2716346153846154 0.02403846153846154 0.02403846153846154
0 0.7620192307692308 0.2692307692307693 0.02403846153846154 0.02403846153846154
0 0.4591346153846154 0.20673076923076925 0.02403846153846154 0.02403846153846154
0 0.7668269230769231 0.20673076923076925 0.02403846153846154 0.02403846153846154
0 0.9086538461538463 0.20192307692307693 0.02403846153846154 0.02403846153846154
0 0.22596153846153846 0.1466346153846154 0.02403846153846154 0.02403846153846154
0 0.1201923076923077 0.0625 0.02403846153846154 0.02403846153846154
0 0.46875 0.05528846153846154 0.02403846153846154 0.02403846153846154
0 0.6658653846153847 0.04326923076923077 0.02403846153846154 0.02403846153846154
0 0.9110576923076924 0.038461538461538464 0.02403846153846154 0.02403846153846154
0 0.30528846153846156 0.14903846153846154 0.02403846153846154 0.02403846153846154
0 0.37259615384615385 0.038461538461538464 0.02403846153846154 0.02403846153846154
