0 0.15384615384615385 0.9543269230769231 0.02403846153846154 0.02403846153846154
0 0.1826923076923077 0.9543269230769231 0.02403846153846154 0.02403846153846154
0 0.8413461538461539 0.9399038461538463 0.02403846153846154 0.02403846153846154
0 0.5192307692307693 0.9278846153846154 0.02403846153846154 0.02403846153846154
0 0.46634615384615385 0.9278846153846154 0.02403846153846154 0.02403846153846154
0 0.576923076923077 0.8725961538461539 0.02403846153846154 0.02403846153846154
0 0.22836538461538464 0.8221153846153847 0.02403846153846154 0.02403846153846154
0 0.40384615384615385 0.6682692307692308 0.02403846153846154 0.02403846153846154
0 0.14903846153846154 0.6634615384615385 0.02403846153846154 0.02403846153846154
0 0.1778846153846154 0.639423076923077 0.02403846153846154 0.02403846153846154
0 0.7764423076923077 0.6129807692307693 0.02403846153846154 0.02403846153846154
0 0.7163461538461539 0.5913461538461539 0.02403846153846154 0.02403846153846154
0 0.5432692307692308 0.5216346153846154 0.02403846153846154 0.02403846153846154
0 0.34855769230769235 0.47836538461538464 0.02403846153846154 0.02403846153846154
0 0.7980769230769231 0.4495192307692308 0.02403846153846154 0.02403846153846154
0 0.9086538461538463 0.40625 0.02403846153846154 0.02403846153846154
0 0.23798076923076925 0.40384615384615385 0.02403846153846154 0.02403846153846154
0 0.7668269230769231 0.375 0.02403846153846154 0.02403846153846154
0 0.639423076923077 0.3557692307692308 0.02403846153846154 0.02403846153846154
0 0.8100961538461539 0.2980769230769231 0.02403846153846154 0.02403846153846154
0 0.6346153846153847 0.19711538461538464 0.02403846153846154 0.02403846153846154
0 0.7908653846153847 0.1826923076923077 0.02403846153846154 0.02403846153846154
0 0.04807692307692308 0.15865384615384617 0.02403846153846154 0.02403846153846154
0 0.4951923076923077 0.11057692307692309 0.02403846153846154 0.02403846153846154
