0 0.7475961538461539 0.9495192307692308 0.02403846153846154 0.02403846153846154
0 0.6418269230769231 0.8653846153846154 0.02403846153846154 0.02403846153846154
0 0.5192307692307693 0.8100961538461539 0.02403846153846154 0.02403846153846154
0 0.21634615384615385 0.7740384615384616 0.02403846153846154 0.02403846153846154
0 0.34375 0.7572115384615385 0.02403846153846154 0.02403846153846154
0 0.5120192307692308 0.7211538461538461 0.02403846153846154 0.02403846153846154
0 0.8293269230769231 0.65625 0.02403846153846154 0.02403846153846154
0 0.4254807692307693 0.6105769230769231 0.02403846153846154 0.02403846153846154
0 0.19230769230769232 0.6057692307692308 0.02403846153846154 0.02403846153846154
0 0.7572115384615385 0.6009615384615385 0.02403846153846154 0.02403846153846154
0 0.545673076923077 0.5841346153846154 0.02403846153846154 0.02403846153846154
0 0.7451923076923077 0.5673076923076923 0.02403846153846154 0.02403846153846154
0 0.9302884615384616 0.5649038461538461 0.02403846153846154 0.02403846153846154
0 0.25480769230769235 0.5625 0.02403846153846154 0.02403846153846154
0 0.8149038461538461 0.5528846153846154 0.02403846153846154 0.02403846153846154
0 0.07932692307692309 0.5120192307692308 0.02403846153846154 0.02403846153846154
0 0.8221153846153847 0.45432692307692313 0.02403846153846154 0.02403846153846154
0 0.8918269230769231 0.4254807692307693 0.02403846153846154 0.02403846153846154
0 0.5432692307692308 0.4254807692307693 0.02403846153846154 0.02403846153846154
0 0.6201923076923077 0.4206730769230769 0.02403846153846154 0.02403846153846154
0 0.13701923076923078 0.4182692307692308 0.02403846153846154 0.02403846153846154
0 0.5 0.4086538461538462 0.02403846153846154 0.02403846153846154
0 0.5721153846153847 0.34375 0.02403846153846154 0.02403846153846154
0 0.8461538461538463 0.3197115384615385 0.02403846153846154 0.02403846153846154
0 0.670673076923077 0.23798076923076925 0.02403846153846154 0.02403846153846154
0 0.9326923076923077 0.13942307692307693 0.02403846153846154 0.02403846153846154
0 0.6658653846153847 0.11538461538461539 0.02403846153846154 0.02403846153846154
0 0.22836538461538464 0.03605769230769231 0.02403846153846154 0.02403846153846154
0 0.23076923076923078 0.15625 0.02403846153846154 0.02403846153846154
0 0.3076923076923077 0.4014423076923077 0.02403846153846154 0.02403846153846154
0 0.13701923076923078 0.48557692307692313 0.02403846153846154 0.02403846153846154
0 0.826923076923077 0.951923076923077 0.02403846153846154 0.02403846153846154
0 0.8942307692307693 0.8413461538461539 0.02403846153846154 0.02403846153846154
0 0.9110576923076924 0.25961538461538464 0.02403846153846154 0.02403846153846154
0 0.6201923076923077 0.12259615384615385 0.02403846153846154 0.02403846153846154
