0 0.21875 0.9639423076923077 0.02403846153846154 0.02403846153846154
0 0.1466346153846154 0.9086538461538463 0.02403846153846154 0.02403846153846154
0 0.7836538461538461 0.8918269230769231 0.02403846153846154 0.02403846153846154
0 0.4519230769230769 0.8846153846153847 0.02403846153846154 0.02403846153846154
0 0.13461538461538464 0.875 0.02403846153846154 0.02403846153846154
0 0.3197115384615385 0.8725961538461539 0.02403846153846154 0.02403846153846154
0 0.2043269230769231 0.8605769230769231 0.02403846153846154 0.02403846153846154
0 0.7283653846153847 0.8100961538461539 0.02403846153846154 0.02403846153846154
0 0.8028846153846154 0.7860576923076924 0.02403846153846154 0.02403846153846154
0 0.21153846153846156 0.7620192307692308 0.02403846153846154 0.02403846153846154
0 0.6875 0.7620192307692308 0.02403846153846154 0.02403846153846154
0 0.28125 0.733173076923077 0.02403846153846154 0.02403846153846154
0 0.625 0.6802884615384616 0.02403846153846154 0.02403846153846154
0 0.5961538461538461 0.6778846153846154 0.02403846153846154 0.02403846153846154
0 0.5072115384615384 0.6754807692307693 0.02403846153846154 0.02403846153846154
0 0.2355769230769231 0.6274038461538461 0.02403846153846154 0.02403846153846154
0 0.9567307692307693 0.6129807692307693 0.02403846153846154 0.02403846153846154
0 0.06009615384615385 0.545673076923077 0.02403846153846154 0.02403846153846154
0 0.7475961538461539 0.53125 0.02403846153846154 0.02403846153846154
0 0.4254807692307693 0.5120192307692308 0.02403846153846154 0.02403846153846154
0 0.8197115384615385 0.4831730769230769 0.02403846153846154 0.02403846153846154
0 0.32211538461538464 0.44711538461538464 0.02403846153846154 0.02403846153846154
0 0.4879807692307693 0.42307692307692313 0.02403846153846154 0.02403846153846154
0 0.05528846153846154 0.42307692307692313 0.02403846153846154 0.02403846153846154
0 0.9615384615384616 0.40625 0.02403846153846154 0.02403846153846154
0 0.639423076923077 0.3701923076923077 0.02403846153846154 0.02403846153846154
0 0.8052884615384616 0.3605769230769231 0.02403846153846154 0.02403846153846154
0 0.7043269230769231 0.3605769230769231 0.02403846153846154 0.02403846153846154
0 0.9543269230769231 0.35336538461538464 0.02403846153846154 0.02403846153846154
0 0.7572115384615385 0.30528846153846156 0.02403846153846154 0.02403846153846154
0 0.057692307692307696 0.25 0.02403846153846154 0.02403846153846154
0 0.6129807692307693 0.21634615384615385 0.02403846153846154 0.02403846153846154
0 0.6322115384615385 0.17307692307692307 0.02403846153846154 0.02403846153846154
0 0.34134615384615385 0.17307692307692307 0.02403846153846154 0.02403846153846154
0 0.5048076923076923 0.13461538461538464 0.02403846153846154 0.02403846153846154
0 0.6274038461538461 0.11538461538461539 0.02403846153846154 0.02403846153846154
0 0.9302884615384616 0.11057692307692309 0.02403846153846154 0.02403846153846154
0 0.25 0.10576923076923078 0.02403846153846154 0.02403846153846154
0 0.764423076923077 0.09855769230769232 0.02403846153846154 0.02403846153846154
0 0.8052884615384616 0.09134615384615385 0.02403846153846154 0.02403846153846154
0 0.9254807692307693 0.08413461538461539 0.02403846153846154 0.02403846153846154
0 0.6995192307692308 0.04567307692307693 0.02403846153846154 0.02403846153846154
0 0.22596153846153846 0.04326923076923077 0.02403846153846154 0.02403846153846154
0 0.8774038461538463 0.02403846153846154 0.02403846153846154 0.02403846153846154
0 0.8629807692307693 0.639423076923077 0.02403846153846154 0.02403846153846154
0 0.9086538461538463 0.7379807692307693 0.02403846153846154 0.02403846153846154
0 0.670673076923077 0.5913461538461539 0.02403846153846154 0.02403846153846154
0 0.3774038461538462 0.4807692307692308 0.02403846153846154 0.02403846153846154
0 0.3004807692307693 0.5673076923076923 0.02403846153846154 0.02403846153846154
0 0.3245192307692308 0.31490384615384615 0.02403846153846154 0.02403846153846154
0 0.13701923076923078 0.19711538461538464 0.02403846153846154 0.02403846153846154
