0 0.34134615384615385 0.9663461538461539 0.02403846153846154 0.02403846153846154
0 0.8173076923076924 0.9663461538461539 0.02403846153846154 0.02403846153846154
0 0.41105769230769235 0.9375 0.02403846153846154 0.02403846153846154
0 0.0625 0.9375 0.02403846153846154 0.02403846153846154
0 0.13942307692307693 0.9326923076923077 0.02403846153846154 0.02403846153846154
0 0.7548076923076924 0.8846153846153847 0.02403846153846154 0.02403846153846154
0 0.7259615384615385 0.8822115384615385 0.02403846153846154 0.02403846153846154
0 0.6370192307692308 0.8798076923076924 0.02403846153846154 0.02403846153846154
0 0.09134615384615385 0.8557692307692308 0.02403846153846154 0.02403846153846154
0 0.3653846153846154 0.8317307692307693 0.02403846153846154 0.02403846153846154
0 0.18990384615384617 0.75 0.02403846153846154 0.02403846153846154
0 0.8774038461538463 0.7355769230769231 0.02403846153846154 0.02403846153846154
0 0.5552884615384616 0.7163461538461539 0.02403846153846154 0.02403846153846154
0 0.9495192307692308 0.6875 0.02403846153846154 0.02403846153846154
0 0.4519230769230769 0.6514423076923077 0.02403846153846154 0.02403846153846154
0 0.6177884615384616 0.6274038461538461 0.02403846153846154 0.02403846153846154
0 0.18509615384615385 0.6274038461538461 0.02403846153846154 0.02403846153846154
0 0.7692307692307693 0.5745192307692308 0.02403846153846154 0.02403846153846154
0 0.9350961538461539 0.5649038461538461 0.02403846153846154 0.02403846153846154
0 0.8341346153846154 0.5649038461538461 0.02403846153846154 0.02403846153846154
0 0.8870192307692308 0.5096153846153847 0.02403846153846154 0.02403846153846154
0 0.1466346153846154 0.5048076923076923 0.02403846153846154 0.02403846153846154
0 0.1875 0.45432692307692313 0.02403846153846154 0.02403846153846154
0 0.7427884615384616 0.4206730769230769 0.02403846153846154 0.02403846153846154
0 0.7620192307692308 0.3774038461538462 0.02403846153846154 0.02403846153846154
0 0.4711538461538462 0.3774038461538462 0.02403846153846154 0.02403846153846154
0 0.6346153846153847 0.3389423076923077 0.02403846153846154 0.02403846153846154
0 0.7572115384615385 0.3197115384615385 0.02403846153846154 0.02403846153846154
0 0.37980769230769235 0.31009615384615385 0.02403846153846154 0.02403846153846154
0 0.8942307692307693 0.3028846153846154 0.02403846153846154 0.02403846153846154
0 0.12980769230769232 0.3004807692307693 0.02403846153846154 0.02403846153846154
0 0.9350961538461539 0.2956730769230769 0.02403846153846154 0.02403846153846154
0 0.03365384615384616 0.2980769230769231 0.02403846153846154 0.02403846153846154
0 0.8293269230769231 0.25 0.02403846153846154 0.02403846153846154
0 0.3557692307692308 0.24759615384615385 0.02403846153846154 0.02403846153846154
0 0.6322115384615385 0.22115384615384617 0.02403846153846154 0.02403846153846154
0 0.5745192307692308 0.22115384615384617 0.02403846153846154 0.02403846153846154
0 0.3557692307692308 0.21634615384615385 0.02403846153846154 0.02403846153846154
0 0.21153846153846156 0.2139423076923077 0.02403846153846154 0.02403846153846154
0 0.10576923076923078 0.2091346153846154 0.02403846153846154 0.02403846153846154
0 0.2355769230769231 0.2043269230769231 0.02403846153846154 0.02403846153846154
0 0.8918269230769231 0.1778846153846154 0.02403846153846154 0.02403846153846154
0 0.670673076923077 0.17067307692307693 0.02403846153846154 0.02403846153846154
0 0.4495192307692308 0.17307692307692307 0.02403846153846154 0.02403846153846154
0 0.53125 0.1514423076923077 0.02403846153846154 0.02403846153846154
0 0.7716346153846154 0.13942307692307693 0.02403846153846154 0.02403846153846154
0 0.65625 0.13701923076923078 0.02403846153846154 0.02403846153846154
0 0.5600961538461539 0.12259615384615385 0.02403846153846154 0.02403846153846154
0 0.4182692307692308 0.11538461538461539 0.02403846153846154 0.02403846153846154
0 0.36778846153846156 0.10336538461538462 0.02403846153846154 0.02403846153846154
0 0.5793269230769231 0.09855769230769232 0.02403846153846154 0.02403846153846154
0 0.14182692307692307 0.10336538461538462 0.02403846153846154 0.02403846153846154
0 0.038461538461538464 0.09134615384615385 0.02403846153846154 0.02403846153846154
0 0.9639423076923077 0.08173076923076923 0.02403846153846154 0.02403846153846154
0 0.44711538461538464 0.057692307692307696 0.02403846153846154 0.02403846153846154
0 0.24278846153846156 0.04807692307692308 0.02403846153846154 0.02403846153846154
0 0.9182692307692308 0.038461538461538464 0.02403846153846154 0.02403846153846154
0 0.5913461538461539 0.028846153846153848 0.02403846153846154 0.02403846153846154
0 0.8004807692307693 0.795673076923077 0.02403846153846154 0.02403846153846154
0 0.5072115384615384 0.6850961538461539 0.02403846153846154 0.02403846153846154
0 0.43028846153846156 0.7716346153846154 0.02403846153846154 0.02403846153846154
0 0.45432692307692313 0.5192307692307693 0.02403846153846154 0.02403846153846154
0 0.2668269230769231 0.4014423076923077 0.02403846153846154 0.02403846153846154
0 0.13942307692307693 0.6346153846153847 0.02403846153846154 0.02403846153846154
0 0.15865384615384617 0.16826923076923078 0.02403846153846154 0.02403846153846154
0 0.11057692307692309 0.10096153846153846 0.02403846153846154 0.02403846153846154
0 0.08173076923076923 0.24278846153846156 0.02403846153846154 0.02403846153846154
0 0.04326923076923077 0.4278846153846154 0.02403846153846154 0.02403846153846154
