0 0.7620192307692308 0.9182692307692308 0.02403846153846154 0.02403846153846154
0 0.7836538461538461 0.9086538461538463 0.02403846153846154 0.02403846153846154
0 0.22355769230769232 0.8533653846153847 0.02403846153846154 0.02403846153846154
0 0.16346153846153846 0.8317307692307693 0.02403846153846154 0.02403846153846154
0 0.8774038461538463 0.6923076923076923 0.02403846153846154 0.02403846153846154
0 0.2451923076923077 0.6899038461538461 0.02403846153846154 0.02403846153846154
0 0.764423076923077 0.6610576923076923 0.02403846153846154 0.02403846153846154
0 0.6201923076923077 0.6514423076923077 0.02403846153846154 0.02403846153846154
0 0.3557692307692308 0.6466346153846154 0.02403846153846154 0.02403846153846154
0 0.2139423076923077 0.6153846153846154 0.02403846153846154 0.02403846153846154
0 0.08653846153846154 0.5961538461538461 0.02403846153846154 0.02403846153846154
0 0.6177884615384616 0.5649038461538461 0.02403846153846154 0.02403846153846154
0 0.7307692307692308 0.5600961538461539 0.02403846153846154 0.02403846153846154
0 0.2572115384615385 0.5384615384615385 0.02403846153846154 0.02403846153846154
0 0.08173076923076923 0.4375 0.02403846153846154 0.02403846153846154
0 0.23798076923076925 0.42307692307692313 0.02403846153846154 0.02403846153846154
0 0.5721153846153847 0.38461538461538464 0.02403846153846154 0.02403846153846154
0 0.47836538461538464 0.3822115384615385 0.02403846153846154 0.02403846153846154
0 0.9254807692307693 0.3004807692307693 0.02403846153846154 0.02403846153846154
0 0.1466346153846154 0.25480769230769235 0.02403846153846154 0.02403846153846154
0 0.07451923076923077 0.22596153846153846 0.02403846153846154 0.02403846153846154
0 0.16105769230769232 0.08413461538461539 0.02403846153846154 0.02403846153846154
0 0.71875 0.07692307692307693 0.02403846153846154 0.02403846153846154
0 0.576923076923077 0.4086538461538462 0.02403846153846154 0.02403846153846154
0 0.5817307692307693 0.07692307692307693 0.02403846153846154 0.02403846153846154
