0 0.31009615384615385 0.951923076923077 0.02403846153846154 0.02403846153846154
0 0.07451923076923077 0.9399038461538463 0.02403846153846154 0.02403846153846154
0 0.5048076923076923 0.9014423076923077 0.02403846153846154 0.02403846153846154
0 0.6153846153846154 0.8725961538461539 0.02403846153846154 0.02403846153846154
0 0.5721153846153847 0.8125 0.02403846153846154 0.02403846153846154
0 0.12259615384615385 0.7932692307692308 0.02403846153846154 0.02403846153846154
0 0.3557692307692308 0.7908653846153847 0.02403846153846154 0.02403846153846154
0 0.4399038461538462 0.7692307692307693 0.02403846153846154 0.02403846153846154
0 0.16105769230769232 0.7139423076923077 0.02403846153846154 0.02403846153846154
0 0.40384615384615385 0.6971153846153847 0.02403846153846154 0.02403846153846154
0 0.4831730769230769 0.6778846153846154 0.02403846153846154 0.02403846153846154
0 0.6490384615384616 0.6730769230769231 0.02403846153846154 0.02403846153846154
0 0.5913461538461539 0.6730769230769231 0.02403846153846154 0.02403846153846154
0 0.07211538461538462 0.6586538461538461 0.02403846153846154 0.02403846153846154
0 0.3317307692307693 0.6225961538461539 0.02403846153846154 0.02403846153846154
0 0.826923076923077 0.5793269230769231 0.02403846153846154 0.02403846153846154
0 0.04567307692307693 0.5721153846153847 0.02403846153846154 0.02403846153846154
0 0.38461538461538464 0.45432692307692313 0.02403846153846154 0.02403846153846154
0 0.5072115384615384 0.4447115384615385 0.02403846153846154 0.02403846153846154
0 0.03365384615384616 0.42307692307692313 0.02403846153846154 0.02403846153846154
0 0.8197115384615385 0.4134615384615385 0.02403846153846154 0.02403846153846154
0 0.4879807692307693 0.4086538461538462 0.02403846153846154 0.02403846153846154
0 0.04807692307692308 0.4086538461538462 0.02403846153846154 0.02403846153846154
0 0.2091346153846154 0.39903846153846156 0.02403846153846154 0.02403846153846154
0 0.3918269230769231 0.3701923076923077 0.02403846153846154 0.02403846153846154
0 0.04326923076923077 0.3125 0.02403846153846154 0.02403846153846154
0 0.6778846153846154 0.3076923076923077 0.02403846153846154 0.02403846153846154
0 0.7548076923076924 0.2355769230769231 0.02403846153846154 0.02403846153846154
0 0.2884615384615385 0.22355769230769232 0.02403846153846154 0.02403846153846154
0 0.07692307692307693 0.2091346153846154 0.02403846153846154 0.02403846153846154
0 0.7908653846153847 0.21634615384615385 0.02403846153846154 0.02403846153846154
0 0.8149038461538461 0.19471153846153846 0.02403846153846154 0.02403846153846154
0 0.1778846153846154 0.17307692307692307 0.02403846153846154 0.02403846153846154
0 0.31009615384615385 0.16586538461538464 0.02403846153846154 0.02403846153846154
0 0.5600961538461539 0.13461538461538464 0.02403846153846154 0.02403846153846154
0 0.4326923076923077 0.13221153846153846 0.02403846153846154 0.02403846153846154
0 0.23076923076923078 0.12740384615384617 0.02403846153846154 0.02403846153846154
0 0.37259615384615385 0.12259615384615385 0.02403846153846154 0.02403846153846154
0 0.2716346153846154 0.12259615384615385 0.02403846153846154 0.02403846153846154
0 0.22115384615384617 0.11538461538461539 0.02403846153846154 0.02403846153846154
0 0.28605769230769235 0.10817307692307693 0.02403846153846154 0.02403846153846154
0 0.5408653846153847 0.10817307692307693 0.02403846153846154 0.02403846153846154
0 0.2980769230769231 0.10096153846153846 0.02403846153846154 0.02403846153846154
0 0.6778846153846154 0.10096153846153846 0.02403846153846154 0.02403846153846154
0 0.59375 0.09615384615384616 0.02403846153846154 0.02403846153846154
0 0.764423076923077 0.09134615384615385 0.02403846153846154 0.02403846153846154
0 0.2668269230769231 0.08653846153846154 0.02403846153846154 0.02403846153846154
0 0.31009615384615385 0.06971153846153846 0.02403846153846154 0.02403846153846154
0 0.13701923076923078 0.05528846153846154 0.02403846153846154 0.02403846153846154
0 0.20192307692307693 0.05528846153846154 0.02403846153846154 0.02403846153846154
0 0.2668269230769231 0.038461538461538464 0.02403846153846154 0.02403846153846154
0 0.25480769230769235 0.9134615384615385 0.02403846153846154 0.02403846153846154
0 0.9086538461538463 0.7235576923076924 0.02403846153846154 0.02403846153846154
