0 0.6826923076923077 0.9447115384615385 0.02403846153846154 0.02403846153846154
0 0.04807692307692308 0.9182692307692308 0.02403846153846154 0.02403846153846154
0 0.1826923076923077 0.90625 0.02403846153846154 0.02403846153846154
0 0.21634615384615385 0.8942307692307693 0.02403846153846154 0.02403846153846154
0 0.7692307692307693 0.8557692307692308 0.02403846153846154 0.02403846153846154
0 0.19711538461538464 0.8413461538461539 0.02403846153846154 0.02403846153846154
0 0.625 0.795673076923077 0.02403846153846154 0.02403846153846154
0 0.49759615384615385 0.78125 0.02403846153846154 0.02403846153846154
0 0.21875 0.6995192307692308 0.02403846153846154 0.02403846153846154
0 0.1826923076923077 0.6778846153846154 0.02403846153846154 0.02403846153846154
0 0.37259615384615385 0.6634615384615385 0.02403846153846154 0.02403846153846154
0 0.4254807692307693 0.6057692307692308 0.02403846153846154 0.02403846153846154
0 0.3942307692307693 0.5889423076923077 0.02403846153846154 0.02403846153846154
0 0.2716346153846154 0.5673076923076923 0.02403846153846154 0.02403846153846154
0 0.4206730769230769 0.5649038461538461 0.02403846153846154 0.02403846153846154
0 0.875 0.5600961538461539 0.02403846153846154 0.02403846153846154
0 0.28365384615384615 0.5480769230769231 0.02403846153846154 0.02403846153846154
0 0.8413461538461539 0.53125 0.02403846153846154 0.02403846153846154
0 0.3629807692307693 0.5048076923076923 0.02403846153846154 0.02403846153846154
0 0.7139423076923077 0.5096153846153847 0.02403846153846154 0.02403846153846154
0 0.12259615384615385 0.5072115384615384 0.02403846153846154 0.02403846153846154
0 0.1826923076923077 0.4567307692307693 0.02403846153846154 0.02403846153846154
0 0.8197115384615385 0.44230769230769235 0.02403846153846154 0.02403846153846154
0 0.45432692307692313 0.44230769230769235 0.02403846153846154 0.02403846153846154
0 0.5120192307692308 0.43509615384615385 0.02403846153846154 0.02403846153846154
0 0.7860576923076924 0.4206730769230769 0.02403846153846154 0.02403846153846154
0 0.37980769230769235 0.42307692307692313 0.02403846153846154 0.02403846153846154
0 0.5889423076923077 0.40625 0.02403846153846154 0.02403846153846154
0 0.30528846153846156 0.3918269230769231 0.02403846153846154 0.02403846153846154
0 0.53125 0.375 0.02403846153846154 0.02403846153846154
0 0.7235576923076924 0.3581730769230769 0.02403846153846154 0.02403846153846154
0 0.795673076923077 0.34615384615384615 0.02403846153846154 0.02403846153846154
0 0.3028846153846154 0.33653846153846156 0.02403846153846154 0.02403846153846154
0 0.9350961538461539 0.2932692307692308 0.02403846153846154 0.02403846153846154
0 0.19951923076923078 0.27884615384615385 0.02403846153846154 0.02403846153846154
0 0.28365384615384615 0.2572115384615385 0.02403846153846154 0.02403846153846154
0 0.3245192307692308 0.25 0.02403846153846154 0.02403846153846154
0 0.2956730769230769 0.22355769230769232 0.02403846153846154 0.02403846153846154
0 0.36778846153846156 0.20673076923076925 0.02403846153846154 0.02403846153846154
0 0.5048076923076923 0.18509615384615385 0.02403846153846154 0.02403846153846154
0 0.48557692307692313 0.1826923076923077 0.02403846153846154 0.02403846153846154
0 0.5673076923076923 0.18028846153846154 0.02403846153846154 0.02403846153846154
0 0.3341346153846154 0.17067307692307693 0.02403846153846154 0.02403846153846154
0 0.3389423076923077 0.1466346153846154 0.02403846153846154 0.02403846153846154
0 0.21634615384615385 0.14423076923076925 0.02403846153846154 0.02403846153846154
0 0.3028846153846154 0.13942307692307693 0.02403846153846154 0.02403846153846154
0 0.04567307692307693 0.13221153846153846 0.02403846153846154 0.02403846153846154
0 0.2572115384615385 0.11298076923076923 0.02403846153846154 0.02403846153846154
0 0.8052884615384616 0.11057692307692309 0.02403846153846154 0.02403846153846154
0 0.7283653846153847 0.08173076923076923 0.02403846153846154 0.02403846153846154
0 0.3557692307692308 0.03605769230769231 0.02403846153846154 0.02403846153846154
0 0.9182692307692308 0.09855769230769232 0.02403846153846154 0.02403846153846154
0 0.625 0.5360576923076923 0.02403846153846154 0.02403846153846154
0 0.4278846153846154 0.07451923076923077 0.02403846153846154 0.02403846153846154
0 0.4086538461538462 0.22115384615384617 0.02403846153846154 0.02403846153846154
0 0.6490384615384616 0.889423076923077 0.02403846153846154 0.02403846153846154
0 0.0889423076923077 0.6442307692307693 0.02403846153846154 0.02403846153846154
