0 0.1778846153846154 0.8942307692307693 0.02403846153846154 0.02403846153846154
0 0.5817307692307693 0.8918269230769231 0.02403846153846154 0.02403846153846154
0 0.28365384615384615 0.7235576923076924 0.02403846153846154 0.02403846153846154
0 0.701923076923077 0.625 0.02403846153846154 0.02403846153846154
0 0.9278846153846154 0.59375 0.02403846153846154 0.02403846153846154
0 0.6899038461538461 0.5865384615384616 0.02403846153846154 0.02403846153846154
0 0.8798076923076924 0.5649038461538461 0.02403846153846154 0.02403846153846154
0 0.858173076923077 0.5480769230769231 0.02403846153846154 0.02403846153846154
0 0.5072115384615384 0.4639423076923077 0.02403846153846154 0.02403846153846154
0 0.4759615384615385 0.4519230769230769 0.02403846153846154 0.02403846153846154
0 0.5192307692307693 0.4519230769230769 0.02403846153846154 0.02403846153846154
0 0.45432692307692313 0.40625 0.02403846153846154 0.02403846153846154
0 0.8653846153846154 0.23798076923076925 0.02403846153846154 0.02403846153846154
0 0.8197115384615385 0.21153846153846156 0.02403846153846154 0.02403846153846154
0 0.7692307692307693 0.12980769230769232 0.02403846153846154 0.02403846153846154
0 0.90625 0.0889423076923077 0.02403846153846154 0.02403846153846154
0 0.6875 0.06730769230769232 0.02403846153846154 0.02403846153846154
0 0.9471153846153847 0.057692307692307696 0.02403846153846154 0.02403846153846154
0 0.2980769230769231 0.04567307692307693 0.02403846153846154 0.02403846153846154
0 0.6442307692307693 0.6899038461538461 0.02403846153846154 0.02403846153846154
0 0.5745192307692308 0.4086538461538462 0.02403846153846154 0.02403846153846154
0 0.4447115384615385 0.34855769230769235 0.02403846153846154 0.02403846153846154
0 0.3317307692307693 0.16586538461538464 0.02403846153846154 0.02403846153846154
0 0.24759615384615385 0.5985576923076923 0.02403846153846154 0.02403846153846154
0 0.07211538461538462 0.32211538461538464 0.02403846153846154 0.02403846153846154
0 0.5072115384615384 0.05288461538461539 0.02403846153846154 0.02403846153846154
0 0.41586538461538464 0.09134615384615385 0.02403846153846154 0.02403846153846154
0 0.8149038461538461 0.37980769230769235 0.02403846153846154 0.02403846153846154
0 0.7524038461538461 0.8701923076923077 0.02403846153846154 0.02403846153846154
0 0.13221153846153846 0.5048076923076923 0.02403846153846154 0.02403846153846154
0 0.25480769230769235 0.47836538461538464 0.02403846153846154 0.02403846153846154
0 0.31730769230769235 0.96875 0.02403846153846154 0.02403846153846154
0 0.2451923076923077 0.8413461538461539 0.02403846153846154 0.02403846153846154
