0 0.3894230769230769 0.9663461538461539 0.02403846153846154 0.02403846153846154
0 0.44230769230769235 0.9086538461538463 0.02403846153846154 0.02403846153846154
0 0.41105769230769235 0.8918269230769231 0.02403846153846154 0.02403846153846154
0 0.2884615384615385 0.8701923076923077 0.02403846153846154 0.02403846153846154
0 0.4375 0.8677884615384616 0.02403846153846154 0.02403846153846154
0 0.8918269230769231 0.8629807692307693 0.02403846153846154 0.02403846153846154
0 0.3004807692307693 0.8509615384615385 0.02403846153846154 0.02403846153846154
0 0.858173076923077 0.8341346153846154 0.02403846153846154 0.02403846153846154
0 0.37980769230769235 0.8076923076923077 0.02403846153846154 0.02403846153846154
0 0.7307692307692308 0.8125 0.02403846153846154 0.02403846153846154
0 0.13942307692307693 0.8100961538461539 0.02403846153846154 0.02403846153846154
0 0.19951923076923078 0.7596153846153847 0.02403846153846154 0.02403846153846154
0 0.8365384615384616 0.7451923076923077 0.02403846153846154 0.02403846153846154
0 0.4711538461538462 0.7451923076923077 0.02403846153846154 0.02403846153846154
0 0.5288461538461539 0.7379807692307693 0.02403846153846154 0.02403846153846154
0 0.8028846153846154 0.7235576923076924 0.02403846153846154 0.02403846153846154
0 0.3966346153846154 0.7259615384615385 0.02403846153846154 0.02403846153846154
0 0.6057692307692308 0.7091346153846154 0.02403846153846154 0.02403846153846154
0 0.32211538461538464 0.6947115384615385 0.02403846153846154 0.02403846153846154
0 0.5480769230769231 0.6778846153846154 0.02403846153846154 0.02403846153846154
0 0.7403846153846154 0.6610576923076923 0.02403846153846154 0.02403846153846154
0 0.8125 0.6490384615384616 0.02403846153846154 0.02403846153846154
0 0.3197115384615385 0.639423076923077 0.02403846153846154 0.02403846153846154
0 0.951923076923077 0.5961538461538461 0.02403846153846154 0.02403846153846154
0 0.21634615384615385 0.5817307692307693 0.02403846153846154 0.02403846153846154
0 0.3004807692307693 0.5600961538461539 0.02403846153846154 0.02403846153846154
0 0.34134615384615385 0.5528846153846154 0.02403846153846154 0.02403846153846154
0 0.3125 0.5264423076923077 0.02403846153846154 0.02403846153846154
0 0.38461538461538464 0.5096153846153847 0.02403846153846154 0.02403846153846154
0 0.5216346153846154 0.4879807692307693 0.02403846153846154 0.02403846153846154
0 0.5024038461538461 0.48557692307692313 0.02403846153846154 0.02403846153846154
0 0.5841346153846154 0.4831730769230769 0.02403846153846154 0.02403846153846154
0 0.3509615384615385 0.47355769230769235 0.02403846153846154 0.02403846153846154
0 0.3557692307692308 0.4495192307692308 0.02403846153846154 0.02403846153846154
0 0.23317307692307693 0.44711538461538464 0.02403846153846154 0.02403846153846154
0 0.3197115384615385 0.44230769230769235 0.02403846153846154 0.02403846153846154
0 0.0625 0.43509615384615385 0.02403846153846154 0.02403846153846154
0 0.27403846153846156 0.41586538461538464 0.02403846153846154 0.02403846153846154
0 0.8221153846153847 0.4134615384615385 0.02403846153846154 0.02403846153846154
0 0.7451923076923077 0.38461538461538464 0.02403846153846154 0.02403846153846154
0 0.37259615384615385 0.3389423076923077 0.02403846153846154 0.02403846153846154
0 0.5048076923076923 0.3076923076923077 0.02403846153846154 0.02403846153846154
0 0.8774038461538463 0.2980769230769231 0.02403846153846154 0.02403846153846154
0 0.2764423076923077 0.27884615384615385 0.02403846153846154 0.02403846153846154
0 0.3389423076923077 0.27884615384615385 0.02403846153846154 0.02403846153846154
0 0.41586538461538464 0.2764423076923077 0.02403846153846154 0.02403846153846154
0 0.7403846153846154 0.27403846153846156 0.02403846153846154 0.02403846153846154
0 0.28605769230769235 0.2572115384615385 0.02403846153846154 0.02403846153846154
0 0.8822115384615385 0.20192307692307693 0.02403846153846154 0.02403846153846154
0 0.9110576923076924 0.20192307692307693 0.02403846153846154 0.02403846153846154
0 0.6370192307692308 0.1875 0.02403846153846154 0.02403846153846154
0 0.5048076923076923 0.18990384615384617 0.02403846153846154 0.02403846153846154
0 0.34855769230769235 0.18028846153846154 0.02403846153846154 0.02403846153846154
0 0.9254807692307693 0.17067307692307693 0.02403846153846154 0.02403846153846154
0 0.1201923076923077 0.16586538461538464 0.02403846153846154 0.02403846153846154
0 0.6610576923076923 0.16346153846153846 0.02403846153846154 0.02403846153846154
0 0.5889423076923077 0.14903846153846154 0.02403846153846154 0.02403846153846154
0 0.06730769230769232 0.13221153846153846 0.02403846153846154 0.02403846153846154
0 0.3317307692307693 0.12259615384615385 0.02403846153846154 0.02403846153846154
0 0.71875 0.08653846153846154 0.02403846153846154 0.02403846153846154
0 0.28125 0.08413461538461539 0.02403846153846154 0.02403846153846154
0 0.05528846153846154 0.04567307692307693 0.02403846153846154 0.02403846153846154
0 0.47836538461538464 0.03605769230769231 0.02403846153846154 0.02403846153846154
0 0.9086538461538463 0.02403846153846154 0.02403846153846154 0.02403846153846154
0 0.6586538461538461 0.02403846153846154 0.02403846153846154 0.02403846153846154
0 0.9350961538461539 0.4014423076923077 0.02403846153846154 0.02403846153846154
0 0.6418269230769231 0.8389423076923077 0.02403846153846154 0.02403846153846154
0 0.4447115384615385 0.3774038461538462 0.02403846153846154 0.02403846153846154
0 0.4254807692307693 0.5240384615384616 0.02403846153846154 0.02403846153846154
0 0.2932692307692308 0.18509615384615385 0.02403846153846154 0.02403846153846154
0 0.10576923076923078 0.9471153846153847 0.02403846153846154 0.02403846153846154
