0 0.9423076923076924 0.96875 0.02403846153846154 0.02403846153846154
0 0.90625 0.9471153846153847 0.02403846153846154 0.02403846153846154
0 0.3581730769230769 0.9495192307692308 0.02403846153846154 0.02403846153846154
0 0.2884615384615385 0.9326923076923077 0.02403846153846154 0.02403846153846154
0 0.22355769230769232 0.9038461538461539 0.02403846153846154 0.02403846153846154
0 0.6730769230769231 0.8774038461538463 0.02403846153846154 0.02403846153846154
0 0.5745192307692308 0.826923076923077 0.02403846153846154 0.02403846153846154
0 0.4831730769230769 0.826923076923077 0.02403846153846154 0.02403846153846154
0 0.43028846153846156 0.826923076923077 0.02403846153846154 0.02403846153846154
0 0.514423076923077 0.8125 0.02403846153846154 0.02403846153846154
0 0.8461538461538463 0.7764423076923077 0.02403846153846154 0.02403846153846154
0 0.5024038461538461 0.7620192307692308 0.02403846153846154 0.02403846153846154
0 0.90625 0.7259615384615385 0.02403846153846154 0.02403846153846154
0 0.7163461538461539 0.7235576923076924 0.02403846153846154 0.02403846153846154
0 0.49278846153846156 0.6850961538461539 0.02403846153846154 0.02403846153846154
0 0.34615384615384615 0.670673076923077 0.02403846153846154 0.02403846153846154
0 0.6346153846153847 0.6201923076923077 0.02403846153846154 0.02403846153846154
0 0.576923076923077 0.59375 0.02403846153846154 0.02403846153846154
0 0.9230769230769231 0.5480769230769231 0.02403846153846154 0.02403846153846154
0 0.6995192307692308 0.5288461538461539 0.02403846153846154 0.02403846153846154
0 0.45432692307692313 0.4879807692307693 0.02403846153846154 0.02403846153846154
0 0.4254807692307693 0.4591346153846154 0.02403846153846154 0.02403846153846154
0 0.5216346153846154 0.4519230769230769 0.02403846153846154 0.02403846153846154
0 0.028846153846153848 0.45432692307692313 0.02403846153846154 0.02403846153846154
0 0.25480769230769235 0.42307692307692313 0.02403846153846154 0.02403846153846154
0 0.9399038461538463 0.4134615384615385 0.02403846153846154 0.02403846153846154
0 0.7692307692307693 0.4014423076923077 0.02403846153846154 0.02403846153846154
0 0.20673076923076925 0.3942307692307693 0.02403846153846154 0.02403846153846154
0 0.3269230769230769 0.3774038461538462 0.02403846153846154 0.02403846153846154
0 0.18509615384615385 0.3774038461538462 0.02403846153846154 0.02403846153846154
0 0.5360576923076923 0.30528846153846156 0.02403846153846154 0.02403846153846154
0 0.31730769230769235 0.3004807692307693 0.02403846153846154 0.02403846153846154
0 0.4182692307692308 0.25 0.02403846153846154 0.02403846153846154
0 0.6682692307692308 0.2091346153846154 0.02403846153846154 0.02403846153846154
0 0.5120192307692308 0.2043269230769231 0.02403846153846154 0.02403846153846154
0 0.576923076923077 0.2043269230769231 0.02403846153846154 0.02403846153846154
0 0.6850961538461539 0.14182692307692307 0.02403846153846154 0.02403846153846154
0 0.47355769230769235 0.13942307692307693 0.02403846153846154 0.02403846153846154
0 0.826923076923077 0.13221153846153846 0.02403846153846154 0.02403846153846154
0 0.7740384615384616 0.09855769230769232 0.02403846153846154 0.02403846153846154
0 0.19230769230769232 0.06730769230769232 0.02403846153846154 0.02403846153846154
0 0.1466346153846154 0.040865384615384616 0.02403846153846154 0.02403846153846154
0 0.14182692307692307 0.2091346153846154 0.02403846153846154 0.02403846153846154
0 0.07932692307692309 0.6995192307692308 0.02403846153846154 0.02403846153846154
0 0.3028846153846154 0.4711538461538462 0.02403846153846154 0.02403846153846154
0 0.8125 0.9134615384615385 0.02403846153846154 0.02403846153846154
