0 0.7475961538461539 0.9495192307692308 0.02403846153846154 0.02403846153846154
0 0.16826923076923078 0.9447115384615385 0.02403846153846154 0.02403846153846154
0 0.9326923076923077 0.9375 0.02403846153846154 0.02403846153846154
0 0.1778846153846154 0.9086538461538463 0.02403846153846154 0.02403846153846154
0 0.12740384615384617 0.8798076923076924 0.02403846153846154 0.02403846153846154
0 0.6538461538461539 0.8317307692307693 0.02403846153846154 0.02403846153846154
0 0.9543269230769231 0.795673076923077 0.02403846153846154 0.02403846153846154
0 0.9182692307692308 0.7740384615384616 0.02403846153846154 0.02403846153846154
0 0.3701923076923077 0.7764423076923077 0.02403846153846154 0.02403846153846154
0 0.3004807692307693 0.7596153846153847 0.02403846153846154 0.02403846153846154
0 0.2355769230769231 0.7307692307692308 0.02403846153846154 0.02403846153846154
0 0.6850961538461539 0.7043269230769231 0.02403846153846154 0.02403846153846154
0 0.5865384615384616 0.6538461538461539 0.02403846153846154 0.02403846153846154
0 0.4951923076923077 0.6538461538461539 0.02403846153846154 0.02403846153846154
0 0.44230769230769235 0.6538461538461539 0.02403846153846154 0.02403846153846154
0 0.5264423076923077 0.639423076923077 0.02403846153846154 0.02403846153846154
0 0.858173076923077 0.6033653846153847 0.02403846153846154 0.02403846153846154
0 0.514423076923077 0.5889423076923077 0.02403846153846154 0.02403846153846154
0 0.9182692307692308 0.5528846153846154 0.02403846153846154 0.02403846153846154
0 0.7283653846153847 0.5504807692307693 0.02403846153846154 0.02403846153846154
0 0.5048076923076923 0.5120192307692308 0.02403846153846154 0.02403846153846154
0 0.3581730769230769 0.49759615384615385 0.02403846153846154 0.02403846153846154
0 0.6466346153846154 0.44711538461538464 0.02403846153846154 0.02403846153846154
0 0.5889423076923077 0.4206730769230769 0.02403846153846154 0.02403846153846154
0 0.9350961538461539 0.375 0.02403846153846154 0.02403846153846154
0 0.7115384615384616 0.3557692307692308 0.02403846153846154 0.02403846153846154
0 0.46634615384615385 0.31490384615384615 0.02403846153846154 0.02403846153846154
0 0.4375 0.28605769230769235 0.02403846153846154 0.02403846153846154
0 0.5336538461538461 0.27884615384615385 0.02403846153846154 0.02403846153846154
0 0.040865384615384616 0.28125 0.02403846153846154 0.02403846153846154
0 0.2668269230769231 0.25 0.02403846153846154 0.02403846153846154
0 0.951923076923077 0.2403846153846154 0.02403846153846154 0.02403846153846154
0 0.028846153846153848 0.24278846153846156 0.02403846153846154 0.02403846153846154
0 0.78125 0.22836538461538464 0.02403846153846154 0.02403846153846154
0 0.21875 0.22115384615384617 0.02403846153846154 0.02403846153846154
0 0.3389423076923077 0.2043269230769231 0.02403846153846154 0.02403846153846154
0 0.19711538461538464 0.2043269230769231 0.02403846153846154 0.02403846153846154
0 0.5480769230769231 0.13221153846153846 0.02403846153846154 0.02403846153846154
0 0.3293269230769231 0.12740384615384617 0.02403846153846154 0.02403846153846154
0 0.43028846153846156 0.07692307692307693 0.02403846153846154 0.02403846153846154
0 0.6802884615384616 0.03605769230769231 0.02403846153846154 0.02403846153846154
0 0.5240384615384616 0.03125 0.02403846153846154 0.02403846153846154
0 0.5889423076923077 0.03125 0.02403846153846154 0.02403846153846154
0 0.15384615384615385 0.03605769230769231 0.02403846153846154 0.02403846153846154
0 0.09134615384615385 0.5264423076923077 0.02403846153846154 0.02403846153846154
0 0.31490384615384615 0.2980769230769231 0.02403846153846154 0.02403846153846154
0 0.8245192307692308 0.7403846153846154 0.02403846153846154 0.02403846153846154
