0 0.3942307692307693 0.9711538461538463 0.02403846153846154 0.02403846153846154
0 0.2980769230769231 0.9663461538461539 0.02403846153846154 0.02403846153846154
0 0.5793269230769231 0.9543269230769231 0.02403846153846154 0.02403846153846154
0 0.06009615384615385 0.920673076923077 0.02403846153846154 0.02403846153846154
0 0.18028846153846154 0.9086538461538463 0.02403846153846154 0.02403846153846154
0 0.34615384615384615 0.90625 0.02403846153846154 0.02403846153846154
0 0.41105769230769235 0.9014423076923077 0.02403846153846154 0.02403846153846154
0 0.08413461538461539 0.8966346153846154 0.02403846153846154 0.02403846153846154
0 0.46875 0.8725961538461539 0.02403846153846154 0.02403846153846154
0 0.3774038461538462 0.8509615384615385 0.02403846153846154 0.02403846153846154
0 0.9278846153846154 0.8509615384615385 0.02403846153846154 0.02403846153846154
0 0.5649038461538461 0.7764423076923077 0.02403846153846154 0.02403846153846154
0 0.24278846153846156 0.7668269230769231 0.02403846153846154 0.02403846153846154
0 0.59375 0.7668269230769231 0.02403846153846154 0.02403846153846154
0 0.2956730769230769 0.7572115384615385 0.02403846153846154 0.02403846153846154
0 0.06009615384615385 0.7475961538461539 0.02403846153846154 0.02403846153846154
0 0.028846153846153848 0.7451923076923077 0.02403846153846154 0.02403846153846154
0 0.5625 0.7427884615384616 0.02403846153846154 0.02403846153846154
0 0.6947115384615385 0.7379807692307693 0.02403846153846154 0.02403846153846154
0 0.04807692307692308 0.7307692307692308 0.02403846153846154 0.02403846153846154
0 0.4254807692307693 0.7211538461538461 0.02403846153846154 0.02403846153846154
0 0.5192307692307693 0.7139423076923077 0.02403846153846154 0.02403846153846154
0 0.16826923076923078 0.6971153846153847 0.02403846153846154 0.02403846153846154
0 0.19471153846153846 0.6754807692307693 0.02403846153846154 0.02403846153846154
0 0.09615384615384616 0.670673076923077 0.02403846153846154 0.02403846153846154
0 0.8293269230769231 0.6658653846153847 0.02403846153846154 0.02403846153846154
0 0.49759615384615385 0.6658653846153847 0.02403846153846154 0.02403846153846154
0 0.27403846153846156 0.6658653846153847 0.02403846153846154 0.02403846153846154
0 0.7403846153846154 0.6658653846153847 0.02403846153846154 0.02403846153846154
0 0.7427884615384616 0.6322115384615385 0.02403846153846154 0.02403846153846154
0 0.6875 0.6153846153846154 0.02403846153846154 0.02403846153846154
0 0.9086538461538463 0.6105769230769231 0.02403846153846154 0.02403846153846154
0 0.39903846153846156 0.6057692307692308 0.02403846153846154 0.02403846153846154
0 0.5024038461538461 0.608173076923077 0.02403846153846154 0.02403846153846154
0 0.545673076923077 0.5913461538461539 0.02403846153846154 0.02403846153846154
0 0.7764423076923077 0.5841346153846154 0.02403846153846154 0.02403846153846154
0 0.31730769230769235 0.5913461538461539 0.02403846153846154 0.02403846153846154
0 0.8028846153846154 0.5817307692307693 0.02403846153846154 0.02403846153846154
0 0.5360576923076923 0.5817307692307693 0.02403846153846154 0.02403846153846154
0 0.14182692307692307 0.5793269230769231 0.02403846153846154 0.02403846153846154
0 0.19951923076923078 0.5673076923076923 0.02403846153846154 0.02403846153846154
0 0.6971153846153847 0.5625 0.02403846153846154 0.02403846153846154
0 0.9158653846153847 0.5480769230769231 0.02403846153846154 0.02403846153846154
0 0.7596153846153847 0.5480769230769231 0.02403846153846154 0.02403846153846154
0 0.1201923076923077 0.5480769230769231 0.02403846153846154 0.02403846153846154
0 0.5 0.5240384615384616 0.02403846153846154 0.02403846153846154
0 0.1826923076923077 0.5120192307692308 0.02403846153846154 0.02403846153846154
0 0.6995192307692308 0.5120192307692308 0.02403846153846154 0.02403846153846154
0 0.29086538461538464 0.49278846153846156 0.02403846153846154 0.02403846153846154
0 0.96875 0.4903846153846154 0.02403846153846154 0.02403846153846154
0 0.07932692307692309 0.4903846153846154 0.02403846153846154 0.02403846153846154
0 0.8365384615384616 0.4807692307692308 0.02403846153846154 0.02403846153846154
0 0.5985576923076923 0.44711538461538464 0.02403846153846154 0.02403846153846154
0 0.5216346153846154 0.4326923076923077 0.02403846153846154 0.02403846153846154
0 0.3894230769230769 0.43509615384615385 0.02403846153846154 0.02403846153846154
0 0.1466346153846154 0.4326923076923077 0.02403846153846154 0.02403846153846154
0 0.9471153846153847 0.43028846153846156 0.02403846153846154 0.02403846153846154
0 0.4903846153846154 0.4254807692307693 0.02403846153846154 0.02403846153846154
0 0.6322115384615385 0.3894230769230769 0.02403846153846154 0.02403846153846154
0 0.16346153846153846 0.3918269230769231 0.02403846153846154 0.02403846153846154
0 0.06009615384615385 0.3870192307692308 0.02403846153846154 0.02403846153846154
0 0.3269230769230769 0.38461538461538464 0.02403846153846154 0.02403846153846154
0 0.21153846153846156 0.38461538461538464 0.02403846153846154 0.02403846153846154
0 0.6995192307692308 0.37980769230769235 0.02403846153846154 0.02403846153846154
0 0.24759615384615385 0.37980769230769235 0.02403846153846154 0.02403846153846154
0 0.3581730769230769 0.375 0.02403846153846154 0.02403846153846154
0 0.8822115384615385 0.3701923076923077 0.02403846153846154 0.02403846153846154
0 0.9663461538461539 0.3197115384615385 0.02403846153846154 0.02403846153846154
0 0.9447115384615385 0.31730769230769235 0.02403846153846154 0.02403846153846154
0 0.6538461538461539 0.31730769230769235 0.02403846153846154 0.02403846153846154
0 0.4086538461538462 0.3125 0.02403846153846154 0.02403846153846154
0 0.5576923076923077 0.30528846153846156 0.02403846153846154 0.02403846153846154
0 0.6682692307692308 0.2980769230769231 0.02403846153846154 0.02403846153846154
0 0.23317307692307693 0.2932692307692308 0.02403846153846154 0.02403846153846154
0 0.3028846153846154 0.28125 0.02403846153846154 0.02403846153846154
0 0.75 0.27884615384615385 0.02403846153846154 0.02403846153846154
0 0.5649038461538461 0.2644230769230769 0.02403846153846154 0.02403846153846154
0 0.4711538461538462 0.2572115384615385 0.02403846153846154 0.02403846153846154
0 0.3942307692307693 0.2403846153846154 0.02403846153846154 0.02403846153846154
0 0.15384615384615385 0.2355769230769231 0.02403846153846154 0.02403846153846154
0 0.21875 0.21875 0.02403846153846154 0.02403846153846154
0 0.07211538461538462 0.21875 0.02403846153846154 0.02403846153846154
0 0.7764423076923077 0.21153846153846156 0.02403846153846154 0.02403846153846154
0 0.6466346153846154 0.20192307692307693 0.02403846153846154 0.02403846153846154
0 0.7932692307692308 0.18990384615384617 0.02403846153846154 0.02403846153846154
0 0.875 0.1875 0.02403846153846154 0.02403846153846154
0 0.8341346153846154 0.1875 0.02403846153846154 0.02403846153846154
0 0.733173076923077 0.18509615384615385 0.02403846153846154 0.02403846153846154
0 0.8798076923076924 0.16826923076923078 0.02403846153846154 0.02403846153846154
0 0.7788461538461539 0.16586538461538464 0.02403846153846154 0.02403846153846154
0 0.5552884615384616 0.16346153846153846 0.02403846153846154 0.02403846153846154
0 0.15384615384615385 0.14182692307692307 0.02403846153846154 0.02403846153846154
0 0.3774038461538462 0.13461538461538464 0.02403846153846154 0.02403846153846154
0 0.7860576923076924 0.12980769230769232 0.02403846153846154 0.02403846153846154
0 0.5817307692307693 0.13221153846153846 0.02403846153846154 0.02403846153846154
0 0.05048076923076923 0.12259615384615385 0.02403846153846154 0.02403846153846154
0 0.026442307692307696 0.11057692307692309 0.02403846153846154 0.02403846153846154
0 0.22836538461538464 0.10096153846153846 0.02403846153846154 0.02403846153846154
0 0.16346153846153846 0.0889423076923077 0.02403846153846154 0.02403846153846154
0 0.4807692307692308 0.08653846153846154 0.02403846153846154 0.02403846153846154
0 0.3918269230769231 0.07692307692307693 0.02403846153846154 0.02403846153846154
0 0.5240384615384616 0.07451923076923077 0.02403846153846154 0.02403846153846154
0 0.5048076923076923 0.05288461538461539 0.02403846153846154 0.02403846153846154
0 0.545673076923077 0.04567307692307693 0.02403846153846154 0.02403846153846154
0 0.8990384615384616 0.040865384615384616 0.02403846153846154 0.02403846153846154
0 0.25961538461538464 0.03605769230769231 0.02403846153846154 0.02403846153846154
0 0.026442307692307696 0.026442307692307696 0.02403846153846154 0.02403846153846154
0 0.9230769230769231 0.4759615384615385 0.02403846153846154 0.02403846153846154
0 0.8173076923076924 0.8365384615384616 0.02403846153846154 0.02403846153846154
0 0.7836538461538461 0.3269230769230769 0.02403846153846154 0.02403846153846154
0 0.7572115384615385 0.3918269230769231 0.02403846153846154 0.02403846153846154
0 0.8221153846153847 0.4399038461538462 0.02403846153846154 0.02403846153846154
0 0.875 0.4086538461538462 0.02403846153846154 0.02403846153846154
0 0.19951923076923078 0.2091346153846154 0.02403846153846154 0.02403846153846154
0 0.04326923076923077 0.28605769230769235 0.02403846153846154 0.02403846153846154
