0 0.795673076923077 0.9471153846153847 0.02403846153846154 0.02403846153846154
0 0.8173076923076924 0.9471153846153847 0.02403846153846154 0.02403846153846154
0 0.8798076923076924 0.8485576923076924 0.02403846153846154 0.02403846153846154
0 0.8533653846153847 0.8221153846153847 0.02403846153846154 0.02403846153846154
0 0.8870192307692308 0.639423076923077 0.02403846153846154 0.02403846153846154
0 0.17548076923076925 0.6009615384615385 0.02403846153846154 0.02403846153846154
0 0.9399038461538463 0.5841346153846154 0.02403846153846154 0.02403846153846154
0 0.9543269230769231 0.5432692307692308 0.02403846153846154 0.02403846153846154
0 0.21875 0.5240384615384616 0.02403846153846154 0.02403846153846154
0 0.5841346153846154 0.5072115384615384 0.02403846153846154 0.02403846153846154
0 0.375 0.4567307692307693 0.02403846153846154 0.02403846153846154
0 0.7836538461538461 0.4591346153846154 0.02403846153846154 0.02403846153846154
0 0.7980769230769231 0.4086538461538462 0.02403846153846154 0.02403846153846154
0 0.2139423076923077 0.35336538461538464 0.02403846153846154 0.02403846153846154
0 0.6730769230769231 0.31490384615384615 0.02403846153846154 0.02403846153846154
0 0.28125 0.3028846153846154 0.02403846153846154 0.02403846153846154
0 0.8125 0.2956730769230769 0.02403846153846154 0.02403846153846154
0 0.3822115384615385 0.2692307692307693 0.02403846153846154 0.02403846153846154
0 0.2764423076923077 0.2716346153846154 0.02403846153846154 0.02403846153846154
0 0.3629807692307693 0.25240384615384615 0.02403846153846154 0.02403846153846154
0 0.22836538461538464 0.19230769230769232 0.02403846153846154 0.02403846153846154
0 0.1875 0.12980769230769232 0.02403846153846154 0.02403846153846154
0 0.6802884615384616 0.07211538461538462 0.02403846153846154 0.02403846153846154
0 0.6057692307692308 0.04807692307692308 0.02403846153846154 0.02403846153846154
0 0.4903846153846154 0.2572115384615385 0.02403846153846154 0.02403846153846154
0 0.5697115384615385 0.1826923076923077 0.02403846153846154 0.02403846153846154
0 0.826923076923077 0.24759615384615385 0.02403846153846154 0.02403846153846154
0 0.08413461538461539 0.4447115384615385 0.02403846153846154 0.02403846153846154
0 0.1778846153846154 0.0625 0.02403846153846154 0.02403846153846154
0 0.7043269230769231 0.12259615384615385 0.02403846153846154 0.02403846153846154
0 0.6129807692307693 0.14182692307692307 0.02403846153846154 0.02403846153846154
0 0.875 0.6971153846153847 0.02403846153846154 0.02403846153846154
0 0.5216346153846154 0.733173076923077 0.02403846153846154 0.02403846153846154
0 0.7836538461538461 0.7139423076923077 0.02403846153846154 0.02403846153846154
0 0.4206730769230769 0.6826923076923077 0.02403846153846154 0.02403846153846154
0 0.4254807692307693 0.8653846153846154 0.02403846153846154 0.02403846153846154
0 0.21875 0.733173076923077 0.02403846153846154 0.02403846153846154
0 0.09134615384615385 0.6875 0.02403846153846154 0.02403846153846154
0 0.2043269230769231 0.8798076923076924 0.02403846153846154 0.02403846153846154
0 0.22596153846153846 0.8293269230769231 0.02403846153846154 0.02403846153846154
0 0.5504807692307693 0.10336538461538462 0.02403846153846154 0.02403846153846154
0 0.39903846153846156 0.5072115384615384 0.02403846153846154 0.02403846153846154
0 0.6057692307692308 0.3870192307692308 0.02403846153846154 0.02403846153846154
0 0.5384615384615385 0.5625 0.02403846153846154 0.02403846153846154
0 0.7764423076923077 0.5096153846153847 0.02403846153846154 0.02403846153846154
0 0.8485576923076924 0.34615384615384615 0.02403846153846154 0.02403846153846154
0 0.9495192307692308 0.4254807692307693 0.02403846153846154 0.02403846153846154
0 0.44711538461538464 0.2668269230769231 0.02403846153846154 0.02403846153846154
0 0.31730769230769235 0.3942307692307693 0.02403846153846154 0.02403846153846154
0 0.2716346153846154 0.44230769230769235 0.02403846153846154 0.02403846153846154
0 0.3293269230769231 0.5504807692307693 0.02403846153846154 0.02403846153846154
0 0.07451923076923077 0.10336538461538462 0.02403846153846154 0.02403846153846154
0 0.7091346153846154 0.21634615384615385 0.02403846153846154 0.02403846153846154
0 0.733173076923077 0.2668269230769231 0.02403846153846154 0.02403846153846154
0 0.7163461538461539 0.6033653846153847 0.02403846153846154 0.02403846153846154
0 0.7475961538461539 0.920673076923077 0.02403846153846154 0.02403846153846154
0 0.13221153846153846 0.3317307692307693 0.02403846153846154 0.02403846153846154
