0 0.8701923076923077 0.9182692307692308 0.02403846153846154 0.02403846153846154
0 0.6105769230769231 0.9158653846153847 0.02403846153846154 0.02403846153846154
0 0.8846153846153847 0.8653846153846154 0.02403846153846154 0.02403846153846154
0 0.5336538461538461 0.8149038461538461 0.02403846153846154 0.02403846153846154
0 0.03605769230769231 0.8197115384615385 0.02403846153846154 0.02403846153846154
0 0.09375 0.7908653846153847 0.02403846153846154 0.02403846153846154
0 0.11538461538461539 0.7908653846153847 0.02403846153846154 0.02403846153846154
0 0.6129807692307693 0.7572115384615385 0.02403846153846154 0.02403846153846154
0 0.9278846153846154 0.75 0.02403846153846154 0.02403846153846154
0 0.8293269230769231 0.7379807692307693 0.02403846153846154 0.02403846153846154
0 0.4086538461538462 0.7307692307692308 0.02403846153846154 0.02403846153846154
0 0.49759615384615385 0.7043269230769231 0.02403846153846154 0.02403846153846154
0 0.1778846153846154 0.6923076923076923 0.02403846153846154 0.02403846153846154
0 0.8076923076923077 0.6730769230769231 0.02403846153846154 0.02403846153846154
0 0.1514423076923077 0.6658653846153847 0.02403846153846154 0.02403846153846154
0 0.6346153846153847 0.6370192307692308 0.02403846153846154 0.02403846153846154
0 0.625 0.6201923076923077 0.02403846153846154 0.02403846153846154
0 0.8557692307692308 0.6057692307692308 0.02403846153846154 0.02403846153846154
0 0.96875 0.5865384615384616 0.02403846153846154 0.02403846153846154
0 0.71875 0.5721153846153847 0.02403846153846154 0.02403846153846154
0 0.28125 0.5721153846153847 0.02403846153846154 0.02403846153846154
0 0.9230769230769231 0.5600961538461539 0.02403846153846154 0.02403846153846154
0 0.7379807692307693 0.545673076923077 0.02403846153846154 0.02403846153846154
0 0.6971153846153847 0.5504807692307693 0.02403846153846154 0.02403846153846154
0 0.6322115384615385 0.5192307692307693 0.02403846153846154 0.02403846153846154
0 0.5096153846153847 0.5048076923076923 0.02403846153846154 0.02403846153846154
0 0.4807692307692308 0.4951923076923077 0.02403846153846154 0.02403846153846154
0 0.33653846153846156 0.4879807692307693 0.02403846153846154 0.02403846153846154
0 0.18509615384615385 0.4831730769230769 0.02403846153846154 0.02403846153846154
0 0.7908653846153847 0.46153846153846156 0.02403846153846154 0.02403846153846154
0 0.670673076923077 0.4447115384615385 0.02403846153846154 0.02403846153846154
0 0.8557692307692308 0.4375 0.02403846153846154 0.02403846153846154
0 0.23798076923076925 0.4278846153846154 0.02403846153846154 0.02403846153846154
0 0.8149038461538461 0.41586538461538464 0.02403846153846154 0.02403846153846154
0 0.7163461538461539 0.40384615384615385 0.02403846153846154 0.02403846153846154
0 0.6971153846153847 0.4014423076923077 0.02403846153846154 0.02403846153846154
0 0.5384615384615385 0.3966346153846154 0.02403846153846154 0.02403846153846154
0 0.25240384615384615 0.3870192307692308 0.02403846153846154 0.02403846153846154
0 0.7115384615384616 0.37259615384615385 0.02403846153846154 0.02403846153846154
0 0.5600961538461539 0.34855769230769235 0.02403846153846154 0.02403846153846154
0 0.5360576923076923 0.34615384615384615 0.02403846153846154 0.02403846153846154
0 0.27403846153846156 0.3269230769230769 0.02403846153846154 0.02403846153846154
0 0.5120192307692308 0.3197115384615385 0.02403846153846154 0.02403846153846154
0 0.9254807692307693 0.31490384615384615 0.02403846153846154 0.02403846153846154
0 0.44230769230769235 0.3197115384615385 0.02403846153846154 0.02403846153846154
0 0.9471153846153847 0.30528846153846156 0.02403846153846154 0.02403846153846154
0 0.6947115384615385 0.3028846153846154 0.02403846153846154 0.02403846153846154
0 0.764423076923077 0.3028846153846154 0.02403846153846154 0.02403846153846154
0 0.08173076923076923 0.3028846153846154 0.02403846153846154 0.02403846153846154
0 0.5240384615384616 0.2956730769230769 0.02403846153846154 0.02403846153846154
0 0.40625 0.2932692307692308 0.02403846153846154 0.02403846153846154
0 0.09615384615384616 0.25240384615384615 0.02403846153846154 0.02403846153846154
0 0.9230769230769231 0.24759615384615385 0.02403846153846154 0.02403846153846154
0 0.7379807692307693 0.23317307692307693 0.02403846153846154 0.02403846153846154
0 0.9663461538461539 0.21875 0.02403846153846154 0.02403846153846154
0 0.8100961538461539 0.21634615384615385 0.02403846153846154 0.02403846153846154
0 0.5889423076923077 0.20673076923076925 0.02403846153846154 0.02403846153846154
0 0.4567307692307693 0.19711538461538464 0.02403846153846154 0.02403846153846154
0 0.49759615384615385 0.17548076923076925 0.02403846153846154 0.02403846153846154
0 0.39903846153846156 0.17548076923076925 0.02403846153846154 0.02403846153846154
0 0.3004807692307693 0.17067307692307693 0.02403846153846154 0.02403846153846154
0 0.47836538461538464 0.1514423076923077 0.02403846153846154 0.02403846153846154
0 0.3341346153846154 0.14182692307692307 0.02403846153846154 0.02403846153846154
0 0.11057692307692309 0.13942307692307693 0.02403846153846154 0.02403846153846154
0 0.9254807692307693 0.12980769230769232 0.02403846153846154 0.02403846153846154
0 0.7620192307692308 0.12740384615384617 0.02403846153846154 0.02403846153846154
0 0.7139423076923077 0.11538461538461539 0.02403846153846154 0.02403846153846154
0 0.608173076923077 0.11057692307692309 0.02403846153846154 0.02403846153846154
0 0.5865384615384616 0.07211538461538462 0.02403846153846154 0.02403846153846154
0 0.5096153846153847 0.06009615384615385 0.02403846153846154 0.02403846153846154
0 0.9134615384615385 0.05288461538461539 0.02403846153846154 0.02403846153846154
0 0.7692307692307693 0.04567307692307693 0.02403846153846154 0.02403846153846154
0 0.9254807692307693 0.04326923076923077 0.02403846153846154 0.02403846153846154
0 0.608173076923077 0.04326923076923077 0.02403846153846154 0.02403846153846154
0 0.6899038461538461 0.040865384615384616 0.02403846153846154 0.02403846153846154
0 0.49278846153846156 0.038461538461538464 0.02403846153846154 0.02403846153846154
0 0.7067307692307693 0.028846153846153848 0.02403846153846154 0.02403846153846154
0 0.125 0.09134615384615385 0.02403846153846154 0.02403846153846154
0 0.40384615384615385 0.3701923076923077 0.02403846153846154 0.02403846153846154
0 0.49278846153846156 0.41586538461538464 0.02403846153846154 0.02403846153846154
0 0.44711538461538464 0.4807692307692308 0.02403846153846154 0.02403846153846154
0 0.3894230769230769 0.6201923076923077 0.02403846153846154 0.02403846153846154
0 0.3581730769230769 0.6153846153846154 0.02403846153846154 0.02403846153846154
0 0.43509615384615385 0.53125 0.02403846153846154 0.02403846153846154
0 0.17307692307692307 0.5408653846153847 0.02403846153846154 0.02403846153846154
0 0.08173076923076923 0.5576923076923077 0.02403846153846154 0.02403846153846154
0 0.07451923076923077 0.8966346153846154 0.02403846153846154 0.02403846153846154
0 0.3341346153846154 0.7908653846153847 0.02403846153846154 0.02403846153846154
0 0.2932692307692308 0.7620192307692308 0.02403846153846154 0.02403846153846154
0 0.6274038461538461 0.8076923076923077 0.02403846153846154 0.02403846153846154
0 0.6634615384615385 0.8798076923076924 0.02403846153846154 0.02403846153846154
0 0.8317307692307693 0.14903846153846154 0.02403846153846154 0.02403846153846154
0 0.8677884615384616 0.0625 0.02403846153846154 0.02403846153846154
0 0.7692307692307693 0.43028846153846156 0.02403846153846154 0.02403846153846154
0 0.6778846153846154 0.13942307692307693 0.02403846153846154 0.02403846153846154
0 0.6298076923076923 0.23076923076923078 0.02403846153846154 0.02403846153846154
0 0.3004807692307693 0.38461538461538464 0.02403846153846154 0.02403846153846154
0 0.07451923076923077 0.35336538461538464 0.02403846153846154 0.02403846153846154
0 0.1466346153846154 0.18990384615384617 0.02403846153846154 0.02403846153846154
0 0.24759615384615385 0.2692307692307693 0.02403846153846154 0.02403846153846154
0 0.03125 0.11057692307692309 0.02403846153846154 0.02403846153846154
0 0.545673076923077 0.13942307692307693 0.02403846153846154 0.02403846153846154
0 0.04567307692307693 0.764423076923077 0.02403846153846154 0.02403846153846154
