0 0.5240384615384616 0.9663461538461539 0.02403846153846154 0.02403846153846154
0 0.608173076923077 0.9038461538461539 0.02403846153846154 0.02403846153846154
0 0.34855769230769235 0.9014423076923077 0.02403846153846154 0.02403846153846154
0 0.795673076923077 0.8605769230769231 0.02403846153846154 0.02403846153846154
0 0.764423076923077 0.858173076923077 0.02403846153846154 0.02403846153846154
0 0.6225961538461539 0.8509615384615385 0.02403846153846154 0.02403846153846154
0 0.7836538461538461 0.84375 0.02403846153846154 0.02403846153846154
0 0.9038461538461539 0.8100961538461539 0.02403846153846154 0.02403846153846154
0 0.2716346153846154 0.8004807692307693 0.02403846153846154 0.02403846153846154
0 0.9302884615384616 0.7884615384615385 0.02403846153846154 0.02403846153846154
0 0.8317307692307693 0.7836538461538461 0.02403846153846154 0.02403846153846154
0 0.3509615384615385 0.7427884615384616 0.02403846153846154 0.02403846153846154
0 0.6658653846153847 0.7355769230769231 0.02403846153846154 0.02403846153846154
0 0.5673076923076923 0.7235576923076924 0.02403846153846154 0.02403846153846154
0 0.7548076923076924 0.71875 0.02403846153846154 0.02403846153846154
0 0.1466346153846154 0.7163461538461539 0.02403846153846154 0.02403846153846154
0 0.8774038461538463 0.6923076923076923 0.02403846153846154 0.02403846153846154
0 0.2355769230769231 0.6899038461538461 0.02403846153846154 0.02403846153846154
0 0.9350961538461539 0.6802884615384616 0.02403846153846154 0.02403846153846154
0 0.7355769230769231 0.670673076923077 0.02403846153846154 0.02403846153846154
0 0.8557692307692308 0.6610576923076923 0.02403846153846154 0.02403846153846154
0 0.545673076923077 0.6586538461538461 0.02403846153846154 0.02403846153846154
0 0.9182692307692308 0.625 0.02403846153846154 0.02403846153846154
0 0.37259615384615385 0.6225961538461539 0.02403846153846154 0.02403846153846154
0 0.3629807692307693 0.6057692307692308 0.02403846153846154 0.02403846153846154
0 0.8149038461538461 0.6033653846153847 0.02403846153846154 0.02403846153846154
0 0.59375 0.5913461538461539 0.02403846153846154 0.02403846153846154
0 0.7067307692307693 0.5721153846153847 0.02403846153846154 0.02403846153846154
0 0.4567307692307693 0.5576923076923077 0.02403846153846154 0.02403846153846154
0 0.8822115384615385 0.545673076923077 0.02403846153846154 0.02403846153846154
0 0.6610576923076923 0.545673076923077 0.02403846153846154 0.02403846153846154
0 0.4759615384615385 0.53125 0.02403846153846154 0.02403846153846154
0 0.43509615384615385 0.5360576923076923 0.02403846153846154 0.02403846153846154
0 0.3701923076923077 0.5048076923076923 0.02403846153846154 0.02403846153846154
0 0.8990384615384616 0.5048076923076923 0.02403846153846154 0.02403846153846154
0 0.795673076923077 0.5 0.02403846153846154 0.02403846153846154
0 0.9471153846153847 0.49759615384615385 0.02403846153846154 0.02403846153846154
0 0.24759615384615385 0.4903846153846154 0.02403846153846154 0.02403846153846154
0 0.21875 0.4807692307692308 0.02403846153846154 0.02403846153846154
0 0.07451923076923077 0.47355769230769235 0.02403846153846154 0.02403846153846154
0 0.7163461538461539 0.4591346153846154 0.02403846153846154 0.02403846153846154
0 0.5288461538461539 0.44711538461538464 0.02403846153846154 0.02403846153846154
0 0.4086538461538462 0.43028846153846156 0.02403846153846154 0.02403846153846154
0 0.59375 0.42307692307692313 0.02403846153846154 0.02403846153846154
0 0.96875 0.40625 0.02403846153846154 0.02403846153846154
0 0.5528846153846154 0.4014423076923077 0.02403846153846154 0.02403846153846154
0 0.45432692307692313 0.3894230769230769 0.02403846153846154 0.02403846153846154
0 0.43509615384615385 0.3870192307692308 0.02403846153846154 0.02403846153846154
0 0.2764423076923077 0.3822115384615385 0.02403846153846154 0.02403846153846154
0 0.4495192307692308 0.3581730769230769 0.02403846153846154 0.02403846153846154
0 0.889423076923077 0.34855769230769235 0.02403846153846154 0.02403846153846154
0 0.2980769230769231 0.3341346153846154 0.02403846153846154 0.02403846153846154
0 0.9543269230769231 0.3317307692307693 0.02403846153846154 0.02403846153846154
0 0.8076923076923077 0.3317307692307693 0.02403846153846154 0.02403846153846154
0 0.27403846153846156 0.3317307692307693 0.02403846153846154 0.02403846153846154
0 0.25 0.30528846153846156 0.02403846153846154 0.02403846153846154
0 0.6634615384615385 0.3004807692307693 0.02403846153846154 0.02403846153846154
0 0.18028846153846154 0.30528846153846156 0.02403846153846154 0.02403846153846154
0 0.6850961538461539 0.29086538461538464 0.02403846153846154 0.02403846153846154
0 0.4326923076923077 0.2884615384615385 0.02403846153846154 0.02403846153846154
0 0.5024038461538461 0.2884615384615385 0.02403846153846154 0.02403846153846154
0 0.2620192307692308 0.28125 0.02403846153846154 0.02403846153846154
0 0.14423076923076925 0.27884615384615385 0.02403846153846154 0.02403846153846154
0 0.889423076923077 0.25480769230769235 0.02403846153846154 0.02403846153846154
0 0.7860576923076924 0.2355769230769231 0.02403846153846154 0.02403846153846154
0 0.6610576923076923 0.23317307692307693 0.02403846153846154 0.02403846153846154
0 0.7620192307692308 0.22355769230769232 0.02403846153846154 0.02403846153846154
0 0.4759615384615385 0.21875 0.02403846153846154 0.02403846153846154
0 0.9639423076923077 0.2139423076923077 0.02403846153846154 0.02403846153846154
0 0.7043269230769231 0.2043269230769231 0.02403846153846154 0.02403846153846154
0 0.8990384615384616 0.20192307692307693 0.02403846153846154 0.02403846153846154
0 0.5480769230769231 0.20192307692307693 0.02403846153846154 0.02403846153846154
0 0.3269230769230769 0.19230769230769232 0.02403846153846154 0.02403846153846154
0 0.19471153846153846 0.1826923076923077 0.02403846153846154 0.02403846153846154
0 0.2355769230769231 0.16105769230769232 0.02403846153846154 0.02403846153846154
0 0.13701923076923078 0.16105769230769232 0.02403846153846154 0.02403846153846154
0 0.038461538461538464 0.15625 0.02403846153846154 0.02403846153846154
0 0.7620192307692308 0.13942307692307693 0.02403846153846154 0.02403846153846154
0 0.7860576923076924 0.13221153846153846 0.02403846153846154 0.02403846153846154
0 0.21634615384615385 0.13701923076923078 0.02403846153846154 0.02403846153846154
0 0.07211538461538462 0.12740384615384617 0.02403846153846154 0.02403846153846154
0 0.6634615384615385 0.11538461538461539 0.02403846153846154 0.02403846153846154
0 0.5 0.11298076923076923 0.02403846153846154 0.02403846153846154
0 0.4519230769230769 0.10096153846153846 0.02403846153846154 0.02403846153846154
0 0.34615384615384615 0.09615384615384616 0.02403846153846154 0.02403846153846154
0 0.9639423076923077 0.06490384615384616 0.02403846153846154 0.02403846153846154
0 0.3245192307692308 0.057692307692307696 0.02403846153846154 0.02403846153846154
0 0.24759615384615385 0.04567307692307693 0.02403846153846154 0.02403846153846154
0 0.6514423076923077 0.038461538461538464 0.02403846153846154 0.02403846153846154
0 0.5072115384615384 0.03125 0.02403846153846154 0.02403846153846154
0 0.7884615384615385 0.028846153846153848 0.02403846153846154 0.02403846153846154
0 0.6634615384615385 0.028846153846153848 0.02403846153846154 0.02403846153846154
0 0.34615384615384615 0.028846153846153848 0.02403846153846154 0.02403846153846154
0 0.7379807692307693 0.028846153846153848 0.02403846153846154 0.02403846153846154
0 0.4278846153846154 0.026442307692307696 0.02403846153846154 0.02403846153846154
0 0.23076923076923078 0.02403846153846154 0.02403846153846154 0.02403846153846154
0 0.14182692307692307 0.3557692307692308 0.02403846153846154 0.02403846153846154
0 0.23076923076923078 0.4014423076923077 0.02403846153846154 0.02403846153846154
0 0.18509615384615385 0.46634615384615385 0.02403846153846154 0.02403846153846154
0 0.12740384615384617 0.6057692307692308 0.02403846153846154 0.02403846153846154
0 0.09615384615384616 0.6009615384615385 0.02403846153846154 0.02403846153846154
0 0.17307692307692307 0.5168269230769231 0.02403846153846154 0.02403846153846154
0 0.07211538461538462 0.7764423076923077 0.02403846153846154 0.02403846153846154
0 0.03125 0.7475961538461539 0.02403846153846154 0.02403846153846154
0 0.3653846153846154 0.7932692307692308 0.02403846153846154 0.02403846153846154
0 0.4014423076923077 0.8653846153846154 0.02403846153846154 0.02403846153846154
0 0.5697115384615385 0.13461538461538464 0.02403846153846154 0.02403846153846154
0 0.6057692307692308 0.04807692307692308 0.02403846153846154 0.02403846153846154
0 0.5072115384615384 0.41586538461538464 0.02403846153846154 0.02403846153846154
0 0.9350961538461539 0.32211538461538464 0.02403846153846154 0.02403846153846154
0 0.41586538461538464 0.125 0.02403846153846154 0.02403846153846154
0 0.36778846153846156 0.21634615384615385 0.02403846153846154 0.02403846153846154
0 0.038461538461538464 0.3701923076923077 0.02403846153846154 0.02403846153846154
0 0.7788461538461539 0.39903846153846156 0.02403846153846154 0.02403846153846154
0 0.28365384615384615 0.125 0.02403846153846154 0.02403846153846154
