0 0.8341346153846154 0.9158653846153847 0.02403846153846154 0.02403846153846154
0 0.4639423076923077 0.9110576923076924 0.02403846153846154 0.02403846153846154
0 0.25240384615384615 0.9086538461538463 0.02403846153846154 0.02403846153846154
0 0.6057692307692308 0.9014423076923077 0.02403846153846154 0.02403846153846154
0 0.5528846153846154 0.8677884615384616 0.02403846153846154 0.02403846153846154
0 0.8173076923076924 0.858173076923077 0.02403846153846154 0.02403846153846154
0 0.7668269230769231 0.8197115384615385 0.02403846153846154 0.02403846153846154
0 0.4879807692307693 0.7884615384615385 0.02403846153846154 0.02403846153846154
0 0.5408653846153847 0.78125 0.02403846153846154 0.02403846153846154
0 0.9639423076923077 0.7716346153846154 0.02403846153846154 0.02403846153846154
0 0.45432692307692313 0.7451923076923077 0.02403846153846154 0.02403846153846154
0 0.13461538461538464 0.7379807692307693 0.02403846153846154 0.02403846153846154
0 0.6105769230769231 0.733173076923077 0.02403846153846154 0.02403846153846154
0 0.7788461538461539 0.7067307692307693 0.02403846153846154 0.02403846153846154
0 0.6274038461538461 0.6875 0.02403846153846154 0.02403846153846154
0 0.8870192307692308 0.6634615384615385 0.02403846153846154 0.02403846153846154
0 0.05288461538461539 0.65625 0.02403846153846154 0.02403846153846154
0 0.9110576923076924 0.639423076923077 0.02403846153846154 0.02403846153846154
0 0.3317307692307693 0.6370192307692308 0.02403846153846154 0.02403846153846154
0 0.3870192307692308 0.6274038461538461 0.02403846153846154 0.02403846153846154
0 0.25240384615384615 0.6129807692307693 0.02403846153846154 0.02403846153846154
0 0.18028846153846154 0.6105769230769231 0.02403846153846154 0.02403846153846154
0 0.6153846153846154 0.5961538461538461 0.02403846153846154 0.02403846153846154
0 0.10336538461538462 0.5913461538461539 0.02403846153846154 0.02403846153846154
0 0.6995192307692308 0.5336538461538461 0.02403846153846154 0.02403846153846154
0 0.4399038461538462 0.53125 0.02403846153846154 0.02403846153846154
0 0.8870192307692308 0.4903846153846154 0.02403846153846154 0.02403846153846154
0 0.8557692307692308 0.4879807692307693 0.02403846153846154 0.02403846153846154
0 0.7139423076923077 0.4807692307692308 0.02403846153846154 0.02403846153846154
0 0.875 0.47355769230769235 0.02403846153846154 0.02403846153846154
0 0.3629807692307693 0.43028846153846156 0.02403846153846154 0.02403846153846154
0 0.9230769230769231 0.4134615384615385 0.02403846153846154 0.02403846153846154
0 0.44230769230769235 0.37259615384615385 0.02403846153846154 0.02403846153846154
0 0.7572115384615385 0.3653846153846154 0.02403846153846154 0.02403846153846154
0 0.6586538461538461 0.35336538461538464 0.02403846153846154 0.02403846153846154
0 0.8461538461538463 0.34855769230769235 0.02403846153846154 0.02403846153846154
0 0.23798076923076925 0.34615384615384615 0.02403846153846154 0.02403846153846154
0 0.96875 0.32211538461538464 0.02403846153846154 0.02403846153846154
0 0.3269230769230769 0.3197115384615385 0.02403846153846154 0.02403846153846154
0 0.826923076923077 0.3004807692307693 0.02403846153846154 0.02403846153846154
0 0.9471153846153847 0.29086538461538464 0.02403846153846154 0.02403846153846154
0 0.6370192307692308 0.2884615384615385 0.02403846153846154 0.02403846153846154
0 0.4639423076923077 0.25240384615384615 0.02403846153846154 0.02403846153846154
0 0.45432692307692313 0.2355769230769231 0.02403846153846154 0.02403846153846154
0 0.90625 0.23317307692307693 0.02403846153846154 0.02403846153846154
0 0.6850961538461539 0.22115384615384617 0.02403846153846154 0.02403846153846154
0 0.7980769230769231 0.20192307692307693 0.02403846153846154 0.02403846153846154
0 0.5480769230769231 0.1875 0.02403846153846154 0.02403846153846154
0 0.11057692307692309 0.1875 0.02403846153846154 0.02403846153846154
0 0.7524038461538461 0.17548076923076925 0.02403846153846154 0.02403846153846154
0 0.5673076923076923 0.16105769230769232 0.02403846153846154 0.02403846153846154
0 0.5264423076923077 0.16586538461538464 0.02403846153846154 0.02403846153846154
0 0.46153846153846156 0.13461538461538464 0.02403846153846154 0.02403846153846154
0 0.8870192307692308 0.12980769230769232 0.02403846153846154 0.02403846153846154
0 0.3389423076923077 0.1201923076923077 0.02403846153846154 0.02403846153846154
0 0.31009615384615385 0.11057692307692309 0.02403846153846154 0.02403846153846154
0 0.16586538461538464 0.10336538461538462 0.02403846153846154 0.02403846153846154
0 0.8076923076923077 0.0889423076923077 0.02403846153846154 0.02403846153846154
0 0.6201923076923077 0.07692307692307693 0.02403846153846154 0.02403846153846154
0 0.5 0.06009615384615385 0.02403846153846154 0.02403846153846154
0 0.6850961538461539 0.05288461538461539 0.02403846153846154 0.02403846153846154
0 0.06730769230769232 0.04326923076923077 0.02403846153846154 0.02403846153846154
0 0.6442307692307693 0.03125 0.02403846153846154 0.02403846153846154
0 0.32211538461538464 0.03125 0.02403846153846154 0.02403846153846154
0 0.2764423076923077 0.09615384615384616 0.02403846153846154 0.02403846153846154
0 0.21875 0.2355769230769231 0.02403846153846154 0.02403846153846154
0 0.1875 0.23076923076923078 0.02403846153846154 0.02403846153846154
0 0.2644230769230769 0.1466346153846154 0.02403846153846154 0.02403846153846154
0 0.16346153846153846 0.40625 0.02403846153846154 0.02403846153846154
0 0.12259615384615385 0.3774038461538462 0.02403846153846154 0.02403846153846154
0 0.4567307692307693 0.42307692307692313 0.02403846153846154 0.02403846153846154
0 0.49278846153846156 0.4951923076923077 0.02403846153846154 0.02403846153846154
0 0.5985576923076923 0.04567307692307693 0.02403846153846154 0.02403846153846154
0 0.20192307692307693 0.6947115384615385 0.02403846153846154 0.02403846153846154
0 0.7788461538461539 0.920673076923077 0.02403846153846154 0.02403846153846154
0 0.8701923076923077 0.028846153846153848 0.02403846153846154 0.02403846153846154
