0 0.4399038461538462 0.9134615384615385 0.02403846153846154 0.02403846153846154
0 0.3125 0.8533653846153847 0.02403846153846154 0.02403846153846154
0 0.15625 0.826923076923077 0.02403846153846154 0.02403846153846154
0 0.3317307692307693 0.8197115384615385 0.02403846153846154 0.02403846153846154
0 0.04807692307692308 0.7596153846153847 0.02403846153846154 0.02403846153846154
0 0.4182692307692308 0.7235576923076924 0.02403846153846154 0.02403846153846154
0 0.608173076923077 0.6658653846153847 0.02403846153846154 0.02403846153846154
0 0.1875 0.5745192307692308 0.02403846153846154 0.02403846153846154
0 0.7548076923076924 0.514423076923077 0.02403846153846154 0.02403846153846154
0 0.2716346153846154 0.4639423076923077 0.02403846153846154 0.02403846153846154
0 0.5192307692307693 0.37980769230769235 0.02403846153846154 0.02403846153846154
0 0.8533653846153847 0.3653846153846154 0.02403846153846154 0.02403846153846154
0 0.06971153846153846 0.2932692307692308 0.02403846153846154 0.02403846153846154
0 0.33653846153846156 0.2932692307692308 0.02403846153846154 0.02403846153846154
0 0.545673076923077 0.25480769230769235 0.02403846153846154 0.02403846153846154
0 0.6826923076923077 0.25240384615384615 0.02403846153846154 0.02403846153846154
0 0.2620192307692308 0.23798076923076925 0.02403846153846154 0.02403846153846154
0 0.3581730769230769 0.21153846153846156 0.02403846153846154 0.02403846153846154
0 0.9543269230769231 0.17307692307692307 0.02403846153846154 0.02403846153846154
0 0.5600961538461539 0.15625 0.02403846153846154 0.02403846153846154
0 0.37259615384615385 0.14182692307692307 0.02403846153846154 0.02403846153846154
0 0.07451923076923077 0.0889423076923077 0.02403846153846154 0.02403846153846154
0 0.7403846153846154 0.08413461538461539 0.02403846153846154 0.02403846153846154
0 0.4591346153846154 0.06730769230769232 0.02403846153846154 0.02403846153846154
0 0.8677884615384616 0.04807692307692308 0.02403846153846154 0.02403846153846154
0 0.21634615384615385 0.040865384615384616 0.02403846153846154 0.02403846153846154
0 0.4014423076923077 0.03125 0.02403846153846154 0.02403846153846154
0 0.2764423076923077 0.026442307692307696 0.02403846153846154 0.02403846153846154
0 0.3004807692307693 0.90625 0.02403846153846154 0.02403846153846154
0 0.22355769230769232 0.5480769230769231 0.02403846153846154 0.02403846153846154
0 0.20192307692307693 0.20673076923076925 0.02403846153846154 0.02403846153846154
0 0.8461538461538463 0.8389423076923077 0.02403846153846154 0.02403846153846154
