0 0.05048076923076923 0.9326923076923077 0.02403846153846154 0.02403846153846154
0 0.625 0.9254807692307693 0.02403846153846154 0.02403846153846154
0 0.3076923076923077 0.9182692307692308 0.02403846153846154 0.02403846153846154
0 0.5 0.8822115384615385 0.02403846153846154 0.02403846153846154
0 0.8004807692307693 0.7451923076923077 0.02403846153846154 0.02403846153846154
0 0.9086538461538463 0.7091346153846154 0.02403846153846154 0.02403846153846154
0 0.4831730769230769 0.6802884615384616 0.02403846153846154 0.02403846153846154
0 0.6538461538461539 0.65625 0.02403846153846154 0.02403846153846154
0 0.4951923076923077 0.639423076923077 0.02403846153846154 0.02403846153846154
0 0.514423076923077 0.625 0.02403846153846154 0.02403846153846154
0 0.5961538461538461 0.5913461538461539 0.02403846153846154 0.02403846153846154
0 0.43509615384615385 0.5504807692307693 0.02403846153846154 0.02403846153846154
0 0.9543269230769231 0.53125 0.02403846153846154 0.02403846153846154
0 0.16826923076923078 0.5216346153846154 0.02403846153846154 0.02403846153846154
0 0.6418269230769231 0.4495192307692308 0.02403846153846154 0.02403846153846154
0 0.514423076923077 0.3894230769230769 0.02403846153846154 0.02403846153846154
0 0.3581730769230769 0.3629807692307693 0.02403846153846154 0.02403846153846154
0 0.5336538461538461 0.3557692307692308 0.02403846153846154 0.02403846153846154
0 0.25 0.2956730769230769 0.02403846153846154 0.02403846153846154
0 0.0889423076923077 0.28605769230769235 0.02403846153846154 0.02403846153846154
0 0.6201923076923077 0.25961538461538464 0.02403846153846154 0.02403846153846154
0 0.8100961538461539 0.20192307692307693 0.02403846153846154 0.02403846153846154
0 0.3894230769230769 0.11057692307692309 0.02403846153846154 0.02403846153846154
0 0.19471153846153846 0.05288461538461539 0.02403846153846154 0.02403846153846154
0 0.9567307692307693 0.05048076923076923 0.02403846153846154 0.02403846153846154
0 0.5024038461538461 0.44230769230769235 0.02403846153846154 0.02403846153846154
0 0.4254807692307693 0.08413461538461539 0.02403846153846154 0.02403846153846154
