0 0.764423076923077 0.9639423076923077 0.02403846153846154 0.02403846153846154
0 0.28605769230769235 0.9543269230769231 0.02403846153846154 0.02403846153846154
0 0.639423076923077 0.951923076923077 0.02403846153846154 0.02403846153846154
0 0.10817307692307693 0.9014423076923077 0.02403846153846154 0.02403846153846154
0 0.44230769230769235 0.8966346153846154 0.02403846153846154 0.02403846153846154
0 0.1826923076923077 0.8918269230769231 0.02403846153846154 0.02403846153846154
0 0.07692307692307693 0.8701923076923077 0.02403846153846154 0.02403846153846154
0 0.34134615384615385 0.8052884615384616 0.02403846153846154 0.02403846153846154
0 0.5985576923076923 0.795673076923077 0.02403846153846154 0.02403846153846154
0 0.4951923076923077 0.7860576923076924 0.02403846153846154 0.02403846153846154
0 0.2572115384615385 0.7860576923076924 0.02403846153846154 0.02403846153846154
0 0.17067307692307693 0.7764423076923077 0.02403846153846154 0.02403846153846154
0 0.47355769230769235 0.7403846153846154 0.02403846153846154 0.02403846153846154
0 0.2692307692307693 0.6947115384615385 0.02403846153846154 0.02403846153846154
0 0.5264423076923077 0.6875 0.02403846153846154 0.02403846153846154
0 0.2956730769230769 0.6875 0.02403846153846154 0.02403846153846154
0 0.6418269230769231 0.6802884615384616 0.02403846153846154 0.02403846153846154
0 0.05528846153846154 0.65625 0.02403846153846154 0.02403846153846154
0 0.84375 0.6634615384615385 0.02403846153846154 0.02403846153846154
0 0.8149038461538461 0.6370192307692308 0.02403846153846154 0.02403846153846154
0 0.5288461538461539 0.6322115384615385 0.02403846153846154 0.02403846153846154
0 0.9375 0.6274038461538461 0.02403846153846154 0.02403846153846154
0 0.7259615384615385 0.6225961538461539 0.02403846153846154 0.02403846153846154
0 0.16105769230769232 0.6201923076923077 0.02403846153846154 0.02403846153846154
0 0.2403846153846154 0.6057692307692308 0.02403846153846154 0.02403846153846154
0 0.5865384615384616 0.6057692307692308 0.02403846153846154 0.02403846153846154
0 0.5360576923076923 0.5817307692307693 0.02403846153846154 0.02403846153846154
0 0.8870192307692308 0.5793269230769231 0.02403846153846154 0.02403846153846154
0 0.20673076923076925 0.5432692307692308 0.02403846153846154 0.02403846153846154
0 0.9038461538461539 0.5168269230769231 0.02403846153846154 0.02403846153846154
0 0.026442307692307696 0.5120192307692308 0.02403846153846154 0.02403846153846154
0 0.11057692307692309 0.5096153846153847 0.02403846153846154 0.02403846153846154
0 0.21634615384615385 0.49759615384615385 0.02403846153846154 0.02403846153846154
0 0.6298076923076923 0.4639423076923077 0.02403846153846154 0.02403846153846154
0 0.5504807692307693 0.4591346153846154 0.02403846153846154 0.02403846153846154
0 0.49278846153846156 0.4567307692307693 0.02403846153846154 0.02403846153846154
0 0.44711538461538464 0.43028846153846156 0.02403846153846154 0.02403846153846154
0 0.9399038461538463 0.42307692307692313 0.02403846153846154 0.02403846153846154
0 0.20673076923076925 0.42307692307692313 0.02403846153846154 0.02403846153846154
0 0.09134615384615385 0.4182692307692308 0.02403846153846154 0.02403846153846154
0 0.951923076923077 0.41586538461538464 0.02403846153846154 0.02403846153846154
0 0.12740384615384617 0.3605769230769231 0.02403846153846154 0.02403846153846154
0 0.42307692307692313 0.3317307692307693 0.02403846153846154 0.02403846153846154
0 0.41586538461538464 0.3028846153846154 0.02403846153846154 0.02403846153846154
0 0.3125 0.3004807692307693 0.02403846153846154 0.02403846153846154
0 0.47355769230769235 0.29086538461538464 0.02403846153846154 0.02403846153846154
0 0.09615384615384616 0.29086538461538464 0.02403846153846154 0.02403846153846154
0 0.858173076923077 0.28365384615384615 0.02403846153846154 0.02403846153846154
0 0.14182692307692307 0.28365384615384615 0.02403846153846154 0.02403846153846154
0 0.48557692307692313 0.25961538461538464 0.02403846153846154 0.02403846153846154
0 0.7043269230769231 0.25240384615384615 0.02403846153846154 0.02403846153846154
0 0.2692307692307693 0.24278846153846156 0.02403846153846154 0.02403846153846154
0 0.5673076923076923 0.22355769230769232 0.02403846153846154 0.02403846153846154
0 0.14903846153846154 0.22115384615384617 0.02403846153846154 0.02403846153846154
0 0.3389423076923077 0.1778846153846154 0.02403846153846154 0.02403846153846154
0 0.71875 0.16105769230769232 0.02403846153846154 0.02403846153846154
0 0.4086538461538462 0.14903846153846154 0.02403846153846154 0.02403846153846154
0 0.545673076923077 0.1466346153846154 0.02403846153846154 0.02403846153846154
0 0.4567307692307693 0.14423076923076925 0.02403846153846154 0.02403846153846154
0 0.8149038461538461 0.14182692307692307 0.02403846153846154 0.02403846153846154
0 0.27884615384615385 0.13701923076923078 0.02403846153846154 0.02403846153846154
0 0.20192307692307693 0.1201923076923077 0.02403846153846154 0.02403846153846154
0 0.78125 0.10096153846153846 0.02403846153846154 0.02403846153846154
0 0.576923076923077 0.09615384615384616 0.02403846153846154 0.02403846153846154
0 0.3701923076923077 0.08653846153846154 0.02403846153846154 0.02403846153846154
0 0.5288461538461539 0.07692307692307693 0.02403846153846154 0.02403846153846154
0 0.026442307692307696 0.07451923076923077 0.02403846153846154 0.02403846153846154
0 0.7043269230769231 0.0625 0.02403846153846154 0.02403846153846154
0 0.5552884615384616 0.04567307692307693 0.02403846153846154 0.02403846153846154
0 0.40625 0.04326923076923077 0.02403846153846154 0.02403846153846154
0 0.16586538461538464 0.04326923076923077 0.02403846153846154 0.02403846153846154
0 0.5985576923076923 0.03605769230769231 0.02403846153846154 0.02403846153846154
0 0.8317307692307693 0.05048076923076923 0.02403846153846154 0.02403846153846154
0 0.4182692307692308 0.026442307692307696 0.02403846153846154 0.02403846153846154
