0 0.026442307692307696 0.9639423076923077 0.02403846153846154 0.02403846153846154
0 0.12740384615384617 0.9182692307692308 0.02403846153846154 0.02403846153846154
0 0.15865384615384617 0.9038461538461539 0.02403846153846154 0.02403846153846154
0 0.9495192307692308 0.9038461538461539 0.02403846153846154 0.02403846153846154
0 0.6322115384615385 0.8389423076923077 0.02403846153846154 0.02403846153846154
0 0.8028846153846154 0.8149038461538461 0.02403846153846154 0.02403846153846154
0 0.6442307692307693 0.7980769230769231 0.02403846153846154 0.02403846153846154
0 0.6634615384615385 0.7836538461538461 0.02403846153846154 0.02403846153846154
0 0.7451923076923077 0.75 0.02403846153846154 0.02403846153846154
0 0.13942307692307693 0.7379807692307693 0.02403846153846154 0.02403846153846154
0 0.5841346153846154 0.7091346153846154 0.02403846153846154 0.02403846153846154
0 0.31730769230769235 0.6802884615384616 0.02403846153846154 0.02403846153846154
0 0.7908653846153847 0.608173076923077 0.02403846153846154 0.02403846153846154
0 0.6634615384615385 0.5480769230769231 0.02403846153846154 0.02403846153846154
0 0.5072115384615384 0.5216346153846154 0.02403846153846154 0.02403846153846154
0 0.6826923076923077 0.514423076923077 0.02403846153846154 0.02403846153846154
0 0.39903846153846156 0.45432692307692313 0.02403846153846154 0.02403846153846154
0 0.23798076923076925 0.4447115384615385 0.02403846153846154 0.02403846153846154
0 0.7692307692307693 0.4182692307692308 0.02403846153846154 0.02403846153846154
0 0.9591346153846154 0.3605769230769231 0.02403846153846154 0.02403846153846154
0 0.5384615384615385 0.2692307692307693 0.02403846153846154 0.02403846153846154
0 0.05048076923076923 0.25480769230769235 0.02403846153846154 0.02403846153846154
0 0.34375 0.21153846153846156 0.02403846153846154 0.02403846153846154
0 0.6225961538461539 0.15865384615384617 0.02403846153846154 0.02403846153846154
0 0.0625 0.10336538461538462 0.02403846153846154 0.02403846153846154
0 0.04567307692307693 0.07692307692307693 0.02403846153846154 0.02403846153846154
0 0.8701923076923077 0.07451923076923077 0.02403846153846154 0.02403846153846154
0 0.19711538461538464 0.04326923076923077 0.02403846153846154 0.02403846153846154
0 0.6514423076923077 0.6009615384615385 0.02403846153846154 0.02403846153846154
0 0.5745192307692308 0.24278846153846156 0.02403846153846154 0.02403846153846154
