0 0.026442307692307696 0.920673076923077 0.02403846153846154 0.02403846153846154
0 0.17548076923076925 0.8942307692307693 0.02403846153846154 0.02403846153846154
0 0.8461538461538463 0.8629807692307693 0.02403846153846154 0.02403846153846154
0 0.3581730769230769 0.8485576923076924 0.02403846153846154 0.02403846153846154
0 0.6514423076923077 0.8052884615384616 0.02403846153846154 0.02403846153846154
0 0.9302884615384616 0.7524038461538461 0.02403846153846154 0.02403846153846154
0 0.32211538461538464 0.7548076923076924 0.02403846153846154 0.02403846153846154
0 0.3701923076923077 0.6971153846153847 0.02403846153846154 0.02403846153846154
0 0.35336538461538464 0.670673076923077 0.02403846153846154 0.02403846153846154
0 0.5048076923076923 0.6370192307692308 0.02403846153846154 0.02403846153846154
0 0.29086538461538464 0.6274038461538461 0.02403846153846154 0.02403846153846154
0 0.7283653846153847 0.5817307692307693 0.02403846153846154 0.02403846153846154
0 0.2764423076923077 0.5432692307692308 0.02403846153846154 0.02403846153846154
0 0.920673076923077 0.5264423076923077 0.02403846153846154 0.02403846153846154
0 0.6730769230769231 0.4639423076923077 0.02403846153846154 0.02403846153846154
0 0.5817307692307693 0.45432692307692313 0.02403846153846154 0.02403846153846154
0 0.47355769230769235 0.4182692307692308 0.02403846153846154 0.02403846153846154
0 0.22836538461538464 0.41105769230769235 0.02403846153846154 0.02403846153846154
0 0.733173076923077 0.3774038461538462 0.02403846153846154 0.02403846153846154
0 0.875 0.3293269230769231 0.02403846153846154 0.02403846153846154
0 0.9350961538461539 0.31490384615384615 0.02403846153846154 0.02403846153846154
0 0.28605769230769235 0.2932692307692308 0.02403846153846154 0.02403846153846154
0 0.47836538461538464 0.27403846153846156 0.02403846153846154 0.02403846153846154
0 0.7572115384615385 0.25240384615384615 0.02403846153846154 0.02403846153846154
0 0.23798076923076925 0.23076923076923078 0.02403846153846154 0.02403846153846154
0 0.9567307692307693 0.21153846153846156 0.02403846153846154 0.02403846153846154
0 0.7451923076923077 0.2043269230769231 0.02403846153846154 0.02403846153846154
0 0.7884615384615385 0.1826923076923077 0.02403846153846154 0.02403846153846154
0 0.8509615384615385 0.1778846153846154 0.02403846153846154 0.02403846153846154
0 0.2620192307692308 0.16105769230769232 0.02403846153846154 0.02403846153846154
0 0.7355769230769231 0.1466346153846154 0.02403846153846154 0.02403846153846154
0 0.6923076923076923 0.14182692307692307 0.02403846153846154 0.02403846153846154
0 0.6586538461538461 0.125 0.02403846153846154 0.02403846153846154
0 0.05528846153846154 0.13221153846153846 0.02403846153846154 0.02403846153846154
0 0.8918269230769231 0.08173076923076923 0.02403846153846154 0.02403846153846154
0 0.3293269230769231 0.07692307692307693 0.02403846153846154 0.02403846153846154
0 0.5649038461538461 0.0625 0.02403846153846154 0.02403846153846154
0 0.9663461538461539 0.02403846153846154 0.02403846153846154 0.02403846153846154
0 0.12259615384615385 0.028846153846153848 0.02403846153846154 0.02403846153846154
0 0.05048076923076923 0.4086538461538462 0.02403846153846154 0.02403846153846154
0 0.8822115384615385 0.8365384615384616 0.02403846153846154 0.02403846153846154
0 0.8605769230769231 0.4951923076923077 0.02403846153846154 0.02403846153846154
