0 0.3581730769230769 0.951923076923077 0.02403846153846154 0.02403846153846154
0 0.2355769230769231 0.9014423076923077 0.02403846153846154 0.02403846153846154
0 0.09134615384615385 0.5721153846153847 0.02403846153846154 0.02403846153846154
0 0.5649038461538461 0.514423076923077 0.02403846153846154 0.02403846153846154
0 0.23798076923076925 0.4206730769230769 0.02403846153846154 0.02403846153846154
0 0.4639423076923077 0.39903846153846156 0.02403846153846154 0.02403846153846154
0 0.33653846153846156 0.2716346153846154 0.02403846153846154 0.02403846153846154
0 0.028846153846153848 0.16105769230769232 0.02403846153846154 0.02403846153846154
0 0.6346153846153847 0.15625 0.02403846153846154 0.02403846153846154
0 0.16586538461538464 0.15865384615384617 0.02403846153846154 0.02403846153846154
0 0.4375 0.07932692307692309 0.02403846153846154 0.02403846153846154
0 0.04326923076923077 0.0625 0.02403846153846154 0.02403846153846154
0 0.3293269230769231 0.7451923076923077 0.02403846153846154 0.02403846153846154
