0 0.608173076923077 0.9110576923076924 0.02403846153846154 0.02403846153846154
0 0.13221153846153846 0.8293269230769231 0.02403846153846154 0.02403846153846154
0 0.9134615384615385 0.8221153846153847 0.02403846153846154 0.02403846153846154
0 0.8052884615384616 0.7860576923076924 0.02403846153846154 0.02403846153846154
0 0.5600961538461539 0.7788461538461539 0.02403846153846154 0.02403846153846154
0 0.6177884615384616 0.6610576923076923 0.02403846153846154 0.02403846153846154
0 0.8100961538461539 0.6418269230769231 0.02403846153846154 0.02403846153846154
0 0.5697115384615385 0.5985576923076923 0.02403846153846154 0.02403846153846154
0 0.59375 0.5288461538461539 0.02403846153846154 0.02403846153846154
0 0.3870192307692308 0.5 0.02403846153846154 0.02403846153846154
0 0.6610576923076923 0.4447115384615385 0.02403846153846154 0.02403846153846154
0 0.8966346153846154 0.43028846153846156 0.02403846153846154 0.02403846153846154
0 0.6370192307692308 0.3701923076923077 0.02403846153846154 0.02403846153846154
0 0.3293269230769231 0.36778846153846156 0.02403846153846154 0.02403846153846154
0 0.14182692307692307 0.3509615384615385 0.02403846153846154 0.02403846153846154
0 0.8221153846153847 0.3125 0.02403846153846154 0.02403846153846154
0 0.608173076923077 0.3076923076923077 0.02403846153846154 0.02403846153846154
0 0.09134615384615385 0.2764423076923077 0.02403846153846154 0.02403846153846154
0 0.8004807692307693 0.25240384615384615 0.02403846153846154 0.02403846153846154
0 0.7620192307692308 0.23798076923076925 0.02403846153846154 0.02403846153846154
0 0.6177884615384616 0.20673076923076925 0.02403846153846154 0.02403846153846154
0 0.7860576923076924 0.13942307692307693 0.02403846153846154 0.02403846153846154
0 0.8846153846153847 0.11538461538461539 0.02403846153846154 0.02403846153846154
0 0.06490384615384616 0.09134615384615385 0.02403846153846154 0.02403846153846154
0 0.1466346153846154 0.08653846153846154 0.02403846153846154 0.02403846153846154
0 0.4134615384615385 0.05288461538461539 0.02403846153846154 0.02403846153846154
0 0.05048076923076923 0.040865384615384616 0.02403846153846154 0.02403846153846154
0 0.3509615384615385 0.040865384615384616 0.02403846153846154 0.02403846153846154
0 0.4639423076923077 0.13942307692307693 0.02403846153846154 0.02403846153846154
0 0.3293269230769231 0.1514423076923077 0.02403846153846154 0.02403846153846154
0 0.30528846153846156 0.08173076923076923 0.02403846153846154 0.02403846153846154
0 0.22836538461538464 0.25961538461538464 0.02403846153846154 0.02403846153846154
0 0.45432692307692313 0.3966346153846154 0.02403846153846154 0.02403846153846154
0 0.25480769230769235 0.5552884615384616 0.02403846153846154 0.02403846153846154
0 0.18028846153846154 0.6153846153846154 0.02403846153846154 0.02403846153846154
0 0.09615384615384616 0.6105769230769231 0.02403846153846154 0.02403846153846154
0 0.3822115384615385 0.7764423076923077 0.02403846153846154 0.02403846153846154
0 0.7668269230769231 0.08653846153846154 0.02403846153846154 0.02403846153846154
0 0.8004807692307693 0.09855769230769232 0.02403846153846154 0.02403846153846154
