0 0.22836538461538464 0.9615384615384616 0.02403846153846154 0.02403846153846154
0 0.8245192307692308 0.9230769230769231 0.02403846153846154 0.02403846153846154
0 0.43028846153846156 0.90625 0.02403846153846154 0.02403846153846154
0 0.24278846153846156 0.8918269230769231 0.02403846153846154 0.02403846153846154
0 0.6105769230769231 0.8341346153846154 0.02403846153846154 0.02403846153846154
0 0.3293269230769231 0.8173076923076924 0.02403846153846154 0.02403846153846154
0 0.7379807692307693 0.7980769230769231 0.02403846153846154 0.02403846153846154
0 0.08653846153846154 0.7908653846153847 0.02403846153846154 0.02403846153846154
0 0.2716346153846154 0.78125 0.02403846153846154 0.02403846153846154
0 0.1466346153846154 0.7764423076923077 0.02403846153846154 0.02403846153846154
0 0.4879807692307693 0.7115384615384616 0.02403846153846154 0.02403846153846154
0 0.5600961538461539 0.6826923076923077 0.02403846153846154 0.02403846153846154
0 0.20673076923076925 0.6730769230769231 0.02403846153846154 0.02403846153846154
0 0.16826923076923078 0.6730769230769231 0.02403846153846154 0.02403846153846154
0 0.0625 0.639423076923077 0.02403846153846154 0.02403846153846154
0 0.47836538461538464 0.6274038461538461 0.02403846153846154 0.02403846153846154
0 0.6730769230769231 0.5673076923076923 0.02403846153846154 0.02403846153846154
0 0.25240384615384615 0.5480769230769231 0.02403846153846154 0.02403846153846154
0 0.32211538461538464 0.5432692307692308 0.02403846153846154 0.02403846153846154
0 0.10336538461538462 0.5432692307692308 0.02403846153846154 0.02403846153846154
0 0.920673076923077 0.53125 0.02403846153846154 0.02403846153846154
0 0.43028846153846156 0.5216346153846154 0.02403846153846154 0.02403846153846154
0 0.3629807692307693 0.5216346153846154 0.02403846153846154 0.02403846153846154
0 0.22355769230769232 0.5 0.02403846153846154 0.02403846153846154
0 0.1778846153846154 0.48557692307692313 0.02403846153846154 0.02403846153846154
0 0.71875 0.4831730769230769 0.02403846153846154 0.02403846153846154
0 0.5408653846153847 0.43028846153846156 0.02403846153846154 0.02403846153846154
0 0.875 0.4254807692307693 0.02403846153846154 0.02403846153846154
0 0.05048076923076923 0.42307692307692313 0.02403846153846154 0.02403846153846154
0 0.6153846153846154 0.4206730769230769 0.02403846153846154 0.02403846153846154
0 0.5096153846153847 0.39903846153846156 0.02403846153846154 0.02403846153846154
0 0.11778846153846155 0.3653846153846154 0.02403846153846154 0.02403846153846154
0 0.7740384615384616 0.3341346153846154 0.02403846153846154 0.02403846153846154
0 0.28605769230769235 0.3245192307692308 0.02403846153846154 0.02403846153846154
0 0.9278846153846154 0.31490384615384615 0.02403846153846154 0.02403846153846154
0 0.6899038461538461 0.31490384615384615 0.02403846153846154 0.02403846153846154
0 0.6033653846153847 0.30528846153846156 0.02403846153846154 0.02403846153846154
0 0.90625 0.2692307692307693 0.02403846153846154 0.02403846153846154
0 0.35336538461538464 0.2644230769230769 0.02403846153846154 0.02403846153846154
0 0.701923076923077 0.22355769230769232 0.02403846153846154 0.02403846153846154
0 0.23798076923076925 0.22355769230769232 0.02403846153846154 0.02403846153846154
0 0.9591346153846154 0.21634615384615385 0.02403846153846154 0.02403846153846154
0 0.7283653846153847 0.21634615384615385 0.02403846153846154 0.02403846153846154
0 0.21153846153846156 0.19711538461538464 0.02403846153846154 0.02403846153846154
0 0.4879807692307693 0.18509615384615385 0.02403846153846154 0.02403846153846154
0 0.3653846153846154 0.18509615384615385 0.02403846153846154 0.02403846153846154
0 0.9615384615384616 0.16105769230769232 0.02403846153846154 0.02403846153846154
0 0.59375 0.14903846153846154 0.02403846153846154 0.02403846153846154
0 0.6730769230769231 0.13461538461538464 0.02403846153846154 0.02403846153846154
0 0.96875 0.11057692307692309 0.02403846153846154 0.02403846153846154
0 0.19711538461538464 0.11057692307692309 0.02403846153846154 0.02403846153846154
0 0.3918269230769231 0.07211538461538462 0.02403846153846154 0.02403846153846154
0 0.639423076923077 0.07211538461538462 0.02403846153846154 0.02403846153846154
0 0.4591346153846154 0.040865384615384616 0.02403846153846154 0.02403846153846154
0 0.06971153846153846 0.038461538461538464 0.02403846153846154 0.02403846153846154
0 0.5432692307692308 0.038461538461538464 0.02403846153846154 0.02403846153846154
0 0.6490384615384616 0.026442307692307696 0.02403846153846154 0.02403846153846154
0 0.07211538461538462 0.9567307692307693 0.02403846153846154 0.02403846153846154
0 0.858173076923077 0.6105769230769231 0.02403846153846154 0.02403846153846154
