0 0.7451923076923077 0.96875 0.02403846153846154 0.02403846153846154
0 0.2572115384615385 0.9543269230769231 0.02403846153846154 0.02403846153846154
0 0.5504807692307693 0.9110576923076924 0.02403846153846154 0.02403846153846154
0 0.8293269230769231 0.858173076923077 0.02403846153846154 0.02403846153846154
0 0.22115384615384617 0.8605769230769231 0.02403846153846154 0.02403846153846154
0 0.2692307692307693 0.8028846153846154 0.02403846153846154 0.02403846153846154
0 0.25240384615384615 0.7764423076923077 0.02403846153846154 0.02403846153846154
0 0.40384615384615385 0.7427884615384616 0.02403846153846154 0.02403846153846154
0 0.18990384615384617 0.733173076923077 0.02403846153846154 0.02403846153846154
0 0.6274038461538461 0.6875 0.02403846153846154 0.02403846153846154
0 0.8942307692307693 0.6875 0.02403846153846154 0.02403846153846154
0 0.17548076923076925 0.6490384615384616 0.02403846153846154 0.02403846153846154
0 0.8197115384615385 0.6322115384615385 0.02403846153846154 0.02403846153846154
0 0.9158653846153847 0.6057692307692308 0.02403846153846154 0.02403846153846154
0 0.5721153846153847 0.5697115384615385 0.02403846153846154 0.02403846153846154
0 0.4807692307692308 0.5600961538461539 0.02403846153846154 0.02403846153846154
0 0.9302884615384616 0.5360576923076923 0.02403846153846154 0.02403846153846154
0 0.37259615384615385 0.5240384615384616 0.02403846153846154 0.02403846153846154
0 0.12740384615384617 0.5168269230769231 0.02403846153846154 0.02403846153846154
0 0.6322115384615385 0.4831730769230769 0.02403846153846154 0.02403846153846154
0 0.7740384615384616 0.43509615384615385 0.02403846153846154 0.02403846153846154
0 0.9591346153846154 0.4254807692307693 0.02403846153846154 0.02403846153846154
0 0.8341346153846154 0.4206730769230769 0.02403846153846154 0.02403846153846154
0 0.18509615384615385 0.39903846153846156 0.02403846153846154 0.02403846153846154
0 0.3774038461538462 0.37980769230769235 0.02403846153846154 0.02403846153846154
0 0.65625 0.3581730769230769 0.02403846153846154 0.02403846153846154
0 0.13701923076923078 0.33653846153846156 0.02403846153846154 0.02403846153846154
0 0.8942307692307693 0.31730769230769235 0.02403846153846154 0.02403846153846154
0 0.8557692307692308 0.31730769230769235 0.02403846153846154 0.02403846153846154
0 0.6442307692307693 0.31009615384615385 0.02403846153846154 0.02403846153846154
0 0.6875 0.2884615384615385 0.02403846153846154 0.02403846153846154
0 0.75 0.28365384615384615 0.02403846153846154 0.02403846153846154
0 0.16105769230769232 0.2668269230769231 0.02403846153846154 0.02403846153846154
0 0.6346153846153847 0.25240384615384615 0.02403846153846154 0.02403846153846154
0 0.5913461538461539 0.24759615384615385 0.02403846153846154 0.02403846153846154
0 0.5576923076923077 0.23076923076923078 0.02403846153846154 0.02403846153846154
0 0.9399038461538463 0.19230769230769232 0.02403846153846154 0.02403846153846154
0 0.7908653846153847 0.1875 0.02403846153846154 0.02403846153846154
0 0.22836538461538464 0.1826923076923077 0.02403846153846154 0.02403846153846154
0 0.4639423076923077 0.16826923076923078 0.02403846153846154 0.02403846153846154
0 0.9110576923076924 0.14423076923076925 0.02403846153846154 0.02403846153846154
0 0.8653846153846154 0.12980769230769232 0.02403846153846154 0.02403846153846154
0 0.2043269230769231 0.10817307692307693 0.02403846153846154 0.02403846153846154
0 0.5504807692307693 0.07692307692307693 0.02403846153846154 0.02403846153846154
0 0.7379807692307693 0.06730769230769232 0.02403846153846154 0.02403846153846154
0 0.3894230769230769 0.05048076923076923 0.02403846153846154 0.02403846153846154
0 0.17548076923076925 0.04567307692307693 0.02403846153846154 0.02403846153846154
0 0.021634615384615384 0.13461538461538464 0.02403846153846154 0.02403846153846154
0 0.78125 0.9423076923076924 0.02403846153846154 0.02403846153846154
0 0.7596153846153847 0.6009615384615385 0.02403846153846154 0.02403846153846154
