0 0.576923076923077 0.8629807692307693 0.02403846153846154 0.02403846153846154
0 0.7692307692307693 0.84375 0.02403846153846154 0.02403846153846154
0 0.5288461538461539 0.8004807692307693 0.02403846153846154 0.02403846153846154
0 0.5528846153846154 0.7307692307692308 0.02403846153846154 0.02403846153846154
0 0.9495192307692308 0.6947115384615385 0.02403846153846154 0.02403846153846154
0 0.34615384615384615 0.701923076923077 0.02403846153846154 0.02403846153846154
0 0.6201923076923077 0.6466346153846154 0.02403846153846154 0.02403846153846154
0 0.8557692307692308 0.6322115384615385 0.02403846153846154 0.02403846153846154
0 0.5961538461538461 0.5721153846153847 0.02403846153846154 0.02403846153846154
0 0.2884615384615385 0.5697115384615385 0.02403846153846154 0.02403846153846154
0 0.10096153846153846 0.5528846153846154 0.02403846153846154 0.02403846153846154
0 0.9423076923076924 0.5408653846153847 0.02403846153846154 0.02403846153846154
0 0.78125 0.514423076923077 0.02403846153846154 0.02403846153846154
0 0.5673076923076923 0.5096153846153847 0.02403846153846154 0.02403846153846154
0 0.05048076923076923 0.47836538461538464 0.02403846153846154 0.02403846153846154
0 0.7596153846153847 0.45432692307692313 0.02403846153846154 0.02403846153846154
0 0.7211538461538461 0.4399038461538462 0.02403846153846154 0.02403846153846154
0 0.576923076923077 0.4086538461538462 0.02403846153846154 0.02403846153846154
0 0.7451923076923077 0.34134615384615385 0.02403846153846154 0.02403846153846154
0 0.84375 0.31730769230769235 0.02403846153846154 0.02403846153846154
0 0.02403846153846154 0.2932692307692308 0.02403846153846154 0.02403846153846154
0 0.10576923076923078 0.2884615384615385 0.02403846153846154 0.02403846153846154
0 0.9350961538461539 0.2572115384615385 0.02403846153846154 0.02403846153846154
0 0.37259615384615385 0.25480769230769235 0.02403846153846154 0.02403846153846154
0 0.96875 0.23317307692307693 0.02403846153846154 0.02403846153846154
0 0.6634615384615385 0.1875 0.02403846153846154 0.02403846153846154
0 0.4014423076923077 0.1826923076923077 0.02403846153846154 0.02403846153846154
0 0.10096153846153846 0.10336538461538462 0.02403846153846154 0.02403846153846154
0 0.9326923076923077 0.08413461538461539 0.02403846153846154 0.02403846153846154
0 0.7451923076923077 0.06730769230769232 0.02403846153846154 0.02403846153846154
0 0.5528846153846154 0.1514423076923077 0.02403846153846154 0.02403846153846154
0 0.4495192307692308 0.13461538461538464 0.02403846153846154 0.02403846153846154
0 0.4567307692307693 0.057692307692307696 0.02403846153846154 0.02403846153846154
0 0.3317307692307693 0.20192307692307693 0.02403846153846154 0.02403846153846154
0 0.31009615384615385 0.24278846153846156 0.02403846153846154 0.02403846153846154
0 0.42307692307692313 0.34134615384615385 0.02403846153846154 0.02403846153846154
0 0.2884615384615385 0.35336538461538464 0.02403846153846154 0.02403846153846154
0 0.2644230769230769 0.28365384615384615 0.02403846153846154 0.02403846153846154
0 0.16586538461538464 0.10096153846153846 0.02403846153846154 0.02403846153846154
0 0.1875 0.46153846153846156 0.02403846153846154 0.02403846153846154
0 0.4134615384615385 0.5985576923076923 0.02403846153846154 0.02403846153846154
0 0.2139423076923077 0.7572115384615385 0.02403846153846154 0.02403846153846154
0 0.13942307692307693 0.8173076923076924 0.02403846153846154 0.02403846153846154
0 0.05528846153846154 0.8125 0.02403846153846154 0.02403846153846154
0 0.7259615384615385 0.2884615384615385 0.02403846153846154 0.02403846153846154
0 0.7596153846153847 0.3004807692307693 0.02403846153846154 0.02403846153846154
