0 0.875 0.8774038461538463 0.02403846153846154 0.02403846153846154
0 0.39903846153846156 0.795673076923077 0.02403846153846154 0.02403846153846154
0 0.4447115384615385 0.7692307692307693 0.02403846153846154 0.02403846153846154
0 0.45432692307692313 0.6418269230769231 0.02403846153846154 0.02403846153846154
0 0.05528846153846154 0.6129807692307693 0.02403846153846154 0.02403846153846154
0 0.0889423076923077 0.5192307692307693 0.02403846153846154 0.02403846153846154
0 0.21634615384615385 0.42307692307692313 0.02403846153846154 0.02403846153846154
0 0.07211538461538462 0.3774038461538462 0.02403846153846154 0.02403846153846154
0 0.1466346153846154 0.35336538461538464 0.02403846153846154 0.02403846153846154
0 0.7451923076923077 0.24278846153846156 0.02403846153846154 0.02403846153846154
0 0.5865384615384616 0.15625 0.02403846153846154 0.02403846153846154
0 0.10096153846153846 0.1514423076923077 0.02403846153846154 0.02403846153846154
0 0.46634615384615385 0.04567307692307693 0.02403846153846154 0.02403846153846154
0 0.16346153846153846 0.026442307692307696 0.02403846153846154 0.02403846153846154
0 0.6298076923076923 0.5 0.02403846153846154 0.02403846153846154
0 0.3701923076923077 0.05288461538461539 0.02403846153846154 0.02403846153846154
0 0.12980769230769232 0.08653846153846154 0.02403846153846154 0.02403846153846154
0 0.5120192307692308 0.2139423076923077 0.02403846153846154 0.02403846153846154
0 0.4326923076923077 0.3245192307692308 0.02403846153846154 0.02403846153846154
0 0.3774038461538462 0.32211538461538464 0.02403846153846154 0.02403846153846154
0 0.2932692307692308 0.7259615384615385 0.02403846153846154 0.02403846153846154
