0 0.2139423076923077 0.9495192307692308 0.02403846153846154 0.02403846153846154
0 0.27884615384615385 0.8798076923076924 0.02403846153846154 0.02403846153846154
0 0.2451923076923077 0.875 0.02403846153846154 0.02403846153846154
0 0.6322115384615385 0.826923076923077 0.02403846153846154 0.02403846153846154
0 0.7548076923076924 0.8221153846153847 0.02403846153846154 0.02403846153846154
0 0.8389423076923077 0.8100961538461539 0.02403846153846154 0.02403846153846154
0 0.4903846153846154 0.7980769230769231 0.02403846153846154 0.02403846153846154
0 0.2139423076923077 0.7764423076923077 0.02403846153846154 0.02403846153846154
0 0.11298076923076923 0.764423076923077 0.02403846153846154 0.02403846153846154
0 0.11778846153846155 0.7427884615384616 0.02403846153846154 0.02403846153846154
0 0.1514423076923077 0.701923076923077 0.02403846153846154 0.02403846153846154
0 0.9014423076923077 0.6850961538461539 0.02403846153846154 0.02403846153846154
0 0.639423076923077 0.639423076923077 0.02403846153846154 0.02403846153846154
0 0.8533653846153847 0.6322115384615385 0.02403846153846154 0.02403846153846154
0 0.34375 0.6225961538461539 0.02403846153846154 0.02403846153846154
0 0.125 0.59375 0.02403846153846154 0.02403846153846154
0 0.10096153846153846 0.5913461538461539 0.02403846153846154 0.02403846153846154
0 0.6490384615384616 0.5841346153846154 0.02403846153846154 0.02403846153846154
0 0.13701923076923078 0.5649038461538461 0.02403846153846154 0.02403846153846154
0 0.5649038461538461 0.5697115384615385 0.02403846153846154 0.02403846153846154
0 0.2980769230769231 0.5504807692307693 0.02403846153846154 0.02403846153846154
0 0.23798076923076925 0.545673076923077 0.02403846153846154 0.02403846153846154
0 0.8221153846153847 0.5336538461538461 0.02403846153846154 0.02403846153846154
0 0.545673076923077 0.5336538461538461 0.02403846153846154 0.02403846153846154
0 0.65625 0.5 0.02403846153846154 0.02403846153846154
0 0.5817307692307693 0.4903846153846154 0.02403846153846154 0.02403846153846154
0 0.06730769230769232 0.48557692307692313 0.02403846153846154 0.02403846153846154
0 0.48557692307692313 0.47836538461538464 0.02403846153846154 0.02403846153846154
0 0.9615384615384616 0.4567307692307693 0.02403846153846154 0.02403846153846154
0 0.06971153846153846 0.4399038461538462 0.02403846153846154 0.02403846153846154
0 0.7379807692307693 0.4326923076923077 0.02403846153846154 0.02403846153846154
0 0.7355769230769231 0.4014423076923077 0.02403846153846154 0.02403846153846154
0 0.6610576923076923 0.3509615384615385 0.02403846153846154 0.02403846153846154
0 0.8557692307692308 0.34375 0.02403846153846154 0.02403846153846154
0 0.16586538461538464 0.34134615384615385 0.02403846153846154 0.02403846153846154
0 0.9471153846153847 0.3269230769230769 0.02403846153846154 0.02403846153846154
0 0.7091346153846154 0.3269230769230769 0.02403846153846154 0.02403846153846154
0 0.5288461538461539 0.3197115384615385 0.02403846153846154 0.02403846153846154
0 0.05288461538461539 0.32211538461538464 0.02403846153846154 0.02403846153846154
0 0.7764423076923077 0.31009615384615385 0.02403846153846154 0.02403846153846154
0 0.6658653846153847 0.2980769230769231 0.02403846153846154 0.02403846153846154
0 0.514423076923077 0.2956730769230769 0.02403846153846154 0.02403846153846154
0 0.75 0.28125 0.02403846153846154 0.02403846153846154
0 0.3197115384615385 0.27403846153846156 0.02403846153846154 0.02403846153846154
0 0.625 0.2716346153846154 0.02403846153846154 0.02403846153846154
0 0.2644230769230769 0.25 0.02403846153846154 0.02403846153846154
0 0.47836538461538464 0.23317307692307693 0.02403846153846154 0.02403846153846154
0 0.5721153846153847 0.23076923076923078 0.02403846153846154 0.02403846153846154
0 0.49278846153846156 0.19951923076923078 0.02403846153846154 0.02403846153846154
0 0.4519230769230769 0.19711538461538464 0.02403846153846154 0.02403846153846154
0 0.3509615384615385 0.18028846153846154 0.02403846153846154 0.02403846153846154
0 0.5552884615384616 0.15865384615384617 0.02403846153846154 0.02403846153846154
0 0.7764423076923077 0.15865384615384617 0.02403846153846154 0.02403846153846154
0 0.6274038461538461 0.15865384615384617 0.02403846153846154 0.02403846153846154
0 0.9567307692307693 0.15384615384615385 0.02403846153846154 0.02403846153846154
0 0.06971153846153846 0.14423076923076925 0.02403846153846154 0.02403846153846154
0 0.43028846153846156 0.14182692307692307 0.02403846153846154 0.02403846153846154
0 0.8052884615384616 0.09855769230769232 0.02403846153846154 0.02403846153846154
0 0.7788461538461539 0.09855769230769232 0.02403846153846154 0.02403846153846154
0 0.3557692307692308 0.09615384615384616 0.02403846153846154 0.02403846153846154
0 0.6634615384615385 0.0889423076923077 0.02403846153846154 0.02403846153846154
0 0.8653846153846154 0.08173076923076923 0.02403846153846154 0.02403846153846154
0 0.41586538461538464 0.08173076923076923 0.02403846153846154 0.02403846153846154
0 0.6057692307692308 0.07451923076923077 0.02403846153846154 0.02403846153846154
0 0.7620192307692308 0.06730769230769232 0.02403846153846154 0.02403846153846154
0 0.5192307692307693 0.038461538461538464 0.02403846153846154 0.02403846153846154
0 0.07932692307692309 0.038461538461538464 0.02403846153846154 0.02403846153846154
0 0.22115384615384617 0.026442307692307696 0.02403846153846154 0.02403846153846154
0 0.8052884615384616 0.02403846153846154 0.02403846153846154 0.02403846153846154
0 0.8677884615384616 0.7451923076923077 0.02403846153846154 0.02403846153846154
