0 0.8245192307692308 0.9711538461538463 0.02403846153846154 0.02403846153846154
0 0.3317307692307693 0.9350961538461539 0.02403846153846154 0.02403846153846154
0 0.07932692307692309 0.9350961538461539 0.02403846153846154 0.02403846153846154
0 0.05048076923076923 0.8822115384615385 0.02403846153846154 0.02403846153846154
0 0.951923076923077 0.875 0.02403846153846154 0.02403846153846154
0 0.2644230769230769 0.8725961538461539 0.02403846153846154 0.02403846153846154
0 0.07692307692307693 0.8533653846153847 0.02403846153846154 0.02403846153846154
0 0.8076923076923077 0.8293269230769231 0.02403846153846154 0.02403846153846154
0 0.3125 0.8197115384615385 0.02403846153846154 0.02403846153846154
0 0.6057692307692308 0.8100961538461539 0.02403846153846154 0.02403846153846154
0 0.8822115384615385 0.8052884615384616 0.02403846153846154 0.02403846153846154
0 0.5096153846153847 0.7884615384615385 0.02403846153846154 0.02403846153846154
0 0.05288461538461539 0.7764423076923077 0.02403846153846154 0.02403846153846154
0 0.21153846153846156 0.7427884615384616 0.02403846153846154 0.02403846153846154
0 0.2764423076923077 0.6730769230769231 0.02403846153846154 0.02403846153846154
0 0.24278846153846156 0.6682692307692308 0.02403846153846154 0.02403846153846154
0 0.6298076923076923 0.6201923076923077 0.02403846153846154 0.02403846153846154
0 0.7524038461538461 0.6153846153846154 0.02403846153846154 0.02403846153846154
0 0.8365384615384616 0.6033653846153847 0.02403846153846154 0.02403846153846154
0 0.4879807692307693 0.5913461538461539 0.02403846153846154 0.02403846153846154
0 0.21153846153846156 0.5697115384615385 0.02403846153846154 0.02403846153846154
0 0.11057692307692309 0.5576923076923077 0.02403846153846154 0.02403846153846154
0 0.11538461538461539 0.5360576923076923 0.02403846153846154 0.02403846153846154
0 0.14903846153846154 0.4951923076923077 0.02403846153846154 0.02403846153846154
0 0.8990384615384616 0.47836538461538464 0.02403846153846154 0.02403846153846154
0 0.6370192307692308 0.4326923076923077 0.02403846153846154 0.02403846153846154
0 0.8509615384615385 0.4254807692307693 0.02403846153846154 0.02403846153846154
0 0.34134615384615385 0.41586538461538464 0.02403846153846154 0.02403846153846154
0 0.12259615384615385 0.3870192307692308 0.02403846153846154 0.02403846153846154
0 0.09855769230769232 0.38461538461538464 0.02403846153846154 0.02403846153846154
0 0.6466346153846154 0.3774038461538462 0.02403846153846154 0.02403846153846154
0 0.13461538461538464 0.3581730769230769 0.02403846153846154 0.02403846153846154
0 0.5625 0.3629807692307693 0.02403846153846154 0.02403846153846154
0 0.2956730769230769 0.34375 0.02403846153846154 0.02403846153846154
0 0.2355769230769231 0.3389423076923077 0.02403846153846154 0.02403846153846154
0 0.8197115384615385 0.3269230769230769 0.02403846153846154 0.02403846153846154
0 0.5432692307692308 0.3269230769230769 0.02403846153846154 0.02403846153846154
0 0.6538461538461539 0.2932692307692308 0.02403846153846154 0.02403846153846154
0 0.5793269230769231 0.28365384615384615 0.02403846153846154 0.02403846153846154
0 0.06490384615384616 0.27884615384615385 0.02403846153846154 0.02403846153846154
0 0.4831730769230769 0.2716346153846154 0.02403846153846154 0.02403846153846154
0 0.9591346153846154 0.25 0.02403846153846154 0.02403846153846154
0 0.06730769230769232 0.23317307692307693 0.02403846153846154 0.02403846153846154
0 0.7355769230769231 0.22596153846153846 0.02403846153846154 0.02403846153846154
0 0.733173076923077 0.19471153846153846 0.02403846153846154 0.02403846153846154
0 0.6586538461538461 0.14423076923076925 0.02403846153846154 0.02403846153846154
0 0.8533653846153847 0.13701923076923078 0.02403846153846154 0.02403846153846154
0 0.16346153846153846 0.13461538461538464 0.02403846153846154 0.02403846153846154
0 0.9447115384615385 0.1201923076923077 0.02403846153846154 0.02403846153846154
0 0.7067307692307693 0.1201923076923077 0.02403846153846154 0.02403846153846154
0 0.5264423076923077 0.11298076923076923 0.02403846153846154 0.02403846153846154
0 0.05048076923076923 0.11538461538461539 0.02403846153846154 0.02403846153846154
0 0.7740384615384616 0.10336538461538462 0.02403846153846154 0.02403846153846154
0 0.6634615384615385 0.09134615384615385 0.02403846153846154 0.02403846153846154
0 0.5120192307692308 0.0889423076923077 0.02403846153846154 0.02403846153846154
0 0.7475961538461539 0.07451923076923077 0.02403846153846154 0.02403846153846154
0 0.31730769230769235 0.06730769230769232 0.02403846153846154 0.02403846153846154
0 0.6225961538461539 0.06490384615384616 0.02403846153846154 0.02403846153846154
0 0.2620192307692308 0.04326923076923077 0.02403846153846154 0.02403846153846154
0 0.4759615384615385 0.026442307692307696 0.02403846153846154 0.02403846153846154
0 0.5697115384615385 0.02403846153846154 0.02403846153846154 0.02403846153846154
0 0.8653846153846154 0.5384615384615385 0.02403846153846154 0.02403846153846154
