0 0.4591346153846154 0.9543269230769231 0.02403846153846154 0.02403846153846154
0 0.5865384615384616 0.858173076923077 0.02403846153846154 0.02403846153846154
0 0.44230769230769235 0.8125 0.02403846153846154 0.02403846153846154
0 0.2403846153846154 0.7932692307692308 0.02403846153846154 0.02403846153846154
0 0.5168269230769231 0.7884615384615385 0.02403846153846154 0.02403846153846154
0 0.14423076923076925 0.7716346153846154 0.02403846153846154 0.02403846153846154
0 0.2644230769230769 0.6033653846153847 0.02403846153846154 0.02403846153846154
0 0.3870192307692308 0.5985576923076923 0.02403846153846154 0.02403846153846154
0 0.9567307692307693 0.5913461538461539 0.02403846153846154 0.02403846153846154
0 0.4711538461538462 0.5865384615384616 0.02403846153846154 0.02403846153846154
0 0.12259615384615385 0.5745192307692308 0.02403846153846154 0.02403846153846154
0 0.8365384615384616 0.4807692307692308 0.02403846153846154 0.02403846153846154
0 0.5336538461538461 0.46153846153846156 0.02403846153846154 0.02403846153846154
0 0.2716346153846154 0.41586538461538464 0.02403846153846154 0.02403846153846154
0 0.48557692307692313 0.4086538461538462 0.02403846153846154 0.02403846153846154
0 0.96875 0.3870192307692308 0.02403846153846154 0.02403846153846154
0 0.28125 0.3605769230769231 0.02403846153846154 0.02403846153846154
0 0.19711538461538464 0.34615384615384615 0.02403846153846154 0.02403846153846154
0 0.45432692307692313 0.31009615384615385 0.02403846153846154 0.02403846153846154
0 0.1778846153846154 0.31009615384615385 0.02403846153846154 0.02403846153846154
0 0.2884615384615385 0.2764423076923077 0.02403846153846154 0.02403846153846154
0 0.2139423076923077 0.2668269230769231 0.02403846153846154 0.02403846153846154
0 0.6875 0.2572115384615385 0.02403846153846154 0.02403846153846154
0 0.11778846153846155 0.25480769230769235 0.02403846153846154 0.02403846153846154
0 0.6682692307692308 0.2451923076923077 0.02403846153846154 0.02403846153846154
0 0.59375 0.23317307692307693 0.02403846153846154 0.02403846153846154
0 0.6177884615384616 0.22115384615384617 0.02403846153846154 0.02403846153846154
0 0.3701923076923077 0.2091346153846154 0.02403846153846154 0.02403846153846154
0 0.36778846153846156 0.1778846153846154 0.02403846153846154 0.02403846153846154
0 0.8341346153846154 0.15625 0.02403846153846154 0.02403846153846154
0 0.2932692307692308 0.12740384615384617 0.02403846153846154 0.02403846153846154
0 0.7283653846153847 0.125 0.02403846153846154 0.02403846153846154
0 0.4879807692307693 0.1201923076923077 0.02403846153846154 0.02403846153846154
0 0.5793269230769231 0.10336538461538462 0.02403846153846154 0.02403846153846154
0 0.34134615384615385 0.10336538461538462 0.02403846153846154 0.02403846153846154
0 0.16105769230769232 0.09615384615384616 0.02403846153846154 0.02403846153846154
0 0.4086538461538462 0.08653846153846154 0.02403846153846154 0.02403846153846154
0 0.2980769230769231 0.07451923076923077 0.02403846153846154 0.02403846153846154
0 0.1466346153846154 0.07211538461538462 0.02403846153846154 0.02403846153846154
0 0.3822115384615385 0.057692307692307696 0.02403846153846154 0.02403846153846154
0 0.2572115384615385 0.04807692307692308 0.02403846153846154 0.02403846153846154
0 0.875 0.05048076923076923 0.02403846153846154 0.02403846153846154
0 0.7427884615384616 0.03605769230769231 0.02403846153846154 0.02403846153846154
0 0.78125 0.4134615384615385 0.02403846153846154 0.02403846153846154
0 0.7115384615384616 0.4399038461538462 0.02403846153846154 0.02403846153846154
0 0.7403846153846154 0.4879807692307693 0.02403846153846154 0.02403846153846154
0 0.625 0.4014423076923077 0.02403846153846154 0.02403846153846154
0 0.5 0.5216346153846154 0.02403846153846154 0.02403846153846154
0 0.8822115384615385 0.6490384615384616 0.02403846153846154 0.02403846153846154
0 0.8028846153846154 0.7596153846153847 0.02403846153846154 0.02403846153846154
0 0.7475961538461539 0.7572115384615385 0.02403846153846154 0.02403846153846154
0 0.9110576923076924 0.13942307692307693 0.02403846153846154 0.02403846153846154
0 0.6322115384615385 0.02403846153846154 0.02403846153846154 0.02403846153846154
