0 0.6586538461538461 0.9230769230769231 0.02403846153846154 0.02403846153846154
0 0.9182692307692308 0.8725961538461539 0.02403846153846154 0.02403846153846154
0 0.5 0.8365384615384616 0.02403846153846154 0.02403846153846154
0 0.37980769230769235 0.7259615384615385 0.02403846153846154 0.02403846153846154
0 0.07692307692307693 0.7067307692307693 0.02403846153846154 0.02403846153846154
0 0.028846153846153848 0.6538461538461539 0.02403846153846154 0.02403846153846154
0 0.5120192307692308 0.6322115384615385 0.02403846153846154 0.02403846153846154
0 0.7836538461538461 0.6201923076923077 0.02403846153846154 0.02403846153846154
0 0.7067307692307693 0.5913461538461539 0.02403846153846154 0.02403846153846154
0 0.6850961538461539 0.5552884615384616 0.02403846153846154 0.02403846153846154
0 0.7451923076923077 0.5120192307692308 0.02403846153846154 0.02403846153846154
0 0.5600961538461539 0.5072115384615384 0.02403846153846154 0.02403846153846154
0 0.23076923076923078 0.5024038461538461 0.02403846153846154 0.02403846153846154
0 0.21153846153846156 0.4903846153846154 0.02403846153846154 0.02403846153846154
0 0.13701923076923078 0.47836538461538464 0.02403846153846154 0.02403846153846154
0 0.16105769230769232 0.46634615384615385 0.02403846153846154 0.02403846153846154
0 0.6586538461538461 0.40384615384615385 0.02403846153846154 0.02403846153846154
0 0.701923076923077 0.39903846153846156 0.02403846153846154 0.02403846153846154
0 0.3774038461538462 0.4014423076923077 0.02403846153846154 0.02403846153846154
0 0.7548076923076924 0.3942307692307693 0.02403846153846154 0.02403846153846154
0 0.9447115384615385 0.3774038461538462 0.02403846153846154 0.02403846153846154
0 0.7139423076923077 0.37980769230769235 0.02403846153846154 0.02403846153846154
0 0.2716346153846154 0.3701923076923077 0.02403846153846154 0.02403846153846154
0 0.03125 0.3653846153846154 0.02403846153846154 0.02403846153846154
0 0.12259615384615385 0.34855769230769235 0.02403846153846154 0.02403846153846154
0 0.7572115384615385 0.3245192307692308 0.02403846153846154 0.02403846153846154
0 0.4182692307692308 0.2956730769230769 0.02403846153846154 0.02403846153846154
0 0.28605769230769235 0.28125 0.02403846153846154 0.02403846153846154
0 0.8870192307692308 0.2668269230769231 0.02403846153846154 0.02403846153846154
0 0.5745192307692308 0.24278846153846156 0.02403846153846154 0.02403846153846154
0 0.2644230769230769 0.23798076923076925 0.02403846153846154 0.02403846153846154
0 0.6466346153846154 0.21153846153846156 0.02403846153846154 0.02403846153846154
0 0.3389423076923077 0.19471153846153846 0.02403846153846154 0.02403846153846154
0 0.4134615384615385 0.18990384615384617 0.02403846153846154 0.02403846153846154
0 0.9086538461538463 0.18028846153846154 0.02403846153846154 0.02403846153846154
0 0.7139423076923077 0.1778846153846154 0.02403846153846154 0.02403846153846154
0 0.13221153846153846 0.17548076923076925 0.02403846153846154 0.02403846153846154
0 0.5120192307692308 0.17067307692307693 0.02403846153846154 0.02403846153846154
0 0.23798076923076925 0.1466346153846154 0.02403846153846154 0.02403846153846154
0 0.39903846153846156 0.13942307692307693 0.02403846153846154 0.02403846153846154
0 0.42307692307692313 0.125 0.02403846153846154 0.02403846153846154
0 0.2644230769230769 0.125 0.02403846153846154 0.02403846153846154
0 0.040865384615384616 0.10336538461538462 0.02403846153846154 0.02403846153846154
0 0.27403846153846156 0.09134615384615385 0.02403846153846154 0.02403846153846154
0 0.6634615384615385 0.06971153846153846 0.02403846153846154 0.02403846153846154
0 0.22596153846153846 0.06730769230769232 0.02403846153846154 0.02403846153846154
0 0.3317307692307693 0.057692307692307696 0.02403846153846154 0.02403846153846154
0 0.2884615384615385 0.06009615384615385 0.02403846153846154 0.02403846153846154
0 0.028846153846153848 0.03365384615384616 0.02403846153846154 0.02403846153846154
0 0.3245192307692308 0.6586538461538461 0.02403846153846154 0.02403846153846154
0 0.25480769230769235 0.6850961538461539 0.02403846153846154 0.02403846153846154
0 0.28365384615384615 0.733173076923077 0.02403846153846154 0.02403846153846154
0 0.16826923076923078 0.6466346153846154 0.02403846153846154 0.02403846153846154
0 0.04326923076923077 0.7668269230769231 0.02403846153846154 0.02403846153846154
0 0.4254807692307693 0.8942307692307693 0.02403846153846154 0.02403846153846154
0 0.45432692307692313 0.38461538461538464 0.02403846153846154 0.02403846153846154
0 0.17548076923076925 0.2692307692307693 0.02403846153846154 0.02403846153846154
0 0.2932692307692308 0.17548076923076925 0.02403846153846154 0.02403846153846154
0 0.5673076923076923 0.026442307692307696 0.02403846153846154 0.02403846153846154
0 0.4278846153846154 0.06730769230769232 0.02403846153846154 0.02403846153846154
