0 0.6346153846153847 0.9663461538461539 0.02403846153846154 0.02403846153846154
0 0.6778846153846154 0.9615384615384616 0.02403846153846154 0.02403846153846154
0 0.35336538461538464 0.9639423076923077 0.02403846153846154 0.02403846153846154
0 0.7307692307692308 0.9567307692307693 0.02403846153846154 0.02403846153846154
0 0.920673076923077 0.9399038461538463 0.02403846153846154 0.02403846153846154
0 0.6899038461538461 0.9423076923076924 0.02403846153846154 0.02403846153846154
0 0.24759615384615385 0.9326923076923077 0.02403846153846154 0.02403846153846154
0 0.09855769230769232 0.9110576923076924 0.02403846153846154 0.02403846153846154
0 0.733173076923077 0.8870192307692308 0.02403846153846154 0.02403846153846154
0 0.3942307692307693 0.858173076923077 0.02403846153846154 0.02403846153846154
0 0.2620192307692308 0.84375 0.02403846153846154 0.02403846153846154
0 0.8629807692307693 0.8293269230769231 0.02403846153846154 0.02403846153846154
0 0.5504807692307693 0.8052884615384616 0.02403846153846154 0.02403846153846154
0 0.2403846153846154 0.8004807692307693 0.02403846153846154 0.02403846153846154
0 0.6225961538461539 0.7740384615384616 0.02403846153846154 0.02403846153846154
0 0.31490384615384615 0.7572115384615385 0.02403846153846154 0.02403846153846154
0 0.3894230769230769 0.7524038461538461 0.02403846153846154 0.02403846153846154
0 0.8846153846153847 0.7427884615384616 0.02403846153846154 0.02403846153846154
0 0.6899038461538461 0.7403846153846154 0.02403846153846154 0.02403846153846154
0 0.10817307692307693 0.7379807692307693 0.02403846153846154 0.02403846153846154
0 0.4879807692307693 0.733173076923077 0.02403846153846154 0.02403846153846154
0 0.2139423076923077 0.7091346153846154 0.02403846153846154 0.02403846153846154
0 0.375 0.701923076923077 0.02403846153846154 0.02403846153846154
0 0.39903846153846156 0.6875 0.02403846153846154 0.02403846153846154
0 0.2403846153846154 0.6875 0.02403846153846154 0.02403846153846154
0 0.25 0.6538461538461539 0.02403846153846154 0.02403846153846154
0 0.639423076923077 0.6322115384615385 0.02403846153846154 0.02403846153846154
0 0.20192307692307693 0.6298076923076923 0.02403846153846154 0.02403846153846154
0 0.3076923076923077 0.6201923076923077 0.02403846153846154 0.02403846153846154
0 0.2644230769230769 0.6225961538461539 0.02403846153846154 0.02403846153846154
0 0.6610576923076923 0.5721153846153847 0.02403846153846154 0.02403846153846154
0 0.576923076923077 0.5432692307692308 0.02403846153846154 0.02403846153846154
0 0.06490384615384616 0.5432692307692308 0.02403846153846154 0.02403846153846154
0 0.038461538461538464 0.5360576923076923 0.02403846153846154 0.02403846153846154
0 0.5961538461538461 0.5288461538461539 0.02403846153846154 0.02403846153846154
0 0.21153846153846156 0.5264423076923077 0.02403846153846154 0.02403846153846154
0 0.27884615384615385 0.5024038461538461 0.02403846153846154 0.02403846153846154
0 0.15865384615384617 0.47355769230769235 0.02403846153846154 0.02403846153846154
0 0.28365384615384615 0.46153846153846156 0.02403846153846154 0.02403846153846154
0 0.25240384615384615 0.4639423076923077 0.02403846153846154 0.02403846153846154
0 0.6033653846153847 0.46153846153846156 0.02403846153846154 0.02403846153846154
0 0.5192307692307693 0.45432692307692313 0.02403846153846154 0.02403846153846154
0 0.4759615384615385 0.45432692307692313 0.02403846153846154 0.02403846153846154
0 0.057692307692307696 0.4519230769230769 0.02403846153846154 0.02403846153846154
0 0.8365384615384616 0.4519230769230769 0.02403846153846154 0.02403846153846154
0 0.6754807692307693 0.4399038461538462 0.02403846153846154 0.02403846153846154
0 0.3509615384615385 0.4182692307692308 0.02403846153846154 0.02403846153846154
0 0.6586538461538461 0.3894230769230769 0.02403846153846154 0.02403846153846154
0 0.4254807692307693 0.3774038461538462 0.02403846153846154 0.02403846153846154
0 0.14182692307692307 0.3774038461538462 0.02403846153846154 0.02403846153846154
0 0.8028846153846154 0.375 0.02403846153846154 0.02403846153846154
0 0.16105769230769232 0.36778846153846156 0.02403846153846154 0.02403846153846154
0 0.22836538461538464 0.35336538461538464 0.02403846153846154 0.02403846153846154
0 0.10817307692307693 0.3245192307692308 0.02403846153846154 0.02403846153846154
0 0.3197115384615385 0.3197115384615385 0.02403846153846154 0.02403846153846154
0 0.5432692307692308 0.31490384615384615 0.02403846153846154 0.02403846153846154
0 0.14423076923076925 0.30528846153846156 0.02403846153846154 0.02403846153846154
0 0.6105769230769231 0.3004807692307693 0.02403846153846154 0.02403846153846154
0 0.3966346153846154 0.2884615384615385 0.02403846153846154 0.02403846153846154
0 0.5480769230769231 0.27403846153846156 0.02403846153846154 0.02403846153846154
0 0.2956730769230769 0.2644230769230769 0.02403846153846154 0.02403846153846154
0 0.2644230769230769 0.25961538461538464 0.02403846153846154 0.02403846153846154
0 0.733173076923077 0.24278846153846156 0.02403846153846154 0.02403846153846154
0 0.2716346153846154 0.23798076923076925 0.02403846153846154 0.02403846153846154
0 0.21153846153846156 0.2355769230769231 0.02403846153846154 0.02403846153846154
0 0.5408653846153847 0.2355769230769231 0.02403846153846154 0.02403846153846154
0 0.04567307692307693 0.22596153846153846 0.02403846153846154 0.02403846153846154
0 0.6177884615384616 0.21634615384615385 0.02403846153846154 0.02403846153846154
0 0.2091346153846154 0.21634615384615385 0.02403846153846154 0.02403846153846154
0 0.6995192307692308 0.21634615384615385 0.02403846153846154 0.02403846153846154
0 0.6514423076923077 0.19711538461538464 0.02403846153846154 0.02403846153846154
0 0.08653846153846154 0.18990384615384617 0.02403846153846154 0.02403846153846154
0 0.09615384615384616 0.1778846153846154 0.02403846153846154 0.02403846153846154
0 0.29086538461538464 0.17307692307692307 0.02403846153846154 0.02403846153846154
0 0.34375 0.17067307692307693 0.02403846153846154 0.02403846153846154
0 0.13461538461538464 0.17307692307692307 0.02403846153846154 0.02403846153846154
0 0.9086538461538463 0.1778846153846154 0.02403846153846154 0.02403846153846154
0 0.625 0.1514423076923077 0.02403846153846154 0.02403846153846154
0 0.24759615384615385 0.14903846153846154 0.02403846153846154 0.02403846153846154
0 0.02403846153846154 0.1466346153846154 0.02403846153846154 0.02403846153846154
0 0.04807692307692308 0.10817307692307693 0.02403846153846154 0.02403846153846154
0 0.1514423076923077 0.09134615384615385 0.02403846153846154 0.02403846153846154
0 0.3269230769230769 0.07932692307692309 0.02403846153846154 0.02403846153846154
0 0.2764423076923077 0.07932692307692309 0.02403846153846154 0.02403846153846154
0 0.2956730769230769 0.07692307692307693 0.02403846153846154 0.02403846153846154
0 0.5072115384615384 0.07932692307692309 0.02403846153846154 0.02403846153846154
0 0.12980769230769232 0.07692307692307693 0.02403846153846154 0.02403846153846154
0 0.5408653846153847 0.06971153846153846 0.02403846153846154 0.02403846153846154
0 0.4879807692307693 0.0625 0.02403846153846154 0.02403846153846154
0 0.46153846153846156 0.06009615384615385 0.02403846153846154 0.02403846153846154
0 0.1778846153846154 0.057692307692307696 0.02403846153846154 0.02403846153846154
0 0.41105769230769235 0.057692307692307696 0.02403846153846154 0.02403846153846154
0 0.16586538461538464 0.040865384615384616 0.02403846153846154 0.02403846153846154
0 0.28605769230769235 0.03125 0.02403846153846154 0.02403846153846154
0 0.43028846153846156 0.9471153846153847 0.02403846153846154 0.02403846153846154
0 0.1514423076923077 0.8317307692307693 0.02403846153846154 0.02403846153846154
0 0.2692307692307693 0.7379807692307693 0.02403846153846154 0.02403846153846154
0 0.5432692307692308 0.5889423076923077 0.02403846153846154 0.02403846153846154
0 0.5 0.5432692307692308 0.02403846153846154 0.02403846153846154
0 0.5072115384615384 0.5048076923076923 0.02403846153846154 0.02403846153846154
0 0.38461538461538464 0.4759615384615385 0.02403846153846154 0.02403846153846154
0 0.2764423076923077 0.5793269230769231 0.02403846153846154 0.02403846153846154
0 0.40384615384615385 0.6298076923076923 0.02403846153846154 0.02403846153846154
0 0.4182692307692308 0.31490384615384615 0.02403846153846154 0.02403846153846154
