0 0.6634615384615385 0.9615384615384616 0.02403846153846154 0.02403846153846154
0 0.2451923076923077 0.9254807692307693 0.02403846153846154 0.02403846153846154
0 0.125 0.8149038461538461 0.02403846153846154 0.02403846153846154
0 0.2572115384615385 0.7211538461538461 0.02403846153846154 0.02403846153846154
0 0.5288461538461539 0.7091346153846154 0.02403846153846154 0.02403846153846154
0 0.4519230769230769 0.6802884615384616 0.02403846153846154 0.02403846153846154
0 0.43028846153846156 0.6442307692307693 0.02403846153846154 0.02403846153846154
0 0.4903846153846154 0.6009615384615385 0.02403846153846154 0.02403846153846154
0 0.30528846153846156 0.5961538461538461 0.02403846153846154 0.02403846153846154
0 0.40384615384615385 0.49278846153846156 0.02403846153846154 0.02403846153846154
0 0.44711538461538464 0.4879807692307693 0.02403846153846154 0.02403846153846154
0 0.12259615384615385 0.4903846153846154 0.02403846153846154 0.02403846153846154
0 0.5 0.4831730769230769 0.02403846153846154 0.02403846153846154
0 0.6899038461538461 0.46634615384615385 0.02403846153846154 0.02403846153846154
0 0.4591346153846154 0.46875 0.02403846153846154 0.02403846153846154
0 0.7427884615384616 0.44230769230769235 0.02403846153846154 0.02403846153846154
0 0.5024038461538461 0.4134615384615385 0.02403846153846154 0.02403846153846154
0 0.16346153846153846 0.38461538461538464 0.02403846153846154 0.02403846153846154
0 0.03125 0.3701923076923077 0.02403846153846154 0.02403846153846154
0 0.6322115384615385 0.3557692307692308 0.02403846153846154 0.02403846153846154
0 0.3197115384615385 0.3317307692307693 0.02403846153846154 0.02403846153846154
0 0.3918269230769231 0.3004807692307693 0.02403846153846154 0.02403846153846154
0 0.08413461538461539 0.28365384615384615 0.02403846153846154 0.02403846153846154
0 0.15865384615384617 0.27884615384615385 0.02403846153846154 0.02403846153846154
0 0.6538461538461539 0.2692307692307693 0.02403846153846154 0.02403846153846154
0 0.4591346153846154 0.2668269230769231 0.02403846153846154 0.02403846153846154
0 0.2572115384615385 0.25961538461538464 0.02403846153846154 0.02403846153846154
0 0.8341346153846154 0.2403846153846154 0.02403846153846154 0.02403846153846154
0 0.14423076923076925 0.22836538461538464 0.02403846153846154 0.02403846153846154
0 0.16826923076923078 0.2139423076923077 0.02403846153846154 0.02403846153846154
0 0.4086538461538462 0.15865384615384617 0.02403846153846154 0.02403846153846154
0 0.07692307692307693 0.1466346153846154 0.02403846153846154 0.02403846153846154
0 0.03365384615384616 0.14903846153846154 0.02403846153846154 0.02403846153846154
0 0.9302884615384616 0.14182692307692307 0.02403846153846154 0.02403846153846154
0 0.43028846153846156 0.09855769230769232 0.02403846153846154 0.02403846153846154
0 0.34615384615384615 0.06971153846153846 0.02403846153846154 0.02403846153846154
0 0.3653846153846154 0.05528846153846154 0.02403846153846154 0.02403846153846154
0 0.04807692307692308 0.028846153846153848 0.02403846153846154 0.02403846153846154
0 0.06971153846153846 0.7475961538461539 0.02403846153846154 0.02403846153846154
0 0.028846153846153848 0.8221153846153847 0.02403846153846154 0.02403846153846154
0 0.19951923076923078 0.47355769230769235 0.02403846153846154 0.02403846153846154
0 0.038461538461538464 0.2644230769230769 0.02403846153846154 0.02403846153846154
0 0.3125 0.11538461538461539 0.02403846153846154 0.02403846153846154
0 0.2692307692307693 0.06971153846153846 0.02403846153846154 0.02403846153846154
0 0.2764423076923077 0.03125 0.02403846153846154 0.02403846153846154
0 0.04567307692307693 0.10576923076923078 0.02403846153846154 0.02403846153846154
0 0.17307692307692307 0.15625 0.02403846153846154 0.02403846153846154
