0 0.8076923076923077 0.9663461538461539 0.02403846153846154 0.02403846153846154
0 0.18509615384615385 0.9615384615384616 0.02403846153846154 0.02403846153846154
0 0.7427884615384616 0.9014423076923077 0.02403846153846154 0.02403846153846154
0 0.5600961538461539 0.8725961538461539 0.02403846153846154 0.02403846153846154
0 0.8173076923076924 0.8293269230769231 0.02403846153846154 0.02403846153846154
0 0.36778846153846156 0.826923076923077 0.02403846153846154 0.02403846153846154
0 0.34855769230769235 0.8149038461538461 0.02403846153846154 0.02403846153846154
0 0.057692307692307696 0.7716346153846154 0.02403846153846154 0.02403846153846154
0 0.9567307692307693 0.764423076923077 0.02403846153846154 0.02403846153846154
0 0.5649038461538461 0.764423076923077 0.02403846153846154 0.02403846153846154
0 0.6322115384615385 0.6947115384615385 0.02403846153846154 0.02403846153846154
0 0.733173076923077 0.6370192307692308 0.02403846153846154 0.02403846153846154
0 0.4807692307692308 0.6370192307692308 0.02403846153846154 0.02403846153846154
0 0.3942307692307693 0.6105769230769231 0.02403846153846154 0.02403846153846154
0 0.375 0.5889423076923077 0.02403846153846154 0.02403846153846154
0 0.4519230769230769 0.5841346153846154 0.02403846153846154 0.02403846153846154
0 0.6658653846153847 0.5745192307692308 0.02403846153846154 0.02403846153846154
0 0.47836538461538464 0.5552884615384616 0.02403846153846154 0.02403846153846154
0 0.7139423076923077 0.5216346153846154 0.02403846153846154 0.02403846153846154
0 0.9110576923076924 0.4903846153846154 0.02403846153846154 0.02403846153846154
0 0.45432692307692313 0.47836538461538464 0.02403846153846154 0.02403846153846154
0 0.6129807692307693 0.4447115384615385 0.02403846153846154 0.02403846153846154
0 0.4014423076923077 0.44711538461538464 0.02403846153846154 0.02403846153846154
0 0.6778846153846154 0.375 0.02403846153846154 0.02403846153846154
0 0.6442307692307693 0.3701923076923077 0.02403846153846154 0.02403846153846154
0 0.3894230769230769 0.3245192307692308 0.02403846153846154 0.02403846153846154
0 0.3004807692307693 0.3076923076923077 0.02403846153846154 0.02403846153846154
0 0.889423076923077 0.2932692307692308 0.02403846153846154 0.02403846153846154
0 0.3125 0.2932692307692308 0.02403846153846154 0.02403846153846154
0 0.6129807692307693 0.2716346153846154 0.02403846153846154 0.02403846153846154
0 0.5120192307692308 0.25961538461538464 0.02403846153846154 0.02403846153846154
0 0.5168269230769231 0.23798076923076925 0.02403846153846154 0.02403846153846154
0 0.0889423076923077 0.21634615384615385 0.02403846153846154 0.02403846153846154
0 0.5504807692307693 0.19711538461538464 0.02403846153846154 0.02403846153846154
0 0.1201923076923077 0.12259615384615385 0.02403846153846154 0.02403846153846154
0 0.7427884615384616 0.11778846153846155 0.02403846153846154 0.02403846153846154
0 0.16105769230769232 0.10817307692307693 0.02403846153846154 0.02403846153846154
0 0.5240384615384616 0.0889423076923077 0.02403846153846154 0.02403846153846154
0 0.5 0.08653846153846154 0.02403846153846154 0.02403846153846154
0 0.5360576923076923 0.06009615384615385 0.02403846153846154 0.02403846153846154
0 0.9639423076923077 0.06490384615384616 0.02403846153846154 0.02403846153846154
0 0.6971153846153847 0.04567307692307693 0.02403846153846154 0.02403846153846154
0 0.6370192307692308 0.040865384615384616 0.02403846153846154 0.02403846153846154
0 0.9447115384615385 0.028846153846153848 0.02403846153846154 0.02403846153846154
0 0.3004807692307693 0.026442307692307696 0.02403846153846154 0.02403846153846154
