0 0.9014423076923077 0.8221153846153847 0.02403846153846154 0.02403846153846154
0 0.875 0.7836538461538461 0.02403846153846154 0.02403846153846154
0 0.9182692307692308 0.7067307692307693 0.02403846153846154 0.02403846153846154
0 0.43028846153846156 0.6899038461538461 0.02403846153846154 0.02403846153846154
0 0.30528846153846156 0.5673076923076923 0.02403846153846154 0.02403846153846154
0 0.9278846153846154 0.4879807692307693 0.02403846153846154 0.02403846153846154
0 0.6490384615384616 0.46875 0.02403846153846154 0.02403846153846154
0 0.17307692307692307 0.3870192307692308 0.02403846153846154 0.02403846153846154
0 0.21875 0.3605769230769231 0.02403846153846154 0.02403846153846154
0 0.22836538461538464 0.23317307692307693 0.02403846153846154 0.02403846153846154
0 0.40384615384615385 0.09134615384615385 0.02403846153846154 0.02403846153846154
0 0.06730769230769232 0.31730769230769235 0.02403846153846154 0.02403846153846154
