0 0.43509615384615385 0.920673076923077 0.02403846153846154 0.02403846153846154
0 0.5625 0.8245192307692308 0.02403846153846154 0.02403846153846154
0 0.4182692307692308 0.7788461538461539 0.02403846153846154 0.02403846153846154
0 0.21634615384615385 0.7596153846153847 0.02403846153846154 0.02403846153846154
0 0.49278846153846156 0.7548076923076924 0.02403846153846154 0.02403846153846154
0 0.1201923076923077 0.7379807692307693 0.02403846153846154 0.02403846153846154
0 0.2403846153846154 0.5697115384615385 0.02403846153846154 0.02403846153846154
0 0.3629807692307693 0.5649038461538461 0.02403846153846154 0.02403846153846154
0 0.9326923076923077 0.5576923076923077 0.02403846153846154 0.02403846153846154
0 0.44711538461538464 0.5528846153846154 0.02403846153846154 0.02403846153846154
0 0.09855769230769232 0.5408653846153847 0.02403846153846154 0.02403846153846154
0 0.8125 0.44711538461538464 0.02403846153846154 0.02403846153846154
0 0.5096153846153847 0.4278846153846154 0.02403846153846154 0.02403846153846154
0 0.24759615384615385 0.3822115384615385 0.02403846153846154 0.02403846153846154
0 0.46153846153846156 0.375 0.02403846153846154 0.02403846153846154
0 0.9447115384615385 0.35336538461538464 0.02403846153846154 0.02403846153846154
0 0.2572115384615385 0.3269230769230769 0.02403846153846154 0.02403846153846154
0 0.17307692307692307 0.3125 0.02403846153846154 0.02403846153846154
0 0.43028846153846156 0.2764423076923077 0.02403846153846154 0.02403846153846154
0 0.15384615384615385 0.2764423076923077 0.02403846153846154 0.02403846153846154
0 0.2644230769230769 0.24278846153846156 0.02403846153846154 0.02403846153846154
0 0.18990384615384617 0.23317307692307693 0.02403846153846154 0.02403846153846154
0 0.6634615384615385 0.22355769230769232 0.02403846153846154 0.02403846153846154
0 0.09375 0.22115384615384617 0.02403846153846154 0.02403846153846154
0 0.6442307692307693 0.21153846153846156 0.02403846153846154 0.02403846153846154
0 0.5697115384615385 0.19951923076923078 0.02403846153846154 0.02403846153846154
0 0.59375 0.1875 0.02403846153846154 0.02403846153846154
0 0.34615384615384615 0.17548076923076925 0.02403846153846154 0.02403846153846154
0 0.34375 0.14423076923076925 0.02403846153846154 0.02403846153846154
0 0.8100961538461539 0.12259615384615385 0.02403846153846154 0.02403846153846154
0 0.2692307692307693 0.09375 0.02403846153846154 0.02403846153846154
0 0.7043269230769231 0.09134615384615385 0.02403846153846154 0.02403846153846154
0 0.4639423076923077 0.08653846153846154 0.02403846153846154 0.02403846153846154
0 0.5552884615384616 0.06971153846153846 0.02403846153846154 0.02403846153846154
0 0.31730769230769235 0.06971153846153846 0.02403846153846154 0.02403846153846154
0 0.13701923076923078 0.0625 0.02403846153846154 0.02403846153846154
0 0.38461538461538464 0.05288461538461539 0.02403846153846154 0.02403846153846154
0 0.27403846153846156 0.040865384615384616 0.02403846153846154 0.02403846153846154
0 0.12259615384615385 0.038461538461538464 0.02403846153846154 0.02403846153846154
0 0.3581730769230769 0.02403846153846154 0.02403846153846154 0.02403846153846154
0 0.7572115384615385 0.37980769230769235 0.02403846153846154 0.02403846153846154
0 0.6875 0.40625 0.02403846153846154 0.02403846153846154
0 0.7163461538461539 0.45432692307692313 0.02403846153846154 0.02403846153846154
0 0.6009615384615385 0.36778846153846156 0.02403846153846154 0.02403846153846154
0 0.4759615384615385 0.4879807692307693 0.02403846153846154 0.02403846153846154
0 0.858173076923077 0.6153846153846154 0.02403846153846154 0.02403846153846154
0 0.7788461538461539 0.7259615384615385 0.02403846153846154 0.02403846153846154
0 0.7235576923076924 0.7235576923076924 0.02403846153846154 0.02403846153846154
0 0.8870192307692308 0.10576923076923078 0.02403846153846154 0.02403846153846154
