0 0.7163461538461539 0.9447115384615385 0.02403846153846154 0.02403846153846154
0 0.1875 0.9326923076923077 0.02403846153846154 0.02403846153846154
0 0.13461538461538464 0.90625 0.02403846153846154 0.02403846153846154
0 0.06009615384615385 0.8701923076923077 0.02403846153846154 0.02403846153846154
0 0.4447115384615385 0.8341346153846154 0.02403846153846154 0.02403846153846154
0 0.8365384615384616 0.7067307692307693 0.02403846153846154 0.02403846153846154
0 0.08653846153846154 0.6538461538461539 0.02403846153846154 0.02403846153846154
0 0.10336538461538462 0.6105769230769231 0.02403846153846154 0.02403846153846154
0 0.5120192307692308 0.5 0.02403846153846154 0.02403846153846154
0 0.03365384615384616 0.4399038461538462 0.02403846153846154 0.02403846153846154
0 0.8173076923076924 0.34134615384615385 0.02403846153846154 0.02403846153846154
0 0.09615384615384616 0.2692307692307693 0.02403846153846154 0.02403846153846154
0 0.04567307692307693 0.1778846153846154 0.02403846153846154 0.02403846153846154
0 0.4903846153846154 0.15625 0.02403846153846154 0.02403846153846154
0 0.19711538461538464 0.14903846153846154 0.02403846153846154 0.02403846153846154
0 0.21875 0.13461538461538464 0.02403846153846154 0.02403846153846154
0 0.17307692307692307 0.13461538461538464 0.02403846153846154 0.02403846153846154
0 0.10336538461538462 0.125 0.02403846153846154 0.02403846153846154
0 0.13942307692307693 0.11538461538461539 0.02403846153846154 0.02403846153846154
0 0.3918269230769231 0.09134615384615385 0.02403846153846154 0.02403846153846154
0 0.31730769230769235 0.08413461538461539 0.02403846153846154 0.02403846153846154
0 0.11778846153846155 0.05288461538461539 0.02403846153846154 0.02403846153846154
0 0.6129807692307693 0.1875 0.02403846153846154 0.02403846153846154
0 0.9278846153846154 0.1778846153846154 0.02403846153846154 0.02403846153846154
0 0.9423076923076924 0.22596153846153846 0.02403846153846154 0.02403846153846154
0 0.8028846153846154 0.09375 0.02403846153846154 0.02403846153846154
0 0.7692307692307693 0.4278846153846154 0.02403846153846154 0.02403846153846154
0 0.6802884615384616 0.2716346153846154 0.02403846153846154 0.02403846153846154
0 0.3125 0.06009615384615385 0.02403846153846154 0.02403846153846154
0 0.3581730769230769 0.09855769230769232 0.02403846153846154 0.02403846153846154
0 0.35336538461538464 0.1778846153846154 0.02403846153846154 0.02403846153846154
0 0.1201923076923077 0.23317307692307693 0.02403846153846154 0.02403846153846154
0 0.06971153846153846 0.16346153846153846 0.02403846153846154 0.02403846153846154
0 0.2620192307692308 0.09375 0.02403846153846154 0.02403846153846154
0 0.30528846153846156 0.14903846153846154 0.02403846153846154 0.02403846153846154
0 0.03125 0.23076923076923078 0.02403846153846154 0.02403846153846154
0 0.06971153846153846 0.32211538461538464 0.02403846153846154 0.02403846153846154
0 0.028846153846153848 0.31009615384615385 0.02403846153846154 0.02403846153846154
0 0.04807692307692308 0.5264423076923077 0.02403846153846154 0.02403846153846154
0 0.17067307692307693 0.6322115384615385 0.02403846153846154 0.02403846153846154
0 0.12980769230769232 0.6586538461538461 0.02403846153846154 0.02403846153846154
0 0.19471153846153846 0.6947115384615385 0.02403846153846154 0.02403846153846154
0 0.5793269230769231 0.7379807692307693 0.02403846153846154 0.02403846153846154
0 0.5961538461538461 0.8918269230769231 0.02403846153846154 0.02403846153846154
0 0.28125 0.6370192307692308 0.02403846153846154 0.02403846153846154
0 0.2403846153846154 0.6418269230769231 0.02403846153846154 0.02403846153846154
0 0.9423076923076924 0.9326923076923077 0.02403846153846154 0.02403846153846154
0 0.4254807692307693 0.8317307692307693 0.02403846153846154 0.02403846153846154
0 0.38461538461538464 0.8293269230769231 0.02403846153846154 0.02403846153846154
0 0.27403846153846156 0.9230769230769231 0.02403846153846154 0.02403846153846154
