0 0.16346153846153846 0.7572115384615385 0.02403846153846154 0.02403846153846154
0 0.4326923076923077 0.7548076923076924 0.02403846153846154 0.02403846153846154
0 0.9086538461538463 0.6875 0.02403846153846154 0.02403846153846154
0 0.37980769230769235 0.6754807692307693 0.02403846153846154 0.02403846153846154
0 0.3269230769230769 0.6490384615384616 0.02403846153846154 0.02403846153846154
0 0.25240384615384615 0.6129807692307693 0.02403846153846154 0.02403846153846154
0 0.6370192307692308 0.576923076923077 0.02403846153846154 0.02403846153846154
0 0.17548076923076925 0.39903846153846156 0.02403846153846154 0.02403846153846154
0 0.27884615384615385 0.3966346153846154 0.02403846153846154 0.02403846153846154
0 0.07692307692307693 0.39903846153846156 0.02403846153846154 0.02403846153846154
0 0.18990384615384617 0.37259615384615385 0.02403846153846154 0.02403846153846154
0 0.2956730769230769 0.35336538461538464 0.02403846153846154 0.02403846153846154
0 0.03605769230769231 0.34134615384615385 0.02403846153846154 0.02403846153846154
0 0.7043269230769231 0.24278846153846156 0.02403846153846154 0.02403846153846154
0 0.15384615384615385 0.2091346153846154 0.02403846153846154 0.02403846153846154
0 0.22596153846153846 0.1826923076923077 0.02403846153846154 0.02403846153846154
0 0.17307692307692307 0.1466346153846154 0.02403846153846154 0.02403846153846154
0 0.16826923076923078 0.11538461538461539 0.02403846153846154 0.02403846153846154
0 0.9615384615384616 0.17067307692307693 0.02403846153846154 0.02403846153846154
0 0.03605769230769231 0.06730769230769232 0.02403846153846154 0.02403846153846154
0 0.2620192307692308 0.06490384615384616 0.02403846153846154 0.02403846153846154
0 0.22115384615384617 0.05288461538461539 0.02403846153846154 0.02403846153846154
0 0.2403846153846154 0.2692307692307693 0.02403846153846154 0.02403846153846154
0 0.11538461538461539 0.23317307692307693 0.02403846153846154 0.02403846153846154
0 0.0625 0.23798076923076925 0.02403846153846154 0.02403846153846154
0 0.07451923076923077 0.11057692307692309 0.02403846153846154 0.02403846153846154
0 0.3629807692307693 0.375 0.02403846153846154 0.02403846153846154
0 0.32211538461538464 0.4014423076923077 0.02403846153846154 0.02403846153846154
0 0.3870192307692308 0.4375 0.02403846153846154 0.02403846153846154
0 0.7716346153846154 0.4807692307692308 0.02403846153846154 0.02403846153846154
0 0.7884615384615385 0.6346153846153847 0.02403846153846154 0.02403846153846154
0 0.10817307692307693 0.4711538461538462 0.02403846153846154 0.02403846153846154
0 0.47355769230769235 0.37980769230769235 0.02403846153846154 0.02403846153846154
0 0.4326923076923077 0.38461538461538464 0.02403846153846154 0.02403846153846154
0 0.6177884615384616 0.5745192307692308 0.02403846153846154 0.02403846153846154
0 0.576923076923077 0.5721153846153847 0.02403846153846154 0.02403846153846154
0 0.46634615384615385 0.6658653846153847 0.02403846153846154 0.02403846153846154
0 0.4375 0.7307692307692308 0.02403846153846154 0.02403846153846154
0 0.5288461538461539 0.7451923076923077 0.02403846153846154 0.02403846153846154
