0 0.6057692307692308 0.9399038461538463 0.02403846153846154 0.02403846153846154
0 0.06730769230769232 0.6730769230769231 0.02403846153846154 0.02403846153846154
0 0.2932692307692308 0.6466346153846154 0.02403846153846154 0.02403846153846154
0 0.5625 0.6442307692307693 0.02403846153846154 0.02403846153846154
0 0.08653846153846154 0.5985576923076923 0.02403846153846154 0.02403846153846154
0 0.06490384615384616 0.5913461538461539 0.02403846153846154 0.02403846153846154
0 0.5096153846153847 0.5649038461538461 0.02403846153846154 0.02403846153846154
0 0.4567307692307693 0.5384615384615385 0.02403846153846154 0.02403846153846154
0 0.3822115384615385 0.5024038461538461 0.02403846153846154 0.02403846153846154
0 0.7668269230769231 0.46634615384615385 0.02403846153846154 0.02403846153846154
0 0.06009615384615385 0.30528846153846156 0.02403846153846154 0.02403846153846154
0 0.30528846153846156 0.2884615384615385 0.02403846153846154 0.02403846153846154
0 0.4086538461538462 0.28605769230769235 0.02403846153846154 0.02403846153846154
0 0.20673076923076925 0.2884615384615385 0.02403846153846154 0.02403846153846154
0 0.3197115384615385 0.2620192307692308 0.02403846153846154 0.02403846153846154
0 0.4254807692307693 0.24278846153846156 0.02403846153846154 0.02403846153846154
0 0.16586538461538464 0.23076923076923078 0.02403846153846154 0.02403846153846154
0 0.026442307692307696 0.20192307692307693 0.02403846153846154 0.02403846153846154
0 0.8341346153846154 0.13221153846153846 0.02403846153846154 0.02403846153846154
0 0.04326923076923077 0.10336538461538462 0.02403846153846154 0.02403846153846154
0 0.28365384615384615 0.09855769230769232 0.02403846153846154 0.02403846153846154
0 0.3557692307692308 0.07211538461538462 0.02403846153846154 0.02403846153846154
0 0.3028846153846154 0.03605769230769231 0.02403846153846154 0.02403846153846154
0 0.3701923076923077 0.15865384615384617 0.02403846153846154 0.02403846153846154
0 0.2451923076923077 0.12259615384615385 0.02403846153846154 0.02403846153846154
0 0.19230769230769232 0.12740384615384617 0.02403846153846154 0.02403846153846154
0 0.03605769230769231 0.13461538461538464 0.02403846153846154 0.02403846153846154
0 0.49278846153846156 0.2644230769230769 0.02403846153846154 0.02403846153846154
0 0.4519230769230769 0.29086538461538464 0.02403846153846154 0.02403846153846154
0 0.5168269230769231 0.3269230769230769 0.02403846153846154 0.02403846153846154
0 0.9014423076923077 0.3701923076923077 0.02403846153846154 0.02403846153846154
0 0.9182692307692308 0.5240384615384616 0.02403846153846154 0.02403846153846154
0 0.23798076923076925 0.3605769230769231 0.02403846153846154 0.02403846153846154
0 0.06971153846153846 0.3557692307692308 0.02403846153846154 0.02403846153846154
0 0.06490384615384616 0.3822115384615385 0.02403846153846154 0.02403846153846154
0 0.6033653846153847 0.2692307692307693 0.02403846153846154 0.02403846153846154
0 0.5625 0.27403846153846156 0.02403846153846154 0.02403846153846154
0 0.7475961538461539 0.4639423076923077 0.02403846153846154 0.02403846153846154
0 0.7067307692307693 0.46153846153846156 0.02403846153846154 0.02403846153846154
0 0.5961538461538461 0.5552884615384616 0.02403846153846154 0.02403846153846154
0 0.5673076923076923 0.6201923076923077 0.02403846153846154 0.02403846153846154
0 0.6586538461538461 0.6346153846153847 0.02403846153846154 0.02403846153846154
0 0.13701923076923078 0.6947115384615385 0.02403846153846154 0.02403846153846154
0 0.0625 0.25961538461538464 0.02403846153846154 0.02403846153846154
0 0.09134615384615385 0.0889423076923077 0.02403846153846154 0.02403846153846154
0 0.06490384615384616 0.0625 0.02403846153846154 0.02403846153846154
