0 0.5264423076923077 0.8004807692307693 0.02403846153846154 0.02403846153846154
0 0.2139423076923077 0.5072115384615384 0.02403846153846154 0.02403846153846154
0 0.4831730769230769 0.5048076923076923 0.02403846153846154 0.02403846153846154
0 0.9591346153846154 0.4375 0.02403846153846154 0.02403846153846154
0 0.43028846153846156 0.4254807692307693 0.02403846153846154 0.02403846153846154
0 0.3774038461538462 0.39903846153846156 0.02403846153846154 0.02403846153846154
0 0.3028846153846154 0.3629807692307693 0.02403846153846154 0.02403846153846154
0 0.6875 0.3269230769230769 0.02403846153846154 0.02403846153846154
0 0.22596153846153846 0.14903846153846154 0.02403846153846154 0.02403846153846154
0 0.3293269230769231 0.1466346153846154 0.02403846153846154 0.02403846153846154
0 0.12740384615384617 0.14903846153846154 0.02403846153846154 0.02403846153846154
0 0.2403846153846154 0.12259615384615385 0.02403846153846154 0.02403846153846154
0 0.34615384615384615 0.10336538461538462 0.02403846153846154 0.02403846153846154
0 0.08653846153846154 0.09134615384615385 0.02403846153846154 0.02403846153846154
0 0.4134615384615385 0.125 0.02403846153846154 0.02403846153846154
0 0.37259615384615385 0.1514423076923077 0.02403846153846154 0.02403846153846154
0 0.4375 0.1875 0.02403846153846154 0.02403846153846154
0 0.8221153846153847 0.23076923076923078 0.02403846153846154 0.02403846153846154
0 0.8389423076923077 0.38461538461538464 0.02403846153846154 0.02403846153846154
0 0.15865384615384617 0.22115384615384617 0.02403846153846154 0.02403846153846154
0 0.5240384615384616 0.12980769230769232 0.02403846153846154 0.02403846153846154
0 0.4831730769230769 0.13461538461538464 0.02403846153846154 0.02403846153846154
0 0.6682692307692308 0.3245192307692308 0.02403846153846154 0.02403846153846154
0 0.6274038461538461 0.32211538461538464 0.02403846153846154 0.02403846153846154
0 0.5168269230769231 0.41586538461538464 0.02403846153846154 0.02403846153846154
0 0.4879807692307693 0.4807692307692308 0.02403846153846154 0.02403846153846154
0 0.5793269230769231 0.4951923076923077 0.02403846153846154 0.02403846153846154
0 0.057692307692307696 0.5552884615384616 0.02403846153846154 0.02403846153846154
0 0.10336538461538462 0.8846153846153847 0.02403846153846154 0.02403846153846154
