0 0.7980769230769231 0.9471153846153847 0.02403846153846154 0.02403846153846154
0 0.7668269230769231 0.9471153846153847 0.02403846153846154 0.02403846153846154
0 0.09134615384615385 0.9471153846153847 0.02403846153846154 0.02403846153846154
0 0.7043269230769231 0.920673076923077 0.02403846153846154 0.02403846153846154
0 0.19230769230769232 0.9014423076923077 0.02403846153846154 0.02403846153846154
0 0.96875 0.8725961538461539 0.02403846153846154 0.02403846153846154
0 0.3557692307692308 0.8509615384615385 0.02403846153846154 0.02403846153846154
0 0.7259615384615385 0.8485576923076924 0.02403846153846154 0.02403846153846154
0 0.27403846153846156 0.8557692307692308 0.02403846153846154 0.02403846153846154
0 0.7884615384615385 0.8461538461538463 0.02403846153846154 0.02403846153846154
0 0.17307692307692307 0.8365384615384616 0.02403846153846154 0.02403846153846154
0 0.6177884615384616 0.8341346153846154 0.02403846153846154 0.02403846153846154
0 0.41105769230769235 0.8365384615384616 0.02403846153846154 0.02403846153846154
0 0.7620192307692308 0.8293269230769231 0.02403846153846154 0.02403846153846154
0 0.6899038461538461 0.8245192307692308 0.02403846153846154 0.02403846153846154
0 0.9350961538461539 0.8173076923076924 0.02403846153846154 0.02403846153846154
0 0.889423076923077 0.8100961538461539 0.02403846153846154 0.02403846153846154
0 0.9158653846153847 0.7932692307692308 0.02403846153846154 0.02403846153846154
0 0.9495192307692308 0.7836538461538461 0.02403846153846154 0.02403846153846154
0 0.4254807692307693 0.7836538461538461 0.02403846153846154 0.02403846153846154
0 0.8653846153846154 0.7764423076923077 0.02403846153846154 0.02403846153846154
0 0.36778846153846156 0.7764423076923077 0.02403846153846154 0.02403846153846154
0 0.25961538461538464 0.7668269230769231 0.02403846153846154 0.02403846153846154
0 0.14182692307692307 0.7668269230769231 0.02403846153846154 0.02403846153846154
0 0.7235576923076924 0.7572115384615385 0.02403846153846154 0.02403846153846154
0 0.7067307692307693 0.7548076923076924 0.02403846153846154 0.02403846153846154
0 0.4567307692307693 0.75 0.02403846153846154 0.02403846153846154
0 0.4807692307692308 0.7427884615384616 0.02403846153846154 0.02403846153846154
0 0.7860576923076924 0.7403846153846154 0.02403846153846154 0.02403846153846154
0 0.9447115384615385 0.7379807692307693 0.02403846153846154 0.02403846153846154
0 0.4711538461538462 0.7283653846153847 0.02403846153846154 0.02403846153846154
0 0.5504807692307693 0.7211538461538461 0.02403846153846154 0.02403846153846154
0 0.06971153846153846 0.7139423076923077 0.02403846153846154 0.02403846153846154
0 0.9591346153846154 0.6995192307692308 0.02403846153846154 0.02403846153846154
0 0.4375 0.6995192307692308 0.02403846153846154 0.02403846153846154
0 0.5817307692307693 0.6826923076923077 0.02403846153846154 0.02403846153846154
0 0.8028846153846154 0.6802884615384616 0.02403846153846154 0.02403846153846154
0 0.3028846153846154 0.6802884615384616 0.02403846153846154 0.02403846153846154
0 0.02403846153846154 0.6658653846153847 0.02403846153846154 0.02403846153846154
0 0.7067307692307693 0.65625 0.02403846153846154 0.02403846153846154
0 0.2620192307692308 0.65625 0.02403846153846154 0.02403846153846154
0 0.9230769230769231 0.6370192307692308 0.02403846153846154 0.02403846153846154
0 0.44711538461538464 0.6274038461538461 0.02403846153846154 0.02403846153846154
0 0.7163461538461539 0.6177884615384616 0.02403846153846154 0.02403846153846154
0 0.8052884615384616 0.6057692307692308 0.02403846153846154 0.02403846153846154
0 0.6802884615384616 0.6009615384615385 0.02403846153846154 0.02403846153846154
0 0.19951923076923078 0.6033653846153847 0.02403846153846154 0.02403846153846154
0 0.9663461538461539 0.5793269230769231 0.02403846153846154 0.02403846153846154
0 0.42307692307692313 0.576923076923077 0.02403846153846154 0.02403846153846154
0 0.34615384615384615 0.576923076923077 0.02403846153846154 0.02403846153846154
0 0.22596153846153846 0.5721153846153847 0.02403846153846154 0.02403846153846154
0 0.5889423076923077 0.5697115384615385 0.02403846153846154 0.02403846153846154
0 0.04807692307692308 0.5673076923076923 0.02403846153846154 0.02403846153846154
0 0.6105769230769231 0.5600961538461539 0.02403846153846154 0.02403846153846154
0 0.6346153846153847 0.5576923076923077 0.02403846153846154 0.02403846153846154
0 0.8918269230769231 0.5528846153846154 0.02403846153846154 0.02403846153846154
0 0.8341346153846154 0.5528846153846154 0.02403846153846154 0.02403846153846154
0 0.3125 0.5552884615384616 0.02403846153846154 0.02403846153846154
0 0.5961538461538461 0.5504807692307693 0.02403846153846154 0.02403846153846154
0 0.8677884615384616 0.5336538461538461 0.02403846153846154 0.02403846153846154
0 0.1875 0.5336538461538461 0.02403846153846154 0.02403846153846154
0 0.16346153846153846 0.5288461538461539 0.02403846153846154 0.02403846153846154
0 0.32211538461538464 0.5120192307692308 0.02403846153846154 0.02403846153846154
0 0.9591346153846154 0.5072115384615384 0.02403846153846154 0.02403846153846154
0 0.6298076923076923 0.4951923076923077 0.02403846153846154 0.02403846153846154
0 0.5961538461538461 0.49278846153846156 0.02403846153846154 0.02403846153846154
0 0.23798076923076925 0.49278846153846156 0.02403846153846154 0.02403846153846154
0 0.5048076923076923 0.4879807692307693 0.02403846153846154 0.02403846153846154
0 0.3269230769230769 0.4879807692307693 0.02403846153846154 0.02403846153846154
0 0.30528846153846156 0.47836538461538464 0.02403846153846154 0.02403846153846154
0 0.8461538461538463 0.4495192307692308 0.02403846153846154 0.02403846153846154
0 0.5504807692307693 0.44230769230769235 0.02403846153846154 0.02403846153846154
0 0.2139423076923077 0.44230769230769235 0.02403846153846154 0.02403846153846154
0 0.5817307692307693 0.4399038461538462 0.02403846153846154 0.02403846153846154
0 0.4903846153846154 0.4254807692307693 0.02403846153846154 0.02403846153846154
0 0.47836538461538464 0.4182692307692308 0.02403846153846154 0.02403846153846154
0 0.28605769230769235 0.39903846153846156 0.02403846153846154 0.02403846153846154
0 0.6298076923076923 0.3918269230769231 0.02403846153846154 0.02403846153846154
0 0.5721153846153847 0.3894230769230769 0.02403846153846154 0.02403846153846154
0 0.4807692307692308 0.38461538461538464 0.02403846153846154 0.02403846153846154
0 0.6153846153846154 0.3774038461538462 0.02403846153846154 0.02403846153846154
0 0.40384615384615385 0.375 0.02403846153846154 0.02403846153846154
0 0.7764423076923077 0.3629807692307693 0.02403846153846154 0.02403846153846154
0 0.15625 0.3629807692307693 0.02403846153846154 0.02403846153846154
0 0.20192307692307693 0.3605769230769231 0.02403846153846154 0.02403846153846154
0 0.28605769230769235 0.3557692307692308 0.02403846153846154 0.02403846153846154
0 0.9471153846153847 0.34134615384615385 0.02403846153846154 0.02403846153846154
0 0.6177884615384616 0.3341346153846154 0.02403846153846154 0.02403846153846154
0 0.701923076923077 0.31730769230769235 0.02403846153846154 0.02403846153846154
0 0.3269230769230769 0.30528846153846156 0.02403846153846154 0.02403846153846154
0 0.9278846153846154 0.3028846153846154 0.02403846153846154 0.02403846153846154
0 0.5264423076923077 0.28605769230769235 0.02403846153846154 0.02403846153846154
0 0.5072115384615384 0.2884615384615385 0.02403846153846154 0.02403846153846154
0 0.14182692307692307 0.28605769230769235 0.02403846153846154 0.02403846153846154
0 0.11057692307692309 0.2620192307692308 0.02403846153846154 0.02403846153846154
0 0.29086538461538464 0.24759615384615385 0.02403846153846154 0.02403846153846154
0 0.05048076923076923 0.2403846153846154 0.02403846153846154 0.02403846153846154
0 0.4182692307692308 0.2355769230769231 0.02403846153846154 0.02403846153846154
0 0.24759615384615385 0.23317307692307693 0.02403846153846154 0.02403846153846154
0 0.7884615384615385 0.22836538461538464 0.02403846153846154 0.02403846153846154
0 0.2139423076923077 0.22355769230769232 0.02403846153846154 0.02403846153846154
0 0.6009615384615385 0.21875 0.02403846153846154 0.02403846153846154
0 0.14903846153846154 0.21875 0.02403846153846154 0.02403846153846154
0 0.25480769230769235 0.2091346153846154 0.02403846153846154 0.02403846153846154
0 0.8942307692307693 0.2043269230769231 0.02403846153846154 0.02403846153846154
0 0.7764423076923077 0.17548076923076925 0.02403846153846154 0.02403846153846154
0 0.19951923076923078 0.16826923076923078 0.02403846153846154 0.02403846153846154
0 0.858173076923077 0.1514423076923077 0.02403846153846154 0.02403846153846154
0 0.20192307692307693 0.14903846153846154 0.02403846153846154 0.02403846153846154
0 0.31490384615384615 0.1466346153846154 0.02403846153846154 0.02403846153846154
0 0.18028846153846154 0.14903846153846154 0.02403846153846154 0.02403846153846154
0 0.6586538461538461 0.12740384615384617 0.02403846153846154 0.02403846153846154
0 0.8701923076923077 0.125 0.02403846153846154 0.02403846153846154
0 0.3605769230769231 0.10817307692307693 0.02403846153846154 0.02403846153846154
0 0.7836538461538461 0.10817307692307693 0.02403846153846154 0.02403846153846154
0 0.31730769230769235 0.10817307692307693 0.02403846153846154 0.02403846153846154
0 0.28125 0.10336538461538462 0.02403846153846154 0.02403846153846154
0 0.46875 0.08653846153846154 0.02403846153846154 0.02403846153846154
0 0.41105769230769235 0.07211538461538462 0.02403846153846154 0.02403846153846154
0 0.8365384615384616 0.07211538461538462 0.02403846153846154 0.02403846153846154
0 0.11778846153846155 0.16346153846153846 0.02403846153846154 0.02403846153846154
0 0.09855769230769232 0.09855769230769232 0.02403846153846154 0.02403846153846154
0 0.21875 0.1201923076923077 0.02403846153846154 0.02403846153846154
0 0.3245192307692308 0.1826923076923077 0.02403846153846154 0.02403846153846154
0 0.3701923076923077 0.14423076923076925 0.02403846153846154 0.02403846153846154
0 0.3076923076923077 0.05528846153846154 0.02403846153846154 0.02403846153846154
0 0.3605769230769231 0.08413461538461539 0.02403846153846154 0.02403846153846154
0 0.3918269230769231 0.05288461538461539 0.02403846153846154 0.02403846153846154
0 0.5048076923076923 0.16346153846153846 0.02403846153846154 0.02403846153846154
0 0.4951923076923077 0.2451923076923077 0.02403846153846154 0.02403846153846154
0 0.46153846153846156 0.22355769230769232 0.02403846153846154 0.02403846153846154
0 0.5841346153846154 0.19230769230769232 0.02403846153846154 0.02403846153846154
0 0.5961538461538461 0.11778846153846155 0.02403846153846154 0.02403846153846154
0 0.5961538461538461 0.05288461538461539 0.02403846153846154 0.02403846153846154
0 0.71875 0.23076923076923078 0.02403846153846154 0.02403846153846154
0 0.6730769230769231 0.28605769230769235 0.02403846153846154 0.02403846153846154
0 0.8221153846153847 0.22836538461538464 0.02403846153846154 0.02403846153846154
0 0.8365384615384616 0.18509615384615385 0.02403846153846154 0.02403846153846154
0 0.9399038461538463 0.1778846153846154 0.02403846153846154 0.02403846153846154
0 0.9495192307692308 0.22115384615384617 0.02403846153846154 0.02403846153846154
0 0.889423076923077 0.11298076923076923 0.02403846153846154 0.02403846153846154
0 0.951923076923077 0.10817307692307693 0.02403846153846154 0.02403846153846154
0 0.9663461538461539 0.3004807692307693 0.02403846153846154 0.02403846153846154
0 0.7596153846153847 0.31730769230769235 0.02403846153846154 0.02403846153846154
0 0.7980769230769231 0.2572115384615385 0.02403846153846154 0.02403846153846154
0 0.53125 0.3197115384615385 0.02403846153846154 0.02403846153846154
0 0.514423076923077 0.4206730769230769 0.02403846153846154 0.02403846153846154
0 0.4495192307692308 0.49278846153846156 0.02403846153846154 0.02403846153846154
0 0.36778846153846156 0.42307692307692313 0.02403846153846154 0.02403846153846154
0 0.3028846153846154 0.3317307692307693 0.02403846153846154 0.02403846153846154
0 0.2956730769230769 0.28605769230769235 0.02403846153846154 0.02403846153846154
0 0.13461538461538464 0.34134615384615385 0.02403846153846154 0.02403846153846154
0 0.06490384615384616 0.2644230769230769 0.02403846153846154 0.02403846153846154
0 0.05048076923076923 0.5913461538461539 0.02403846153846154 0.02403846153846154
0 0.021634615384615384 0.6274038461538461 0.02403846153846154 0.02403846153846154
0 0.021634615384615384 0.7043269230769231 0.02403846153846154 0.02403846153846154
0 0.15384615384615385 0.7427884615384616 0.02403846153846154 0.02403846153846154
0 0.19230769230769232 0.5721153846153847 0.02403846153846154 0.02403846153846154
0 0.30528846153846156 0.6322115384615385 0.02403846153846154 0.02403846153846154
0 0.19230769230769232 0.4519230769230769 0.02403846153846154 0.02403846153846154
0 0.36778846153846156 0.6610576923076923 0.02403846153846154 0.02403846153846154
0 0.41105769230769235 0.6490384615384616 0.02403846153846154 0.02403846153846154
0 0.2620192307692308 0.6274038461538461 0.02403846153846154 0.02403846153846154
0 0.2139423076923077 0.795673076923077 0.02403846153846154 0.02403846153846154
0 0.7355769230769231 0.6634615384615385 0.02403846153846154 0.02403846153846154
0 0.8221153846153847 0.5913461538461539 0.02403846153846154 0.02403846153846154
0 0.6418269230769231 0.625 0.02403846153846154 0.02403846153846154
0 0.5336538461538461 0.6490384615384616 0.02403846153846154 0.02403846153846154
0 0.7427884615384616 0.7211538461538461 0.02403846153846154 0.02403846153846154
0 0.6995192307692308 0.764423076923077 0.02403846153846154 0.02403846153846154
0 0.7716346153846154 0.7451923076923077 0.02403846153846154 0.02403846153846154
0 0.701923076923077 0.8605769230769231 0.02403846153846154 0.02403846153846154
0 0.65625 0.8605769230769231 0.02403846153846154 0.02403846153846154
0 0.5985576923076923 0.8846153846153847 0.02403846153846154 0.02403846153846154
0 0.7451923076923077 0.7980769230769231 0.02403846153846154 0.02403846153846154
0 0.6610576923076923 0.8076923076923077 0.02403846153846154 0.02403846153846154
0 0.6610576923076923 0.6971153846153847 0.02403846153846154 0.02403846153846154
0 0.6298076923076923 0.7163461538461539 0.02403846153846154 0.02403846153846154
0 0.7163461538461539 0.6850961538461539 0.02403846153846154 0.02403846153846154
0 0.6370192307692308 0.7788461538461539 0.02403846153846154 0.02403846153846154
0 0.5721153846153847 0.7764423076923077 0.02403846153846154 0.02403846153846154
0 0.5360576923076923 0.8100961538461539 0.02403846153846154 0.02403846153846154
0 0.4086538461538462 0.8725961538461539 0.02403846153846154 0.02403846153846154
0 0.34134615384615385 0.875 0.02403846153846154 0.02403846153846154
0 0.3870192307692308 0.9230769230769231 0.02403846153846154 0.02403846153846154
0 0.3581730769230769 0.9591346153846154 0.02403846153846154 0.02403846153846154
0 0.7860576923076924 0.4567307692307693 0.02403846153846154 0.02403846153846154
0 0.875 0.49759615384615385 0.02403846153846154 0.02403846153846154
0 0.9639423076923077 0.4447115384615385 0.02403846153846154 0.02403846153846154
0 0.8990384615384616 0.6610576923076923 0.02403846153846154 0.02403846153846154
0 0.8774038461538463 0.8822115384615385 0.02403846153846154 0.02403846153846154
0 0.858173076923077 0.8413461538461539 0.02403846153846154 0.02403846153846154
0 0.8557692307692308 0.9495192307692308 0.02403846153846154 0.02403846153846154
