0 0.9663461538461539 0.9615384615384616 0.02403846153846154 0.02403846153846154
0 0.9423076923076924 0.9471153846153847 0.02403846153846154 0.02403846153846154
0 0.2403846153846154 0.9399038461538463 0.02403846153846154 0.02403846153846154
0 0.8725961538461539 0.9375 0.02403846153846154 0.02403846153846154
0 0.9086538461538463 0.9278846153846154 0.02403846153846154 0.02403846153846154
0 0.3269230769230769 0.9134615384615385 0.02403846153846154 0.02403846153846154
0 0.19711538461538464 0.8942307692307693 0.02403846153846154 0.02403846153846154
0 0.14903846153846154 0.8942307692307693 0.02403846153846154 0.02403846153846154
0 0.2403846153846154 0.8677884615384616 0.02403846153846154 0.02403846153846154
0 0.8870192307692308 0.8653846153846154 0.02403846153846154 0.02403846153846154
0 0.1466346153846154 0.8341346153846154 0.02403846153846154 0.02403846153846154
0 0.34615384615384615 0.8149038461538461 0.02403846153846154 0.02403846153846154
0 0.5504807692307693 0.7740384615384616 0.02403846153846154 0.02403846153846154
0 0.75 0.7692307692307693 0.02403846153846154 0.02403846153846154
0 0.12740384615384617 0.7596153846153847 0.02403846153846154 0.02403846153846154
0 0.2692307692307693 0.7524038461538461 0.02403846153846154 0.02403846153846154
0 0.48557692307692313 0.7427884615384616 0.02403846153846154 0.02403846153846154
0 0.7235576923076924 0.7379807692307693 0.02403846153846154 0.02403846153846154
0 0.8870192307692308 0.7307692307692308 0.02403846153846154 0.02403846153846154
0 0.2355769230769231 0.7307692307692308 0.02403846153846154 0.02403846153846154
0 0.31730769230769235 0.71875 0.02403846153846154 0.02403846153846154
0 0.6442307692307693 0.7163461538461539 0.02403846153846154 0.02403846153846154
0 0.14423076923076925 0.7163461538461539 0.02403846153846154 0.02403846153846154
0 0.7475961538461539 0.7139423076923077 0.02403846153846154 0.02403846153846154
0 0.5552884615384616 0.6923076923076923 0.02403846153846154 0.02403846153846154
0 0.8990384615384616 0.6826923076923077 0.02403846153846154 0.02403846153846154
0 0.7091346153846154 0.6826923076923077 0.02403846153846154 0.02403846153846154
0 0.11298076923076923 0.6610576923076923 0.02403846153846154 0.02403846153846154
0 0.22115384615384617 0.65625 0.02403846153846154 0.02403846153846154
0 0.13221153846153846 0.6514423076923077 0.02403846153846154 0.02403846153846154
0 0.16586538461538464 0.639423076923077 0.02403846153846154 0.02403846153846154
0 0.6634615384615385 0.6346153846153847 0.02403846153846154 0.02403846153846154
0 0.8173076923076924 0.608173076923077 0.02403846153846154 0.02403846153846154
0 0.44711538461538464 0.6057692307692308 0.02403846153846154 0.02403846153846154
0 0.10817307692307693 0.6057692307692308 0.02403846153846154 0.02403846153846154
0 0.03365384615384616 0.59375 0.02403846153846154 0.02403846153846154
0 0.6105769230769231 0.5865384615384616 0.02403846153846154 0.02403846153846154
0 0.5096153846153847 0.5865384615384616 0.02403846153846154 0.02403846153846154
0 0.12740384615384617 0.5889423076923077 0.02403846153846154 0.02403846153846154
0 0.33653846153846156 0.5649038461538461 0.02403846153846154 0.02403846153846154
0 0.7139423076923077 0.5625 0.02403846153846154 0.02403846153846154
0 0.12740384615384617 0.5600961538461539 0.02403846153846154 0.02403846153846154
0 0.16586538461538464 0.5576923076923077 0.02403846153846154 0.02403846153846154
0 0.14903846153846154 0.5649038461538461 0.02403846153846154 0.02403846153846154
0 0.35336538461538464 0.5504807692307693 0.02403846153846154 0.02403846153846154
0 0.670673076923077 0.5480769230769231 0.02403846153846154 0.02403846153846154
0 0.7620192307692308 0.5408653846153847 0.02403846153846154 0.02403846153846154
0 0.07932692307692309 0.5384615384615385 0.02403846153846154 0.02403846153846154
0 0.04326923076923077 0.5360576923076923 0.02403846153846154 0.02403846153846154
0 0.8028846153846154 0.5120192307692308 0.02403846153846154 0.02403846153846154
0 0.8485576923076924 0.4903846153846154 0.02403846153846154 0.02403846153846154
0 0.4014423076923077 0.48557692307692313 0.02403846153846154 0.02403846153846154
0 0.3701923076923077 0.48557692307692313 0.02403846153846154 0.02403846153846154
0 0.6466346153846154 0.4831730769230769 0.02403846153846154 0.02403846153846154
0 0.6875 0.47355769230769235 0.02403846153846154 0.02403846153846154
0 0.3076923076923077 0.4591346153846154 0.02403846153846154 0.02403846153846154
0 0.8149038461538461 0.4519230769230769 0.02403846153846154 0.02403846153846154
0 0.6418269230769231 0.43509615384615385 0.02403846153846154 0.02403846153846154
0 0.8966346153846154 0.4254807692307693 0.02403846153846154 0.02403846153846154
0 0.9399038461538463 0.41586538461538464 0.02403846153846154 0.02403846153846154
0 0.8798076923076924 0.41105769230769235 0.02403846153846154 0.02403846153846154
0 0.5721153846153847 0.41105769230769235 0.02403846153846154 0.02403846153846154
0 0.9639423076923077 0.3894230769230769 0.02403846153846154 0.02403846153846154
0 0.3293269230769231 0.3870192307692308 0.02403846153846154 0.02403846153846154
0 0.7211538461538461 0.3870192307692308 0.02403846153846154 0.02403846153846154
0 0.3918269230769231 0.38461538461538464 0.02403846153846154 0.02403846153846154
0 0.22115384615384617 0.37259615384615385 0.02403846153846154 0.02403846153846154
0 0.3653846153846154 0.36778846153846156 0.02403846153846154 0.02403846153846154
0 0.2932692307692308 0.3629807692307693 0.02403846153846154 0.02403846153846154
0 0.5384615384615385 0.3557692307692308 0.02403846153846154 0.02403846153846154
0 0.75 0.35336538461538464 0.02403846153846154 0.02403846153846154
0 0.49278846153846156 0.34855769230769235 0.02403846153846154 0.02403846153846154
0 0.7427884615384616 0.3317307692307693 0.02403846153846154 0.02403846153846154
0 0.5192307692307693 0.3317307692307693 0.02403846153846154 0.02403846153846154
0 0.6610576923076923 0.3293269230769231 0.02403846153846154 0.02403846153846154
0 0.5528846153846154 0.32211538461538464 0.02403846153846154 0.02403846153846154
0 0.028846153846153848 0.32211538461538464 0.02403846153846154 0.02403846153846154
0 0.7596153846153847 0.3197115384615385 0.02403846153846154 0.02403846153846154
0 0.46875 0.31490384615384615 0.02403846153846154 0.02403846153846154
0 0.3269230769230769 0.2956730769230769 0.02403846153846154 0.02403846153846154
0 0.31009615384615385 0.2932692307692308 0.02403846153846154 0.02403846153846154
0 0.8076923076923077 0.29086538461538464 0.02403846153846154 0.02403846153846154
0 0.7235576923076924 0.28365384615384615 0.02403846153846154 0.02403846153846154
0 0.06009615384615385 0.2884615384615385 0.02403846153846154 0.02403846153846154
0 0.08413461538461539 0.28125 0.02403846153846154 0.02403846153846154
0 0.3894230769230769 0.27884615384615385 0.02403846153846154 0.02403846153846154
0 0.5480769230769231 0.2764423076923077 0.02403846153846154 0.02403846153846154
0 0.07451923076923077 0.2668269230769231 0.02403846153846154 0.02403846153846154
0 0.15384615384615385 0.25961538461538464 0.02403846153846154 0.02403846153846154
0 0.5625 0.23798076923076925 0.02403846153846154 0.02403846153846154
0 0.040865384615384616 0.23798076923076925 0.02403846153846154 0.02403846153846154
0 0.8245192307692308 0.22836538461538464 0.02403846153846154 0.02403846153846154
0 0.18509615384615385 0.22115384615384617 0.02403846153846154 0.02403846153846154
0 0.8389423076923077 0.21875 0.02403846153846154 0.02403846153846154
0 0.40625 0.21875 0.02403846153846154 0.02403846153846154
0 0.5913461538461539 0.20673076923076925 0.02403846153846154 0.02403846153846154
0 0.875 0.19951923076923078 0.02403846153846154 0.02403846153846154
0 0.31009615384615385 0.19471153846153846 0.02403846153846154 0.02403846153846154
0 0.7716346153846154 0.19230769230769232 0.02403846153846154 0.02403846153846154
0 0.6899038461538461 0.18990384615384617 0.02403846153846154 0.02403846153846154
0 0.5264423076923077 0.17548076923076925 0.02403846153846154 0.02403846153846154
0 0.6177884615384616 0.17067307692307693 0.02403846153846154 0.02403846153846154
0 0.7764423076923077 0.16826923076923078 0.02403846153846154 0.02403846153846154
0 0.05048076923076923 0.16586538461538464 0.02403846153846154 0.02403846153846154
0 0.7475961538461539 0.16105769230769232 0.02403846153846154 0.02403846153846154
0 0.3197115384615385 0.15625 0.02403846153846154 0.02403846153846154
0 0.96875 0.14423076923076925 0.02403846153846154 0.02403846153846154
0 0.4086538461538462 0.14423076923076925 0.02403846153846154 0.02403846153846154
0 0.28365384615384615 0.13942307692307693 0.02403846153846154 0.02403846153846154
0 0.5697115384615385 0.11778846153846155 0.02403846153846154 0.02403846153846154
0 0.026442307692307696 0.11538461538461539 0.02403846153846154 0.02403846153846154
0 0.19230769230769232 0.10817307692307693 0.02403846153846154 0.02403846153846154
0 0.2139423076923077 0.09855769230769232 0.02403846153846154 0.02403846153846154
0 0.23798076923076925 0.09615384615384616 0.02403846153846154 0.02403846153846154
0 0.4951923076923077 0.09134615384615385 0.02403846153846154 0.02403846153846154
0 0.4375 0.09134615384615385 0.02403846153846154 0.02403846153846154
0 0.19951923076923078 0.0889423076923077 0.02403846153846154 0.02403846153846154
0 0.9134615384615385 0.08653846153846154 0.02403846153846154 0.02403846153846154
0 0.8341346153846154 0.07932692307692309 0.02403846153846154 0.02403846153846154
0 0.4711538461538462 0.07211538461538462 0.02403846153846154 0.02403846153846154
0 0.96875 0.07211538461538462 0.02403846153846154 0.02403846153846154
0 0.6153846153846154 0.04807692307692308 0.02403846153846154 0.02403846153846154
0 0.5625 0.04567307692307693 0.02403846153846154 0.02403846153846154
0 0.23317307692307693 0.03365384615384616 0.02403846153846154 0.02403846153846154
0 0.19951923076923078 0.03125 0.02403846153846154 0.02403846153846154
0 0.10817307692307693 0.026442307692307696 0.02403846153846154 0.02403846153846154
0 0.9663461538461539 0.35336538461538464 0.02403846153846154 0.02403846153846154
0 0.9350961538461539 0.3389423076923077 0.02403846153846154 0.02403846153846154
0 0.05288461538461539 0.03125 0.02403846153846154 0.02403846153846154
0 0.3389423076923077 0.20192307692307693 0.02403846153846154 0.02403846153846154
0 0.4254807692307693 0.12980769230769232 0.02403846153846154 0.02403846153846154
0 0.2451923076923077 0.16346153846153846 0.02403846153846154 0.02403846153846154
0 0.13701923076923078 0.1875 0.02403846153846154 0.02403846153846154
0 0.34615384615384615 0.25961538461538464 0.02403846153846154 0.02403846153846154
0 0.3028846153846154 0.3028846153846154 0.02403846153846154 0.02403846153846154
0 0.375 0.28365384615384615 0.02403846153846154 0.02403846153846154
0 0.30528846153846156 0.39903846153846156 0.02403846153846154 0.02403846153846154
0 0.25961538461538464 0.39903846153846156 0.02403846153846154 0.02403846153846154
0 0.20192307692307693 0.42307692307692313 0.02403846153846154 0.02403846153846154
0 0.34855769230769235 0.33653846153846156 0.02403846153846154 0.02403846153846154
0 0.2644230769230769 0.34615384615384615 0.02403846153846154 0.02403846153846154
0 0.2644230769230769 0.2355769230769231 0.02403846153846154 0.02403846153846154
0 0.23317307692307693 0.25480769230769235 0.02403846153846154 0.02403846153846154
0 0.3197115384615385 0.22355769230769232 0.02403846153846154 0.02403846153846154
0 0.2403846153846154 0.31730769230769235 0.02403846153846154 0.02403846153846154
0 0.17548076923076925 0.31490384615384615 0.02403846153846154 0.02403846153846154
0 0.13942307692307693 0.34855769230769235 0.02403846153846154 0.02403846153846154
0 0.47836538461538464 0.03605769230769231 0.02403846153846154 0.02403846153846154
0 0.7235576923076924 0.03605769230769231 0.02403846153846154 0.02403846153846154
0 0.9423076923076924 0.08413461538461539 0.02403846153846154 0.02403846153846154
0 0.6826923076923077 0.13701923076923078 0.02403846153846154 0.02403846153846154
0 0.7475961538461539 0.1826923076923077 0.02403846153846154 0.02403846153846154
0 0.7980769230769231 0.15384615384615385 0.02403846153846154 0.02403846153846154
0 0.6370192307692308 0.19230769230769232 0.02403846153846154 0.02403846153846154
0 0.6153846153846154 0.23317307692307693 0.02403846153846154 0.02403846153846154
0 0.6153846153846154 0.27403846153846156 0.02403846153846154 0.02403846153846154
0 0.9350961538461539 0.22115384615384617 0.02403846153846154 0.02403846153846154
0 0.9591346153846154 0.1826923076923077 0.02403846153846154 0.02403846153846154
0 0.6225961538461539 0.08173076923076923 0.02403846153846154 0.02403846153846154
0 0.5024038461538461 0.19951923076923078 0.02403846153846154 0.02403846153846154
0 0.4807692307692308 0.4206730769230769 0.02403846153846154 0.02403846153846154
0 0.46153846153846156 0.37980769230769235 0.02403846153846154 0.02403846153846154
0 0.4591346153846154 0.4879807692307693 0.02403846153846154 0.02403846153846154
0 0.4134615384615385 0.5432692307692308 0.02403846153846154 0.02403846153846154
0 0.4086538461538462 0.6346153846153847 0.02403846153846154 0.02403846153846154
0 0.4519230769230769 0.6466346153846154 0.02403846153846154 0.02403846153846154
0 0.5168269230769231 0.6225961538461539 0.02403846153846154 0.02403846153846154
0 0.4807692307692308 0.5985576923076923 0.02403846153846154 0.02403846153846154
0 0.5432692307692308 0.5865384615384616 0.02403846153846154 0.02403846153846154
0 0.6754807692307693 0.40625 0.02403846153846154 0.02403846153846154
0 0.701923076923077 0.3966346153846154 0.02403846153846154 0.02403846153846154
0 0.9278846153846154 0.4903846153846154 0.02403846153846154 0.02403846153846154
0 0.8774038461538463 0.5048076923076923 0.02403846153846154 0.02403846153846154
0 0.8557692307692308 0.43028846153846156 0.02403846153846154 0.02403846153846154
0 0.7475961538461539 0.46875 0.02403846153846154 0.02403846153846154
0 0.6971153846153847 0.514423076923077 0.02403846153846154 0.02403846153846154
0 0.6418269230769231 0.5649038461538461 0.02403846153846154 0.02403846153846154
0 0.7283653846153847 0.625 0.02403846153846154 0.02403846153846154
0 0.6875 0.6538461538461539 0.02403846153846154 0.02403846153846154
0 0.6009615384615385 0.6826923076923077 0.02403846153846154 0.02403846153846154
0 0.9471153846153847 0.7283653846153847 0.02403846153846154 0.02403846153846154
0 0.9230769230769231 0.733173076923077 0.02403846153846154 0.02403846153846154
0 0.8389423076923077 0.8125 0.02403846153846154 0.02403846153846154
0 0.6490384615384616 0.858173076923077 0.02403846153846154 0.02403846153846154
0 0.6298076923076923 0.8461538461538463 0.02403846153846154 0.02403846153846154
0 0.6153846153846154 0.9591346153846154 0.02403846153846154 0.02403846153846154
0 0.576923076923077 0.9399038461538463 0.02403846153846154 0.02403846153846154
0 0.18990384615384617 0.6346153846153847 0.02403846153846154 0.02403846153846154
0 0.2451923076923077 0.6610576923076923 0.02403846153846154 0.02403846153846154
0 0.3966346153846154 0.8365384615384616 0.02403846153846154 0.02403846153846154
0 0.37259615384615385 0.8173076923076924 0.02403846153846154 0.02403846153846154
0 0.375 0.8317307692307693 0.02403846153846154 0.02403846153846154
0 0.32211538461538464 0.84375 0.02403846153846154 0.02403846153846154
0 0.12259615384615385 0.7908653846153847 0.02403846153846154 0.02403846153846154
0 0.22115384615384617 0.7548076923076924 0.02403846153846154 0.02403846153846154
0 0.13461538461538464 0.7355769230769231 0.02403846153846154 0.02403846153846154
0 0.11538461538461539 0.7163461538461539 0.02403846153846154 0.02403846153846154
0 0.08413461538461539 0.6418269230769231 0.02403846153846154 0.02403846153846154
0 0.10336538461538462 0.6418269230769231 0.02403846153846154 0.02403846153846154
0 0.8028846153846154 0.53125 0.02403846153846154 0.02403846153846154
0 0.6802884615384616 0.4903846153846154 0.02403846153846154 0.02403846153846154
0 0.8341346153846154 0.41105769230769235 0.02403846153846154 0.02403846153846154
0 0.8100961538461539 0.24759615384615385 0.02403846153846154 0.02403846153846154
0 0.9278846153846154 0.4182692307692308 0.02403846153846154 0.02403846153846154
