0 0.16826923076923078 0.8052884615384616 0.02403846153846154 0.02403846153846154
0 0.2716346153846154 0.8028846153846154 0.02403846153846154 0.02403846153846154
0 0.06971153846153846 0.8052884615384616 0.02403846153846154 0.02403846153846154
0 0.1826923076923077 0.7788461538461539 0.02403846153846154 0.02403846153846154
0 0.2884615384615385 0.7596153846153847 0.02403846153846154 0.02403846153846154
0 0.028846153846153848 0.7475961538461539 0.02403846153846154 0.02403846153846154
0 0.6971153846153847 0.6490384615384616 0.02403846153846154 0.02403846153846154
0 0.1466346153846154 0.6153846153846154 0.02403846153846154 0.02403846153846154
0 0.21875 0.5889423076923077 0.02403846153846154 0.02403846153846154
0 0.16586538461538464 0.5528846153846154 0.02403846153846154 0.02403846153846154
0 0.16105769230769232 0.5216346153846154 0.02403846153846154 0.02403846153846154
0 0.28125 0.4182692307692308 0.02403846153846154 0.02403846153846154
0 0.23076923076923078 0.3269230769230769 0.02403846153846154 0.02403846153846154
0 0.6754807692307693 0.30528846153846156 0.02403846153846154 0.02403846153846154
0 0.3822115384615385 0.2980769230769231 0.02403846153846154 0.02403846153846154
0 0.40384615384615385 0.28365384615384615 0.02403846153846154 0.02403846153846154
0 0.3581730769230769 0.28365384615384615 0.02403846153846154 0.02403846153846154
0 0.2884615384615385 0.27403846153846156 0.02403846153846154 0.02403846153846154
0 0.3245192307692308 0.2644230769230769 0.02403846153846154 0.02403846153846154
0 0.576923076923077 0.2403846153846154 0.02403846153846154 0.02403846153846154
0 0.5024038461538461 0.23317307692307693 0.02403846153846154 0.02403846153846154
0 0.3028846153846154 0.20192307692307693 0.02403846153846154 0.02403846153846154
0 0.6538461538461539 0.16105769230769232 0.02403846153846154 0.02403846153846154
0 0.46634615384615385 0.15625 0.02403846153846154 0.02403846153846154
0 0.16586538461538464 0.10576923076923078 0.02403846153846154 0.02403846153846154
0 0.13942307692307693 0.07451923076923077 0.02403846153846154 0.02403846153846154
0 0.3028846153846154 0.06730769230769232 0.02403846153846154 0.02403846153846154
0 0.75 0.05288461538461539 0.02403846153846154 0.02403846153846154
0 0.06009615384615385 0.05288461538461539 0.02403846153846154 0.02403846153846154
0 0.16346153846153846 0.05048076923076923 0.02403846153846154 0.02403846153846154
0 0.5192307692307693 0.026442307692307696 0.02403846153846154 0.02403846153846154
0 0.5384615384615385 0.15384615384615385 0.02403846153846154 0.02403846153846154
0 0.49759615384615385 0.09134615384615385 0.02403846153846154 0.02403846153846154
0 0.46153846153846156 0.06730769230769232 0.02403846153846154 0.02403846153846154
0 0.7067307692307693 0.10576923076923078 0.02403846153846154 0.02403846153846154
0 0.7596153846153847 0.0889423076923077 0.02403846153846154 0.02403846153846154
0 0.8100961538461539 0.10336538461538462 0.02403846153846154 0.02403846153846154
0 0.7980769230769231 0.33653846153846156 0.02403846153846154 0.02403846153846154
0 0.9711538461538463 0.07211538461538462 0.02403846153846154 0.02403846153846154
0 0.8918269230769231 0.09855769230769232 0.02403846153846154 0.02403846153846154
0 0.9543269230769231 0.576923076923077 0.02403846153846154 0.02403846153846154
0 0.8653846153846154 0.4206730769230769 0.02403846153846154 0.02403846153846154
0 0.43028846153846156 0.08173076923076923 0.02403846153846154 0.02403846153846154
0 0.3629807692307693 0.06490384615384616 0.02403846153846154 0.02403846153846154
0 0.3389423076923077 0.06971153846153846 0.02403846153846154 0.02403846153846154
0 0.25480769230769235 0.14903846153846154 0.02403846153846154 0.02403846153846154
0 0.49759615384615385 0.2091346153846154 0.02403846153846154 0.02403846153846154
0 0.5432692307692308 0.24759615384615385 0.02403846153846154 0.02403846153846154
0 0.5384615384615385 0.3269230769230769 0.02403846153846154 0.02403846153846154
0 0.30528846153846156 0.3822115384615385 0.02403846153846154 0.02403846153846154
0 0.25480769230769235 0.3125 0.02403846153846154 0.02403846153846154
0 0.44711538461538464 0.24278846153846156 0.02403846153846154 0.02403846153846154
0 0.4903846153846154 0.2980769230769231 0.02403846153846154 0.02403846153846154
0 0.06490384615384616 0.19471153846153846 0.02403846153846154 0.02403846153846154
0 0.04567307692307693 0.1826923076923077 0.02403846153846154 0.02403846153846154
0 0.03125 0.2956730769230769 0.02403846153846154 0.02403846153846154
0 0.03125 0.3966346153846154 0.02403846153846154 0.02403846153846154
0 0.028846153846153848 0.47355769230769235 0.02403846153846154 0.02403846153846154
0 0.21634615384615385 0.37980769230769235 0.02403846153846154 0.02403846153846154
0 0.25480769230769235 0.4711538461538462 0.02403846153846154 0.02403846153846154
0 0.2139423076923077 0.4591346153846154 0.02403846153846154 0.02403846153846154
0 0.23317307692307693 0.6754807692307693 0.02403846153846154 0.02403846153846154
0 0.10817307692307693 0.639423076923077 0.02403846153846154 0.02403846153846154
0 0.05528846153846154 0.6442307692307693 0.02403846153846154 0.02403846153846154
0 0.06730769230769232 0.5168269230769231 0.02403846153846154 0.02403846153846154
0 0.3557692307692308 0.78125 0.02403846153846154 0.02403846153846154
0 0.31490384615384615 0.8076923076923077 0.02403846153846154 0.02403846153846154
0 0.37980769230769235 0.84375 0.02403846153846154 0.02403846153846154
0 0.764423076923077 0.8870192307692308 0.02403846153846154 0.02403846153846154
0 0.10096153846153846 0.8774038461538463 0.02403846153846154 0.02403846153846154
0 0.46634615384615385 0.7860576923076924 0.02403846153846154 0.02403846153846154
0 0.4254807692307693 0.7908653846153847 0.02403846153846154 0.02403846153846154
