0 0.41105769230769235 0.9567307692307693 0.02403846153846154 0.02403846153846154
0 0.6514423076923077 0.951923076923077 0.02403846153846154 0.02403846153846154
0 0.7235576923076924 0.9254807692307693 0.02403846153846154 0.02403846153846154
0 0.670673076923077 0.889423076923077 0.02403846153846154 0.02403846153846154
0 0.6658653846153847 0.858173076923077 0.02403846153846154 0.02403846153846154
0 0.12740384615384617 0.8341346153846154 0.02403846153846154 0.02403846153846154
0 0.7860576923076924 0.7548076923076924 0.02403846153846154 0.02403846153846154
0 0.7355769230769231 0.6634615384615385 0.02403846153846154 0.02403846153846154
0 0.8870192307692308 0.6346153846153847 0.02403846153846154 0.02403846153846154
0 0.9086538461538463 0.6201923076923077 0.02403846153846154 0.02403846153846154
0 0.8629807692307693 0.6201923076923077 0.02403846153846154 0.02403846153846154
0 0.16105769230769232 0.6129807692307693 0.02403846153846154 0.02403846153846154
0 0.7932692307692308 0.6105769230769231 0.02403846153846154 0.02403846153846154
0 0.8293269230769231 0.6009615384615385 0.02403846153846154 0.02403846153846154
0 0.24759615384615385 0.5865384615384616 0.02403846153846154 0.02403846153846154
0 0.11778846153846155 0.5673076923076923 0.02403846153846154 0.02403846153846154
0 0.06971153846153846 0.5673076923076923 0.02403846153846154 0.02403846153846154
0 0.16105769230769232 0.5408653846153847 0.02403846153846154 0.02403846153846154
0 0.8076923076923077 0.5384615384615385 0.02403846153846154 0.02403846153846154
0 0.06730769230769232 0.5072115384615384 0.02403846153846154 0.02403846153846154
0 0.9711538461538463 0.49278846153846156 0.02403846153846154 0.02403846153846154
0 0.2668269230769231 0.4879807692307693 0.02403846153846154 0.02403846153846154
0 0.4711538461538462 0.44711538461538464 0.02403846153846154 0.02403846153846154
0 0.670673076923077 0.44230769230769235 0.02403846153846154 0.02403846153846154
0 0.04807692307692308 0.4326923076923077 0.02403846153846154 0.02403846153846154
0 0.18990384615384617 0.4254807692307693 0.02403846153846154 0.02403846153846154
0 0.40625 0.41586538461538464 0.02403846153846154 0.02403846153846154
0 0.6442307692307693 0.41105769230769235 0.02403846153846154 0.02403846153846154
0 0.8076923076923077 0.40384615384615385 0.02403846153846154 0.02403846153846154
0 0.15625 0.40384615384615385 0.02403846153846154 0.02403846153846154
0 0.23798076923076925 0.3918269230769231 0.02403846153846154 0.02403846153846154
0 0.5649038461538461 0.3894230769230769 0.02403846153846154 0.02403846153846154
0 0.06490384615384616 0.3894230769230769 0.02403846153846154 0.02403846153846154
0 0.6682692307692308 0.3870192307692308 0.02403846153846154 0.02403846153846154
0 0.4759615384615385 0.3653846153846154 0.02403846153846154 0.02403846153846154
0 0.8197115384615385 0.3557692307692308 0.02403846153846154 0.02403846153846154
0 0.6298076923076923 0.3557692307692308 0.02403846153846154 0.02403846153846154
0 0.03365384615384616 0.3341346153846154 0.02403846153846154 0.02403846153846154
0 0.14182692307692307 0.3293269230769231 0.02403846153846154 0.02403846153846154
0 0.05288461538461539 0.3245192307692308 0.02403846153846154 0.02403846153846154
0 0.08653846153846154 0.3125 0.02403846153846154 0.02403846153846154
0 0.9399038461538463 0.31009615384615385 0.02403846153846154 0.02403846153846154
0 0.5841346153846154 0.3076923076923077 0.02403846153846154 0.02403846153846154
0 0.7379807692307693 0.28125 0.02403846153846154 0.02403846153846154
0 0.36778846153846156 0.27884615384615385 0.02403846153846154 0.02403846153846154
0 0.028846153846153848 0.27884615384615385 0.02403846153846154 0.02403846153846154
0 0.920673076923077 0.27403846153846156 0.02403846153846154 0.02403846153846154
0 0.53125 0.25961538461538464 0.02403846153846154 0.02403846153846154
0 0.43028846153846156 0.25961538461538464 0.02403846153846154 0.02403846153846154
0 0.04807692307692308 0.2620192307692308 0.02403846153846154 0.02403846153846154
0 0.2572115384615385 0.23798076923076925 0.02403846153846154 0.02403846153846154
0 0.6346153846153847 0.2355769230769231 0.02403846153846154 0.02403846153846154
0 0.04807692307692308 0.23317307692307693 0.02403846153846154 0.02403846153846154
0 0.08653846153846154 0.23076923076923078 0.02403846153846154 0.02403846153846154
0 0.06971153846153846 0.23798076923076925 0.02403846153846154 0.02403846153846154
0 0.27403846153846156 0.22355769230769232 0.02403846153846154 0.02403846153846154
0 0.5913461538461539 0.22115384615384617 0.02403846153846154 0.02403846153846154
0 0.6826923076923077 0.2139423076923077 0.02403846153846154 0.02403846153846154
0 0.7235576923076924 0.18509615384615385 0.02403846153846154 0.02403846153846154
0 0.9711538461538463 0.1778846153846154 0.02403846153846154 0.02403846153846154
0 0.7692307692307693 0.16346153846153846 0.02403846153846154 0.02403846153846154
0 0.32211538461538464 0.15865384615384617 0.02403846153846154 0.02403846153846154
0 0.29086538461538464 0.15865384615384617 0.02403846153846154 0.02403846153846154
0 0.5673076923076923 0.15625 0.02403846153846154 0.02403846153846154
0 0.608173076923077 0.1466346153846154 0.02403846153846154 0.02403846153846154
0 0.22836538461538464 0.13221153846153846 0.02403846153846154 0.02403846153846154
0 0.7355769230769231 0.125 0.02403846153846154 0.02403846153846154
0 0.5625 0.10817307692307693 0.02403846153846154 0.02403846153846154
0 0.8173076923076924 0.09855769230769232 0.02403846153846154 0.02403846153846154
0 0.8605769230769231 0.0889423076923077 0.02403846153846154 0.02403846153846154
0 0.8004807692307693 0.08413461538461539 0.02403846153846154 0.02403846153846154
0 0.49278846153846156 0.08413461538461539 0.02403846153846154 0.02403846153846154
0 0.9663461538461539 0.06971153846153846 0.02403846153846154 0.02403846153846154
0 0.8846153846153847 0.0625 0.02403846153846154 0.02403846153846154
0 0.25 0.06009615384615385 0.02403846153846154 0.02403846153846154
0 0.6418269230769231 0.06009615384615385 0.02403846153846154 0.02403846153846154
0 0.3125 0.057692307692307696 0.02403846153846154 0.02403846153846154
0 0.9302884615384616 0.04807692307692308 0.02403846153846154 0.02403846153846154
0 0.14182692307692307 0.04567307692307693 0.02403846153846154 0.02403846153846154
0 0.28605769230769235 0.040865384615384616 0.02403846153846154 0.02403846153846154
0 0.2139423076923077 0.03605769230769231 0.02403846153846154 0.02403846153846154
0 0.4591346153846154 0.028846153846153848 0.02403846153846154 0.02403846153846154
0 0.670673076923077 0.026442307692307696 0.02403846153846154 0.02403846153846154
0 0.8870192307692308 0.026442307692307696 0.02403846153846154 0.02403846153846154
0 0.22596153846153846 0.07211538461538462 0.02403846153846154 0.02403846153846154
0 0.18028846153846154 0.07211538461538462 0.02403846153846154 0.02403846153846154
0 0.12259615384615385 0.09615384615384616 0.02403846153846154 0.02403846153846154
0 0.06009615384615385 0.021634615384615384 0.02403846153846154 0.02403846153846154
0 0.4014423076923077 0.09375 0.02403846153846154 0.02403846153846154
0 0.3822115384615385 0.05288461538461539 0.02403846153846154 0.02403846153846154
0 0.37980769230769235 0.16105769230769232 0.02403846153846154 0.02403846153846154
0 0.3341346153846154 0.21634615384615385 0.02403846153846154 0.02403846153846154
0 0.3293269230769231 0.3076923076923077 0.02403846153846154 0.02403846153846154
0 0.37259615384615385 0.3197115384615385 0.02403846153846154 0.02403846153846154
0 0.4375 0.2956730769230769 0.02403846153846154 0.02403846153846154
0 0.4014423076923077 0.2716346153846154 0.02403846153846154 0.02403846153846154
0 0.4639423076923077 0.25961538461538464 0.02403846153846154 0.02403846153846154
0 0.5961538461538461 0.07932692307692309 0.02403846153846154 0.02403846153846154
0 0.6225961538461539 0.06971153846153846 0.02403846153846154 0.02403846153846154
0 0.8485576923076924 0.16346153846153846 0.02403846153846154 0.02403846153846154
0 0.7980769230769231 0.1778846153846154 0.02403846153846154 0.02403846153846154
0 0.7764423076923077 0.10336538461538462 0.02403846153846154 0.02403846153846154
0 0.6682692307692308 0.14182692307692307 0.02403846153846154 0.02403846153846154
0 0.6177884615384616 0.1875 0.02403846153846154 0.02403846153846154
0 0.5625 0.23798076923076925 0.02403846153846154 0.02403846153846154
0 0.6490384615384616 0.2980769230769231 0.02403846153846154 0.02403846153846154
0 0.608173076923077 0.3269230769230769 0.02403846153846154 0.02403846153846154
0 0.5216346153846154 0.3557692307692308 0.02403846153846154 0.02403846153846154
0 0.9663461538461539 0.40384615384615385 0.02403846153846154 0.02403846153846154
0 0.9350961538461539 0.4182692307692308 0.02403846153846154 0.02403846153846154
0 0.8677884615384616 0.4014423076923077 0.02403846153846154 0.02403846153846154
0 0.84375 0.40625 0.02403846153846154 0.02403846153846154
0 0.7596153846153847 0.48557692307692313 0.02403846153846154 0.02403846153846154
0 0.8100961538461539 0.71875 0.02403846153846154 0.02403846153846154
0 0.7596153846153847 0.6490384615384616 0.02403846153846154 0.02403846153846154
0 0.951923076923077 0.5793269230769231 0.02403846153846154 0.02403846153846154
0 0.5697115384615385 0.53125 0.02403846153846154 0.02403846153846154
0 0.5504807692307693 0.5192307692307693 0.02403846153846154 0.02403846153846154
0 0.5360576923076923 0.6322115384615385 0.02403846153846154 0.02403846153846154
0 0.49759615384615385 0.6129807692307693 0.02403846153846154 0.02403846153846154
0 0.5360576923076923 0.733173076923077 0.02403846153846154 0.02403846153846154
0 0.5336538461538461 0.8100961538461539 0.02403846153846154 0.02403846153846154
0 0.7211538461538461 0.7163461538461539 0.02403846153846154 0.02403846153846154
0 0.7596153846153847 0.8076923076923077 0.02403846153846154 0.02403846153846154
0 0.71875 0.795673076923077 0.02403846153846154 0.02403846153846154
0 0.5721153846153847 0.8533653846153847 0.02403846153846154 0.02403846153846154
0 0.11057692307692309 0.3076923076923077 0.02403846153846154 0.02403846153846154
0 0.16586538461538464 0.3341346153846154 0.02403846153846154 0.02403846153846154
0 0.31730769230769235 0.5096153846153847 0.02403846153846154 0.02403846153846154
0 0.2932692307692308 0.4903846153846154 0.02403846153846154 0.02403846153846154
0 0.2956730769230769 0.5048076923076923 0.02403846153846154 0.02403846153846154
0 0.24278846153846156 0.5168269230769231 0.02403846153846154 0.02403846153846154
0 0.04326923076923077 0.4639423076923077 0.02403846153846154 0.02403846153846154
0 0.14182692307692307 0.4278846153846154 0.02403846153846154 0.02403846153846154
0 0.05528846153846154 0.4086538461538462 0.02403846153846154 0.02403846153846154
0 0.03605769230769231 0.3894230769230769 0.02403846153846154 0.02403846153846154
0 0.02403846153846154 0.31490384615384615 0.02403846153846154 0.02403846153846154
0 0.2764423076923077 0.7259615384615385 0.02403846153846154 0.02403846153846154
0 0.0889423076923077 0.7307692307692308 0.02403846153846154 0.02403846153846154
0 0.0889423076923077 0.8341346153846154 0.02403846153846154 0.02403846153846154
0 0.04567307692307693 0.8677884615384616 0.02403846153846154 0.02403846153846154
0 0.14903846153846154 0.9567307692307693 0.02403846153846154 0.02403846153846154
0 0.4591346153846154 0.9423076923076924 0.02403846153846154 0.02403846153846154
0 0.4326923076923077 0.9158653846153847 0.02403846153846154 0.02403846153846154
0 0.7235576923076924 0.2043269230769231 0.02403846153846154 0.02403846153846154
0 0.6009615384615385 0.16346153846153846 0.02403846153846154 0.02403846153846154
0 0.7548076923076924 0.08413461538461539 0.02403846153846154 0.02403846153846154
0 0.8485576923076924 0.09134615384615385 0.02403846153846154 0.02403846153846154
