0 0.16346153846153846 0.9639423076923077 0.02403846153846154 0.02403846153846154
0 0.7067307692307693 0.9543269230769231 0.02403846153846154 0.02403846153846154
0 0.7307692307692308 0.8966346153846154 0.02403846153846154 0.02403846153846154
0 0.9711538461538463 0.8918269230769231 0.02403846153846154 0.02403846153846154
0 0.24759615384615385 0.8774038461538463 0.02403846153846154 0.02403846153846154
0 0.44711538461538464 0.7740384615384616 0.02403846153846154 0.02403846153846154
0 0.28605769230769235 0.6682692307692308 0.02403846153846154 0.02403846153846154
0 0.21875 0.6682692307692308 0.02403846153846154 0.02403846153846154
0 0.3028846153846154 0.6274038461538461 0.02403846153846154 0.02403846153846154
0 0.4807692307692308 0.5528846153846154 0.02403846153846154 0.02403846153846154
0 0.19230769230769232 0.5480769230769231 0.02403846153846154 0.02403846153846154
0 0.5673076923076923 0.5264423076923077 0.02403846153846154 0.02403846153846154
0 0.028846153846153848 0.5240384615384616 0.02403846153846154 0.02403846153846154
0 0.4375 0.5072115384615384 0.02403846153846154 0.02403846153846154
0 0.3894230769230769 0.5072115384615384 0.02403846153846154 0.02403846153846154
0 0.4807692307692308 0.4807692307692308 0.02403846153846154 0.02403846153846154
0 0.1826923076923077 0.4807692307692308 0.02403846153846154 0.02403846153846154
0 0.3870192307692308 0.44711538461538464 0.02403846153846154 0.02403846153846154
0 0.10096153846153846 0.44711538461538464 0.02403846153846154 0.02403846153846154
0 0.5865384615384616 0.4278846153846154 0.02403846153846154 0.02403846153846154
0 0.7908653846153847 0.3870192307692308 0.02403846153846154 0.02403846153846154
0 0.36778846153846156 0.37259615384615385 0.02403846153846154 0.02403846153846154
0 0.5096153846153847 0.3653846153846154 0.02403846153846154 0.02403846153846154
0 0.7259615384615385 0.3557692307692308 0.02403846153846154 0.02403846153846154
0 0.9639423076923077 0.3509615384615385 0.02403846153846154 0.02403846153846154
0 0.4759615384615385 0.34375 0.02403846153846154 0.02403846153846154
0 0.5576923076923077 0.3317307692307693 0.02403846153846154 0.02403846153846154
0 0.8846153846153847 0.3293269230769231 0.02403846153846154 0.02403846153846154
0 0.38461538461538464 0.3293269230769231 0.02403846153846154 0.02403846153846154
0 0.07211538461538462 0.31009615384615385 0.02403846153846154 0.02403846153846154
0 0.795673076923077 0.30528846153846156 0.02403846153846154 0.02403846153846154
0 0.9495192307692308 0.2956730769230769 0.02403846153846154 0.02403846153846154
0 0.0889423076923077 0.2956730769230769 0.02403846153846154 0.02403846153846154
0 0.35336538461538464 0.27403846153846156 0.02403846153846154 0.02403846153846154
0 0.46153846153846156 0.2692307692307693 0.02403846153846154 0.02403846153846154
0 0.37259615384615385 0.2644230769230769 0.02403846153846154 0.02403846153846154
0 0.40625 0.25240384615384615 0.02403846153846154 0.02403846153846154
0 0.9038461538461539 0.24759615384615385 0.02403846153846154 0.02403846153846154
0 0.6875 0.21875 0.02403846153846154 0.02403846153846154
0 0.34855769230769235 0.21875 0.02403846153846154 0.02403846153846154
0 0.27403846153846156 0.20673076923076925 0.02403846153846154 0.02403846153846154
0 0.8509615384615385 0.19951923076923078 0.02403846153846154 0.02403846153846154
0 0.75 0.19951923076923078 0.02403846153846154 0.02403846153846154
0 0.36778846153846156 0.20192307692307693 0.02403846153846154 0.02403846153846154
0 0.576923076923077 0.1778846153846154 0.02403846153846154 0.02403846153846154
0 0.9543269230769231 0.17548076923076925 0.02403846153846154 0.02403846153846154
0 0.36778846153846156 0.17307692307692307 0.02403846153846154 0.02403846153846154
0 0.40625 0.17067307692307693 0.02403846153846154 0.02403846153846154
0 0.3894230769230769 0.1778846153846154 0.02403846153846154 0.02403846153846154
0 0.59375 0.16346153846153846 0.02403846153846154 0.02403846153846154
0 0.9110576923076924 0.16105769230769232 0.02403846153846154 0.02403846153846154
0 0.3197115384615385 0.1514423076923077 0.02403846153846154 0.02403846153846154
0 0.28365384615384615 0.14903846153846154 0.02403846153846154 0.02403846153846154
0 0.1778846153846154 0.13942307692307693 0.02403846153846154 0.02403846153846154
0 0.6418269230769231 0.09855769230769232 0.02403846153846154 0.02403846153846154
0 0.6105769230769231 0.09855769230769232 0.02403846153846154 0.02403846153846154
0 0.8870192307692308 0.09615384615384616 0.02403846153846154 0.02403846153846154
0 0.9278846153846154 0.08653846153846154 0.02403846153846154 0.02403846153846154
0 0.5480769230769231 0.07211538461538462 0.02403846153846154 0.02403846153846154
0 0.03605769230769231 0.05288461538461539 0.02403846153846154 0.02403846153846154
0 0.8822115384615385 0.04807692307692308 0.02403846153846154 0.02403846153846154
0 0.8125 0.02403846153846154 0.02403846153846154 0.02403846153846154
0 0.44230769230769235 0.03605769230769231 0.02403846153846154 0.02403846153846154
0 0.25240384615384615 0.02403846153846154 0.02403846153846154 0.02403846153846154
0 0.18509615384615385 0.026442307692307696 0.02403846153846154 0.02403846153846154
0 0.23076923076923078 0.07451923076923077 0.02403846153846154 0.02403846153846154
0 0.20192307692307693 0.11057692307692309 0.02403846153846154 0.02403846153846154
0 0.25480769230769235 0.12980769230769232 0.02403846153846154 0.02403846153846154
0 0.19711538461538464 0.16586538461538464 0.02403846153846154 0.02403846153846154
0 0.13942307692307693 0.1466346153846154 0.02403846153846154 0.02403846153846154
0 0.7211538461538461 0.03365384615384616 0.02403846153846154 0.02403846153846154
0 0.6995192307692308 0.10096153846153846 0.02403846153846154 0.02403846153846154
0 0.6538461538461539 0.15625 0.02403846153846154 0.02403846153846154
0 0.6490384615384616 0.24759615384615385 0.02403846153846154 0.02403846153846154
0 0.6923076923076923 0.25961538461538464 0.02403846153846154 0.02403846153846154
0 0.7572115384615385 0.2355769230769231 0.02403846153846154 0.02403846153846154
0 0.7211538461538461 0.21153846153846156 0.02403846153846154 0.02403846153846154
0 0.7836538461538461 0.19951923076923078 0.02403846153846154 0.02403846153846154
0 0.9375 0.12740384615384617 0.02403846153846154 0.02403846153846154
0 0.8822115384615385 0.1778846153846154 0.02403846153846154 0.02403846153846154
0 0.96875 0.23798076923076925 0.02403846153846154 0.02403846153846154
0 0.9278846153846154 0.2668269230769231 0.02403846153846154 0.02403846153846154
0 0.8413461538461539 0.2956730769230769 0.02403846153846154 0.02403846153846154
0 0.889423076923077 0.4711538461538462 0.02403846153846154 0.02403846153846154
0 0.8701923076923077 0.4591346153846154 0.02403846153846154 0.02403846153846154
0 0.8557692307692308 0.5721153846153847 0.02403846153846154 0.02403846153846154
0 0.8173076923076924 0.5528846153846154 0.02403846153846154 0.02403846153846154
0 0.8557692307692308 0.6730769230769231 0.02403846153846154 0.02403846153846154
0 0.8533653846153847 0.75 0.02403846153846154 0.02403846153846154
0 0.9326923076923077 0.9158653846153847 0.02403846153846154 0.02403846153846154
0 0.8798076923076924 0.920673076923077 0.02403846153846154 0.02403846153846154
0 0.8918269230769231 0.7932692307692308 0.02403846153846154 0.02403846153846154
0 0.7235576923076924 0.9278846153846154 0.02403846153846154 0.02403846153846154
0 0.43028846153846156 0.24759615384615385 0.02403846153846154 0.02403846153846154
0 0.48557692307692313 0.27403846153846156 0.02403846153846154 0.02403846153846154
0 0.6370192307692308 0.4495192307692308 0.02403846153846154 0.02403846153846154
0 0.6129807692307693 0.43028846153846156 0.02403846153846154 0.02403846153846154
0 0.6153846153846154 0.4447115384615385 0.02403846153846154 0.02403846153846154
0 0.5625 0.4567307692307693 0.02403846153846154 0.02403846153846154
0 0.25480769230769235 0.31490384615384615 0.02403846153846154 0.02403846153846154
0 0.2043269230769231 0.25480769230769235 0.02403846153846154 0.02403846153846154
0 0.1466346153846154 0.3293269230769231 0.02403846153846154 0.02403846153846154
0 0.3629807692307693 0.40384615384615385 0.02403846153846154 0.02403846153846154
0 0.46153846153846156 0.36778846153846156 0.02403846153846154 0.02403846153846154
0 0.375 0.34855769230769235 0.02403846153846154 0.02403846153846154
0 0.3557692307692308 0.3293269230769231 0.02403846153846154 0.02403846153846154
0 0.3245192307692308 0.25480769230769235 0.02403846153846154 0.02403846153846154
0 0.34375 0.25480769230769235 0.02403846153846154 0.02403846153846154
0 0.11298076923076923 0.59375 0.02403846153846154 0.02403846153846154
0 0.5961538461538461 0.6658653846153847 0.02403846153846154 0.02403846153846154
0 0.4086538461538462 0.670673076923077 0.02403846153846154 0.02403846153846154
0 0.4086538461538462 0.7740384615384616 0.02403846153846154 0.02403846153846154
0 0.3653846153846154 0.8076923076923077 0.02403846153846154 0.02403846153846154
0 0.3028846153846154 0.8245192307692308 0.02403846153846154 0.02403846153846154
0 0.2644230769230769 0.9086538461538463 0.02403846153846154 0.02403846153846154
0 0.46875 0.8966346153846154 0.02403846153846154 0.02403846153846154
0 0.49759615384615385 0.9567307692307693 0.02403846153846154 0.02403846153846154
0 0.12980769230769232 0.9086538461538463 0.02403846153846154 0.02403846153846154
0 0.1466346153846154 0.9399038461538463 0.02403846153846154 0.02403846153846154
0 0.7788461538461539 0.8822115384615385 0.02403846153846154 0.02403846153846154
0 0.7524038461538461 0.8557692307692308 0.02403846153846154 0.02403846153846154
0 0.920673076923077 0.10336538461538462 0.02403846153846154 0.02403846153846154
