0 0.4759615384615385 0.6971153846153847 0.02403846153846154 0.02403846153846154
0 0.5552884615384616 0.6490384615384616 0.02403846153846154 0.02403846153846154
0 0.43028846153846156 0.5528846153846154 0.02403846153846154 0.02403846153846154
0 0.8100961538461539 0.47836538461538464 0.02403846153846154 0.02403846153846154
0 0.44711538461538464 0.3942307692307693 0.02403846153846154 0.02403846153846154
0 0.3653846153846154 0.28605769230769235 0.02403846153846154 0.02403846153846154
0 0.9615384615384616 0.040865384615384616 0.02403846153846154 0.02403846153846154
0 0.29086538461538464 0.9038461538461539 0.02403846153846154 0.02403846153846154
0 0.057692307692307696 0.8918269230769231 0.02403846153846154 0.02403846153846154
0 0.028846153846153848 0.3653846153846154 0.02403846153846154 0.02403846153846154
0 0.3293269230769231 0.09615384615384616 0.02403846153846154 0.02403846153846154
0 0.5528846153846154 0.19471153846153846 0.02403846153846154 0.02403846153846154
0 0.764423076923077 0.17307692307692307 0.02403846153846154 0.02403846153846154
0 0.6995192307692308 0.4951923076923077 0.02403846153846154 0.02403846153846154
0 0.8822115384615385 0.22355769230769232 0.02403846153846154 0.02403846153846154
0 0.6875 0.03605769230769231 0.02403846153846154 0.02403846153846154
