0 0.7572115384615385 0.9302884615384616 0.02403846153846154 0.02403846153846154
0 0.9254807692307693 0.8870192307692308 0.02403846153846154 0.02403846153846154
0 0.7716346153846154 0.8004807692307693 0.02403846153846154 0.02403846153846154
0 0.8100961538461539 0.7980769230769231 0.02403846153846154 0.02403846153846154
0 0.4759615384615385 0.7620192307692308 0.02403846153846154 0.02403846153846154
0 0.4519230769230769 0.6826923076923077 0.02403846153846154 0.02403846153846154
0 0.6754807692307693 0.6490384615384616 0.02403846153846154 0.02403846153846154
0 0.84375 0.5552884615384616 0.02403846153846154 0.02403846153846154
0 0.9302884615384616 0.5240384615384616 0.02403846153846154 0.02403846153846154
0 0.7980769230769231 0.5072115384615384 0.02403846153846154 0.02403846153846154
0 0.9086538461538463 0.5 0.02403846153846154 0.02403846153846154
0 0.7403846153846154 0.4567307692307693 0.02403846153846154 0.02403846153846154
0 0.08173076923076923 0.44711538461538464 0.02403846153846154 0.02403846153846154
0 0.4951923076923077 0.39903846153846156 0.02403846153846154 0.02403846153846154
0 0.18509615384615385 0.3317307692307693 0.02403846153846154 0.02403846153846154
0 0.8028846153846154 0.27884615384615385 0.02403846153846154 0.02403846153846154
0 0.5432692307692308 0.23798076923076925 0.02403846153846154 0.02403846153846154
0 0.7572115384615385 0.23076923076923078 0.02403846153846154 0.02403846153846154
0 0.576923076923077 0.19711538461538464 0.02403846153846154 0.02403846153846154
0 0.4903846153846154 0.17548076923076925 0.02403846153846154 0.02403846153846154
0 0.8245192307692308 0.09375 0.02403846153846154 0.02403846153846154
0 0.9350961538461539 0.028846153846153848 0.02403846153846154 0.02403846153846154
0 0.5961538461538461 0.9350961538461539 0.02403846153846154 0.02403846153846154
0 0.1466346153846154 0.7884615384615385 0.02403846153846154 0.02403846153846154
0 0.11298076923076923 0.875 0.02403846153846154 0.02403846153846154
0 0.49278846153846156 0.7836538461538461 0.02403846153846154 0.02403846153846154
0 0.65625 0.7764423076923077 0.02403846153846154 0.02403846153846154
0 0.8028846153846154 0.6057692307692308 0.02403846153846154 0.02403846153846154
0 0.026442307692307696 0.6298076923076923 0.02403846153846154 0.02403846153846154
0 0.22836538461538464 0.5072115384615384 0.02403846153846154 0.02403846153846154
0 0.3509615384615385 0.6754807692307693 0.02403846153846154 0.02403846153846154
0 0.6826923076923077 0.5576923076923077 0.02403846153846154 0.02403846153846154
0 0.6153846153846154 0.3942307692307693 0.02403846153846154 0.02403846153846154
0 0.43509615384615385 0.3701923076923077 0.02403846153846154 0.02403846153846154
0 0.7740384615384616 0.3942307692307693 0.02403846153846154 0.02403846153846154
0 0.701923076923077 0.31490384615384615 0.02403846153846154 0.02403846153846154
0 0.71875 0.24759615384615385 0.02403846153846154 0.02403846153846154
0 0.7596153846153847 0.18509615384615385 0.02403846153846154 0.02403846153846154
0 0.8701923076923077 0.11057692307692309 0.02403846153846154 0.02403846153846154
0 0.8461538461538463 0.2932692307692308 0.02403846153846154 0.02403846153846154
0 0.826923076923077 0.3269230769230769 0.02403846153846154 0.02403846153846154
0 0.9591346153846154 0.3341346153846154 0.02403846153846154 0.02403846153846154
0 0.5024038461538461 0.026442307692307696 0.02403846153846154 0.02403846153846154
0 0.44711538461538464 0.19230769230769232 0.02403846153846154 0.02403846153846154
0 0.2716346153846154 0.15865384615384617 0.02403846153846154 0.02403846153846154
0 0.3245192307692308 0.14903846153846154 0.02403846153846154 0.02403846153846154
0 0.3918269230769231 0.026442307692307696 0.02403846153846154 0.02403846153846154
0 0.18990384615384617 0.026442307692307696 0.02403846153846154 0.02403846153846154
0 0.03125 0.24759615384615385 0.02403846153846154 0.02403846153846154
