0 0.3509615384615385 0.9567307692307693 0.02403846153846154 0.02403846153846154
0 0.8653846153846154 0.9350961538461539 0.02403846153846154 0.02403846153846154
0 0.5552884615384616 0.8677884615384616 0.02403846153846154 0.02403846153846154
0 0.35336538461538464 0.8293269230769231 0.02403846153846154 0.02403846153846154
0 0.9134615384615385 0.7740384615384616 0.02403846153846154 0.02403846153846154
0 0.9471153846153847 0.733173076923077 0.02403846153846154 0.02403846153846154
0 0.8605769230769231 0.7115384615384616 0.02403846153846154 0.02403846153846154
0 0.6177884615384616 0.5408653846153847 0.02403846153846154 0.02403846153846154
0 0.19471153846153846 0.5360576923076923 0.02403846153846154 0.02403846153846154
0 0.28365384615384615 0.5192307692307693 0.02403846153846154 0.02403846153846154
0 0.9158653846153847 0.4591346153846154 0.02403846153846154 0.02403846153846154
0 0.5576923076923077 0.3269230769230769 0.02403846153846154 0.02403846153846154
0 0.2043269230769231 0.31730769230769235 0.02403846153846154 0.02403846153846154
0 0.4134615384615385 0.3076923076923077 0.02403846153846154 0.02403846153846154
0 0.4375 0.28125 0.02403846153846154 0.02403846153846154
0 0.2692307692307693 0.2572115384615385 0.02403846153846154 0.02403846153846154
0 0.6899038461538461 0.23317307692307693 0.02403846153846154 0.02403846153846154
0 0.7620192307692308 0.22596153846153846 0.02403846153846154 0.02403846153846154
0 0.6923076923076923 0.20673076923076925 0.02403846153846154 0.02403846153846154
0 0.4399038461538462 0.1514423076923077 0.02403846153846154 0.02403846153846154
0 0.9182692307692308 0.14182692307692307 0.02403846153846154 0.02403846153846154
0 0.33653846153846156 0.13701923076923078 0.02403846153846154 0.02403846153846154
0 0.5793269230769231 0.0889423076923077 0.02403846153846154 0.02403846153846154
0 0.41586538461538464 0.07451923076923077 0.02403846153846154 0.02403846153846154
0 0.08173076923076923 0.06490384615384616 0.02403846153846154 0.02403846153846154
0 0.3125 0.04567307692307693 0.02403846153846154 0.02403846153846154
0 0.9639423076923077 0.04567307692307693 0.02403846153846154 0.02403846153846154
0 0.7524038461538461 0.038461538461538464 0.02403846153846154 0.02403846153846154
0 0.8052884615384616 0.90625 0.02403846153846154 0.02403846153846154
0 0.05048076923076923 0.09615384615384616 0.02403846153846154 0.02403846153846154
0 0.05528846153846154 0.11538461538461539 0.02403846153846154 0.02403846153846154
0 0.17307692307692307 0.057692307692307696 0.02403846153846154 0.02403846153846154
0 0.09375 0.28365384615384615 0.02403846153846154 0.02403846153846154
0 0.08413461538461539 0.39903846153846156 0.02403846153846154 0.02403846153846154
0 0.1514423076923077 0.37259615384615385 0.02403846153846154 0.02403846153846154
0 0.16826923076923078 0.46153846153846156 0.02403846153846154 0.02403846153846154
0 0.12740384615384617 0.47355769230769235 0.02403846153846154 0.02403846153846154
0 0.3028846153846154 0.40625 0.02403846153846154 0.02403846153846154
0 0.3966346153846154 0.37980769230769235 0.02403846153846154 0.02403846153846154
0 0.3605769230769231 0.2764423076923077 0.02403846153846154 0.02403846153846154
0 0.23317307692307693 0.22596153846153846 0.02403846153846154 0.02403846153846154
0 0.3341346153846154 0.17307692307692307 0.02403846153846154 0.02403846153846154
0 0.4254807692307693 0.21634615384615385 0.02403846153846154 0.02403846153846154
0 0.5024038461538461 0.06971153846153846 0.02403846153846154 0.02403846153846154
0 0.7211538461538461 0.04326923076923077 0.02403846153846154 0.02403846153846154
0 0.6850961538461539 0.1201923076923077 0.02403846153846154 0.02403846153846154
0 0.7548076923076924 0.2043269230769231 0.02403846153846154 0.02403846153846154
0 0.5865384615384616 0.07692307692307693 0.02403846153846154 0.02403846153846154
0 0.9134615384615385 0.22355769230769232 0.02403846153846154 0.02403846153846154
0 0.9495192307692308 0.4447115384615385 0.02403846153846154 0.02403846153846154
0 0.8725961538461539 0.5625 0.02403846153846154 0.02403846153846154
0 0.8173076923076924 0.7283653846153847 0.02403846153846154 0.02403846153846154
0 0.6418269230769231 0.6947115384615385 0.02403846153846154 0.02403846153846154
0 0.6947115384615385 0.6850961538461539 0.02403846153846154 0.02403846153846154
0 0.7620192307692308 0.5625 0.02403846153846154 0.02403846153846154
0 0.5600961538461539 0.5625 0.02403846153846154 0.02403846153846154
0 0.3605769230769231 0.6322115384615385 0.02403846153846154 0.02403846153846154
0 0.29086538461538464 0.6225961538461539 0.02403846153846154 0.02403846153846154
0 0.2716346153846154 0.7884615384615385 0.02403846153846154 0.02403846153846154
0 0.06730769230769232 0.8100961538461539 0.02403846153846154 0.02403846153846154
0 0.07692307692307693 0.951923076923077 0.02403846153846154 0.02403846153846154
0 0.4014423076923077 0.7836538461538461 0.02403846153846154 0.02403846153846154
0 0.2355769230769231 0.8149038461538461 0.02403846153846154 0.02403846153846154
