0 0.670673076923077 0.8725961538461539 0.02403846153846154 0.02403846153846154
0 0.44711538461538464 0.8341346153846154 0.02403846153846154 0.02403846153846154
0 0.028846153846153848 0.8149038461538461 0.02403846153846154 0.02403846153846154
0 0.5288461538461539 0.7980769230769231 0.02403846153846154 0.02403846153846154
0 0.8846153846153847 0.7692307692307693 0.02403846153846154 0.02403846153846154
0 0.28365384615384615 0.6442307692307693 0.02403846153846154 0.02403846153846154
0 0.9302884615384616 0.5480769230769231 0.02403846153846154 0.02403846153846154
0 0.4591346153846154 0.5192307692307693 0.02403846153846154 0.02403846153846154
0 0.90625 0.46875 0.02403846153846154 0.02403846153846154
0 0.5360576923076923 0.23317307692307693 0.02403846153846154 0.02403846153846154
0 0.43509615384615385 0.20673076923076925 0.02403846153846154 0.02403846153846154
0 0.9495192307692308 0.18509615384615385 0.02403846153846154 0.02403846153846154
0 0.639423076923077 0.11778846153846155 0.02403846153846154 0.02403846153846154
0 0.4375 0.07932692307692309 0.02403846153846154 0.02403846153846154
0 0.5576923076923077 0.9134615384615385 0.02403846153846154 0.02403846153846154
0 0.6009615384615385 0.5745192307692308 0.02403846153846154 0.02403846153846154
0 0.5673076923076923 0.6610576923076923 0.02403846153846154 0.02403846153846154
0 0.9471153846153847 0.5697115384615385 0.02403846153846154 0.02403846153846154
0 0.026442307692307696 0.3605769230769231 0.02403846153846154 0.02403846153846154
0 0.23798076923076925 0.3389423076923077 0.02403846153846154 0.02403846153846154
0 0.17307692307692307 0.6610576923076923 0.02403846153846154 0.02403846153846154
0 0.4807692307692308 0.41586538461538464 0.02403846153846154 0.02403846153846154
0 0.3557692307692308 0.3894230769230769 0.02403846153846154 0.02403846153846154
0 0.8533653846153847 0.8533653846153847 0.02403846153846154 0.02403846153846154
0 0.6826923076923077 0.2932692307692308 0.02403846153846154 0.02403846153846154
0 0.8052884615384616 0.46153846153846156 0.02403846153846154 0.02403846153846154
0 0.889423076923077 0.15625 0.02403846153846154 0.02403846153846154
0 0.3557692307692308 0.038461538461538464 0.02403846153846154 0.02403846153846154
0 0.1514423076923077 0.06009615384615385 0.02403846153846154 0.02403846153846154
0 0.16105769230769232 0.20192307692307693 0.02403846153846154 0.02403846153846154
0 0.48557692307692313 0.03365384615384616 0.02403846153846154 0.02403846153846154
0 0.3197115384615385 0.06490384615384616 0.02403846153846154 0.02403846153846154
