0 0.6177884615384616 0.9711538461538463 0.02403846153846154 0.02403846153846154
0 0.5168269230769231 0.9447115384615385 0.02403846153846154 0.02403846153846154
0 0.7211538461538461 0.8557692307692308 0.02403846153846154 0.02403846153846154
0 0.5192307692307693 0.8173076923076924 0.02403846153846154 0.02403846153846154
0 0.0889423076923077 0.8149038461538461 0.02403846153846154 0.02403846153846154
0 0.08173076923076923 0.53125 0.02403846153846154 0.02403846153846154
0 0.7836538461538461 0.5288461538461539 0.02403846153846154 0.02403846153846154
0 0.3605769230769231 0.5240384615384616 0.02403846153846154 0.02403846153846154
0 0.4495192307692308 0.5072115384615384 0.02403846153846154 0.02403846153846154
0 0.7235576923076924 0.31490384615384615 0.02403846153846154 0.02403846153846154
0 0.3701923076923077 0.30528846153846156 0.02403846153846154 0.02403846153846154
0 0.5793269230769231 0.2956730769230769 0.02403846153846154 0.02403846153846154
0 0.6033653846153847 0.2692307692307693 0.02403846153846154 0.02403846153846154
0 0.43509615384615385 0.2451923076923077 0.02403846153846154 0.02403846153846154
0 0.8557692307692308 0.22115384615384617 0.02403846153846154 0.02403846153846154
0 0.10576923076923078 0.21875 0.02403846153846154 0.02403846153846154
0 0.9278846153846154 0.2139423076923077 0.02403846153846154 0.02403846153846154
0 0.858173076923077 0.19471153846153846 0.02403846153846154 0.02403846153846154
0 0.6057692307692308 0.13942307692307693 0.02403846153846154 0.02403846153846154
0 0.5024038461538461 0.125 0.02403846153846154 0.02403846153846154
0 0.7451923076923077 0.07692307692307693 0.02403846153846154 0.02403846153846154
0 0.5817307692307693 0.0625 0.02403846153846154 0.02403846153846154
0 0.24759615384615385 0.05288461538461539 0.02403846153846154 0.02403846153846154
0 0.47836538461538464 0.03365384615384616 0.02403846153846154 0.02403846153846154
0 0.9182692307692308 0.026442307692307696 0.02403846153846154 0.02403846153846154
0 0.9711538461538463 0.8942307692307693 0.02403846153846154 0.02403846153846154
0 0.21634615384615385 0.08413461538461539 0.02403846153846154 0.02403846153846154
0 0.22115384615384617 0.10336538461538462 0.02403846153846154 0.02403846153846154
0 0.3389423076923077 0.04567307692307693 0.02403846153846154 0.02403846153846154
0 0.14903846153846154 0.09134615384615385 0.02403846153846154 0.02403846153846154
0 0.17307692307692307 0.2620192307692308 0.02403846153846154 0.02403846153846154
0 0.14423076923076925 0.4182692307692308 0.02403846153846154 0.02403846153846154
0 0.11057692307692309 0.46153846153846156 0.02403846153846154 0.02403846153846154
0 0.25961538461538464 0.2716346153846154 0.02403846153846154 0.02403846153846154
0 0.25 0.3870192307692308 0.02403846153846154 0.02403846153846154
0 0.31730769230769235 0.3605769230769231 0.02403846153846154 0.02403846153846154
0 0.3341346153846154 0.4495192307692308 0.02403846153846154 0.02403846153846154
0 0.2932692307692308 0.46153846153846156 0.02403846153846154 0.02403846153846154
0 0.46875 0.3942307692307693 0.02403846153846154 0.02403846153846154
0 0.5625 0.36778846153846156 0.02403846153846154 0.02403846153846154
0 0.5264423076923077 0.2644230769230769 0.02403846153846154 0.02403846153846154
0 0.39903846153846156 0.2139423076923077 0.02403846153846154 0.02403846153846154
0 0.5 0.16105769230769232 0.02403846153846154 0.02403846153846154
0 0.5913461538461539 0.2043269230769231 0.02403846153846154 0.02403846153846154
0 0.6682692307692308 0.057692307692307696 0.02403846153846154 0.02403846153846154
0 0.8870192307692308 0.03125 0.02403846153846154 0.02403846153846154
0 0.8509615384615385 0.10817307692307693 0.02403846153846154 0.02403846153846154
0 0.920673076923077 0.19230769230769232 0.02403846153846154 0.02403846153846154
0 0.7524038461538461 0.06490384615384616 0.02403846153846154 0.02403846153846154
0 0.8076923076923077 0.6826923076923077 0.02403846153846154 0.02403846153846154
0 0.8605769230769231 0.6730769230769231 0.02403846153846154 0.02403846153846154
0 0.9278846153846154 0.5504807692307693 0.02403846153846154 0.02403846153846154
0 0.7259615384615385 0.5504807692307693 0.02403846153846154 0.02403846153846154
0 0.5264423076923077 0.6201923076923077 0.02403846153846154 0.02403846153846154
0 0.4567307692307693 0.6105769230769231 0.02403846153846154 0.02403846153846154
0 0.4375 0.7764423076923077 0.02403846153846154 0.02403846153846154
0 0.23317307692307693 0.7980769230769231 0.02403846153846154 0.02403846153846154
0 0.24278846153846156 0.9399038461538463 0.02403846153846154 0.02403846153846154
0 0.5673076923076923 0.7716346153846154 0.02403846153846154 0.02403846153846154
0 0.4014423076923077 0.8028846153846154 0.02403846153846154 0.02403846153846154
