0 0.90625 0.9615384615384616 0.02403846153846154 0.02403846153846154
0 0.19711538461538464 0.8846153846153847 0.02403846153846154 0.02403846153846154
0 0.27403846153846156 0.826923076923077 0.02403846153846154 0.02403846153846154
0 0.3966346153846154 0.7548076923076924 0.02403846153846154 0.02403846153846154
0 0.9038461538461539 0.5024038461538461 0.02403846153846154 0.02403846153846154
0 0.3197115384615385 0.37259615384615385 0.02403846153846154 0.02403846153846154
0 0.8173076923076924 0.34375 0.02403846153846154 0.02403846153846154
0 0.39903846153846156 0.3245192307692308 0.02403846153846154 0.02403846153846154
0 0.8990384615384616 0.3076923076923077 0.02403846153846154 0.02403846153846154
0 0.27403846153846156 0.22836538461538464 0.02403846153846154 0.02403846153846154
0 0.6538461538461539 0.15384615384615385 0.02403846153846154 0.02403846153846154
0 0.29086538461538464 0.06971153846153846 0.02403846153846154 0.02403846153846154
0 0.8293269230769231 0.028846153846153848 0.02403846153846154 0.02403846153846154
0 0.9615384615384616 0.5600961538461539 0.02403846153846154 0.02403846153846154
0 0.9278846153846154 0.42307692307692313 0.02403846153846154 0.02403846153846154
0 0.9711538461538463 0.08413461538461539 0.02403846153846154 0.02403846153846154
0 0.9375 0.17067307692307693 0.02403846153846154 0.02403846153846154
0 0.13461538461538464 0.5793269230769231 0.02403846153846154 0.02403846153846154
0 0.5432692307692308 0.17067307692307693 0.02403846153846154 0.02403846153846154
