0 0.03605769230769231 0.7668269230769231 0.02403846153846154 0.02403846153846154
0 0.7379807692307693 0.764423076923077 0.02403846153846154 0.02403846153846154
0 0.31490384615384615 0.7596153846153847 0.02403846153846154 0.02403846153846154
0 0.40384615384615385 0.7427884615384616 0.02403846153846154 0.02403846153846154
0 0.6778846153846154 0.5504807692307693 0.02403846153846154 0.02403846153846154
0 0.3245192307692308 0.5408653846153847 0.02403846153846154 0.02403846153846154
0 0.5336538461538461 0.53125 0.02403846153846154 0.02403846153846154
0 0.5576923076923077 0.5048076923076923 0.02403846153846154 0.02403846153846154
0 0.3894230769230769 0.4807692307692308 0.02403846153846154 0.02403846153846154
0 0.8100961538461539 0.4567307692307693 0.02403846153846154 0.02403846153846154
0 0.06009615384615385 0.45432692307692313 0.02403846153846154 0.02403846153846154
0 0.8822115384615385 0.4495192307692308 0.02403846153846154 0.02403846153846154
0 0.8125 0.43028846153846156 0.02403846153846154 0.02403846153846154
0 0.5600961538461539 0.375 0.02403846153846154 0.02403846153846154
0 0.4567307692307693 0.3605769230769231 0.02403846153846154 0.02403846153846154
0 0.6995192307692308 0.3125 0.02403846153846154 0.02403846153846154
0 0.5360576923076923 0.2980769230769231 0.02403846153846154 0.02403846153846154
0 0.20192307692307693 0.2884615384615385 0.02403846153846154 0.02403846153846154
0 0.4326923076923077 0.2692307692307693 0.02403846153846154 0.02403846153846154
0 0.8725961538461539 0.2620192307692308 0.02403846153846154 0.02403846153846154
0 0.5961538461538461 0.19471153846153846 0.02403846153846154 0.02403846153846154
0 0.6634615384615385 0.1875 0.02403846153846154 0.02403846153846154
0 0.8870192307692308 0.1826923076923077 0.02403846153846154 0.02403846153846154
0 0.7283653846153847 0.18028846153846154 0.02403846153846154 0.02403846153846154
0 0.6370192307692308 0.15625 0.02403846153846154 0.02403846153846154
0 0.7259615384615385 0.15384615384615385 0.02403846153846154 0.02403846153846154
0 0.4903846153846154 0.15384615384615385 0.02403846153846154 0.02403846153846154
0 0.3125 0.15384615384615385 0.02403846153846154 0.02403846153846154
0 0.7836538461538461 0.14903846153846154 0.02403846153846154 0.02403846153846154
0 0.6995192307692308 0.13942307692307693 0.02403846153846154 0.02403846153846154
0 0.6634615384615385 0.13461538461538464 0.02403846153846154 0.02403846153846154
0 0.6370192307692308 0.12259615384615385 0.02403846153846154 0.02403846153846154
0 0.8677884615384616 0.11778846153846155 0.02403846153846154 0.02403846153846154
0 0.32211538461538464 0.05288461538461539 0.02403846153846154 0.02403846153846154
0 0.3004807692307693 0.04567307692307693 0.02403846153846154 0.02403846153846154
0 0.09134615384615385 0.04567307692307693 0.02403846153846154 0.02403846153846154
0 0.40625 0.03605769230769231 0.02403846153846154 0.02403846153846154
0 0.6322115384615385 0.02403846153846154 0.02403846153846154 0.02403846153846154
0 0.34855769230769235 0.12740384615384617 0.02403846153846154 0.02403846153846154
0 0.25480769230769235 0.12740384615384617 0.02403846153846154 0.02403846153846154
0 0.5600961538461539 0.05528846153846154 0.02403846153846154 0.02403846153846154
0 0.17067307692307693 0.3197115384615385 0.02403846153846154 0.02403846153846154
0 0.17548076923076925 0.3389423076923077 0.02403846153846154 0.02403846153846154
0 0.2932692307692308 0.28125 0.02403846153846154 0.02403846153846154
0 0.10336538461538462 0.3269230769230769 0.02403846153846154 0.02403846153846154
0 0.12740384615384617 0.49759615384615385 0.02403846153846154 0.02403846153846154
0 0.09855769230769232 0.6538461538461539 0.02403846153846154 0.02403846153846154
0 0.06490384615384616 0.6971153846153847 0.02403846153846154 0.02403846153846154
0 0.2139423076923077 0.5072115384615384 0.02403846153846154 0.02403846153846154
0 0.2043269230769231 0.6225961538461539 0.02403846153846154 0.02403846153846154
0 0.2716346153846154 0.5961538461538461 0.02403846153846154 0.02403846153846154
0 0.2884615384615385 0.6850961538461539 0.02403846153846154 0.02403846153846154
0 0.24759615384615385 0.6971153846153847 0.02403846153846154 0.02403846153846154
0 0.42307692307692313 0.6298076923076923 0.02403846153846154 0.02403846153846154
0 0.5168269230769231 0.6033653846153847 0.02403846153846154 0.02403846153846154
0 0.4807692307692308 0.5 0.02403846153846154 0.02403846153846154
0 0.35336538461538464 0.4495192307692308 0.02403846153846154 0.02403846153846154
0 0.45432692307692313 0.3966346153846154 0.02403846153846154 0.02403846153846154
0 0.545673076923077 0.4399038461538462 0.02403846153846154 0.02403846153846154
0 0.6225961538461539 0.2932692307692308 0.02403846153846154 0.02403846153846154
0 0.6057692307692308 0.12259615384615385 0.02403846153846154 0.02403846153846154
0 0.75 0.1778846153846154 0.02403846153846154 0.02403846153846154
0 0.8413461538461539 0.2668269230769231 0.02403846153846154 0.02403846153846154
0 0.8076923076923077 0.22355769230769232 0.02403846153846154 0.02403846153846154
0 0.8052884615384616 0.34375 0.02403846153846154 0.02403846153846154
0 0.875 0.4278846153846154 0.02403846153846154 0.02403846153846154
0 0.7067307692307693 0.3004807692307693 0.02403846153846154 0.02403846153846154
0 0.9567307692307693 0.21875 0.02403846153846154 0.02403846153846154
0 0.826923076923077 0.028846153846153848 0.02403846153846154 0.02403846153846154
0 0.889423076923077 0.05288461538461539 0.02403846153846154 0.02403846153846154
0 0.9375 0.951923076923077 0.02403846153846154 0.02403846153846154
0 0.7620192307692308 0.9182692307692308 0.02403846153846154 0.02403846153846154
0 0.8149038461538461 0.9086538461538463 0.02403846153846154 0.02403846153846154
0 0.8822115384615385 0.7860576923076924 0.02403846153846154 0.02403846153846154
0 0.6802884615384616 0.7860576923076924 0.02403846153846154 0.02403846153846154
0 0.4807692307692308 0.8557692307692308 0.02403846153846154 0.02403846153846154
0 0.41105769230769235 0.8461538461538463 0.02403846153846154 0.02403846153846154
