0 0.0889423076923077 0.8557692307692308 0.02403846153846154 0.02403846153846154
0 0.7860576923076924 0.8413461538461539 0.02403846153846154 0.02403846153846154
0 0.5625 0.6850961538461539 0.02403846153846154 0.02403846153846154
0 0.4399038461538462 0.625 0.02403846153846154 0.02403846153846154
0 0.15865384615384617 0.5841346153846154 0.02403846153846154 0.02403846153846154
0 0.3701923076923077 0.49278846153846156 0.02403846153846154 0.02403846153846154
0 0.07451923076923077 0.4447115384615385 0.02403846153846154 0.02403846153846154
0 0.5480769230769231 0.4326923076923077 0.02403846153846154 0.02403846153846154
0 0.24278846153846156 0.4014423076923077 0.02403846153846154 0.02403846153846154
0 0.96875 0.3774038461538462 0.02403846153846154 0.02403846153846154
0 0.0889423076923077 0.31490384615384615 0.02403846153846154 0.02403846153846154
0 0.12740384615384617 0.3125 0.02403846153846154 0.02403846153846154
0 0.7163461538461539 0.125 0.02403846153846154 0.02403846153846154
0 0.5576923076923077 0.125 0.02403846153846154 0.02403846153846154
0 0.16105769230769232 0.06971153846153846 0.02403846153846154 0.02403846153846154
0 0.4711538461538462 0.05288461538461539 0.02403846153846154 0.02403846153846154
0 0.3125 0.040865384615384616 0.02403846153846154 0.02403846153846154
0 0.24759615384615385 0.038461538461538464 0.02403846153846154 0.02403846153846154
0 0.6298076923076923 0.03125 0.02403846153846154 0.02403846153846154
0 0.9711538461538463 0.04567307692307693 0.02403846153846154 0.02403846153846154
0 0.8004807692307693 0.5120192307692308 0.02403846153846154 0.02403846153846154
0 0.5504807692307693 0.6514423076923077 0.02403846153846154 0.02403846153846154
0 0.2764423076923077 0.7091346153846154 0.02403846153846154 0.02403846153846154
0 0.026442307692307696 0.7403846153846154 0.02403846153846154 0.02403846153846154
0 0.09375 0.6057692307692308 0.02403846153846154 0.02403846153846154
0 0.5793269230769231 0.7668269230769231 0.02403846153846154 0.02403846153846154
0 0.1201923076923077 0.1201923076923077 0.02403846153846154 0.02403846153846154
0 0.43028846153846156 0.02403846153846154 0.02403846153846154 0.02403846153846154
0 0.8413461538461539 0.05048076923076923 0.02403846153846154 0.02403846153846154
0 0.764423076923077 0.09855769230769232 0.02403846153846154 0.02403846153846154
0 0.9639423076923077 0.33653846153846156 0.02403846153846154 0.02403846153846154
0 0.9447115384615385 0.48557692307692313 0.02403846153846154 0.02403846153846154
0 0.9182692307692308 0.8725961538461539 0.02403846153846154 0.02403846153846154
