0 0.8317307692307693 0.96875 0.02403846153846154 0.02403846153846154
0 0.9543269230769231 0.826923076923077 0.02403846153846154 0.02403846153846154
0 0.8966346153846154 0.7764423076923077 0.02403846153846154 0.02403846153846154
0 0.23798076923076925 0.7668269230769231 0.02403846153846154 0.02403846153846154
0 0.13701923076923078 0.7403846153846154 0.02403846153846154 0.02403846153846154
0 0.6514423076923077 0.71875 0.02403846153846154 0.02403846153846154
0 0.34134615384615385 0.6514423076923077 0.02403846153846154 0.02403846153846154
0 0.13942307692307693 0.6129807692307693 0.02403846153846154 0.02403846153846154
0 0.9591346153846154 0.5985576923076923 0.02403846153846154 0.02403846153846154
0 0.6995192307692308 0.5576923076923077 0.02403846153846154 0.02403846153846154
0 0.9134615384615385 0.5504807692307693 0.02403846153846154 0.02403846153846154
0 0.733173076923077 0.5168269230769231 0.02403846153846154 0.02403846153846154
0 0.6466346153846154 0.4951923076923077 0.02403846153846154 0.02403846153846154
0 0.40384615384615385 0.3245192307692308 0.02403846153846154 0.02403846153846154
0 0.06971153846153846 0.3028846153846154 0.02403846153846154 0.02403846153846154
0 0.701923076923077 0.24278846153846156 0.02403846153846154 0.02403846153846154
0 0.8918269230769231 0.16826923076923078 0.02403846153846154 0.02403846153846154
0 0.8341346153846154 0.16105769230769232 0.02403846153846154 0.02403846153846154
0 0.8701923076923077 0.1201923076923077 0.02403846153846154 0.02403846153846154
0 0.34375 0.11057692307692309 0.02403846153846154 0.02403846153846154
0 0.7788461538461539 0.09134615384615385 0.02403846153846154 0.02403846153846154
0 0.19951923076923078 0.09134615384615385 0.02403846153846154 0.02403846153846154
0 0.920673076923077 0.07211538461538462 0.02403846153846154 0.02403846153846154
0 0.22355769230769232 0.06490384615384616 0.02403846153846154 0.02403846153846154
0 0.05528846153846154 0.040865384615384616 0.02403846153846154 0.02403846153846154
0 0.9591346153846154 0.9254807692307693 0.02403846153846154 0.02403846153846154
0 0.1826923076923077 0.9495192307692308 0.02403846153846154 0.02403846153846154
0 0.057692307692307696 0.9230769230769231 0.02403846153846154 0.02403846153846154
0 0.38461538461538464 0.826923076923077 0.02403846153846154 0.02403846153846154
0 0.8389423076923077 0.8774038461538463 0.02403846153846154 0.02403846153846154
0 0.7716346153846154 0.7139423076923077 0.02403846153846154 0.02403846153846154
0 0.5913461538461539 0.6899038461538461 0.02403846153846154 0.02403846153846154
0 0.9302884615384616 0.7139423076923077 0.02403846153846154 0.02403846153846154
0 0.858173076923077 0.6346153846153847 0.02403846153846154 0.02403846153846154
0 0.875 0.5673076923076923 0.02403846153846154 0.02403846153846154
0 0.9158653846153847 0.5048076923076923 0.02403846153846154 0.02403846153846154
0 0.0889423076923077 0.18990384615384617 0.02403846153846154 0.02403846153846154
0 0.1826923076923077 0.16346153846153846 0.02403846153846154 0.02403846153846154
0 0.1466346153846154 0.06009615384615385 0.02403846153846154 0.02403846153846154
0 0.8341346153846154 0.11538461538461539 0.02403846153846154 0.02403846153846154
0 0.7355769230769231 0.22836538461538464 0.02403846153846154 0.02403846153846154
0 0.6586538461538461 0.34615384615384615 0.02403846153846154 0.02403846153846154
0 0.6033653846153847 0.5120192307692308 0.02403846153846154 0.02403846153846154
0 0.4278846153846154 0.47836538461538464 0.02403846153846154 0.02403846153846154
0 0.4807692307692308 0.46875 0.02403846153846154 0.02403846153846154
0 0.5480769230769231 0.34615384615384615 0.02403846153846154 0.02403846153846154
0 0.34615384615384615 0.34615384615384615 0.02403846153846154 0.02403846153846154
0 0.1466346153846154 0.41586538461538464 0.02403846153846154 0.02403846153846154
0 0.07692307692307693 0.40625 0.02403846153846154 0.02403846153846154
0 0.057692307692307696 0.5721153846153847 0.02403846153846154 0.02403846153846154
0 0.1875 0.5673076923076923 0.02403846153846154 0.02403846153846154
0 0.021634615384615384 0.5985576923076923 0.02403846153846154 0.02403846153846154
