0 0.6442307692307693 0.9567307692307693 0.02403846153846154 0.02403846153846154
0 0.23317307692307693 0.8701923076923077 0.02403846153846154 0.02403846153846154
0 0.8557692307692308 0.8653846153846154 0.02403846153846154 0.02403846153846154
0 0.5600961538461539 0.8173076923076924 0.02403846153846154 0.02403846153846154
0 0.7283653846153847 0.7740384615384616 0.02403846153846154 0.02403846153846154
0 0.5745192307692308 0.6875 0.02403846153846154 0.02403846153846154
0 0.6129807692307693 0.6850961538461539 0.02403846153846154 0.02403846153846154
0 0.27884615384615385 0.6490384615384616 0.02403846153846154 0.02403846153846154
0 0.25480769230769235 0.5697115384615385 0.02403846153846154 0.02403846153846154
0 0.47836538461538464 0.5360576923076923 0.02403846153846154 0.02403846153846154
0 0.6466346153846154 0.44230769230769235 0.02403846153846154 0.02403846153846154
0 0.9567307692307693 0.4254807692307693 0.02403846153846154 0.02403846153846154
0 0.7980769230769231 0.4134615384615385 0.02403846153846154 0.02403846153846154
0 0.733173076923077 0.41105769230769235 0.02403846153846154 0.02403846153846154
0 0.6009615384615385 0.3942307692307693 0.02403846153846154 0.02403846153846154
0 0.7115384615384616 0.3870192307692308 0.02403846153846154 0.02403846153846154
0 0.78125 0.375 0.02403846153846154 0.02403846153846154
0 0.9423076923076924 0.34855769230769235 0.02403846153846154 0.02403846153846154
0 0.5432692307692308 0.34375 0.02403846153846154 0.02403846153846154
0 0.826923076923077 0.2956730769230769 0.02403846153846154 0.02403846153846154
0 0.2980769230769231 0.28605769230769235 0.02403846153846154 0.02403846153846154
0 0.6057692307692308 0.16586538461538464 0.02403846153846154 0.02403846153846154
0 0.8701923076923077 0.16346153846153846 0.02403846153846154 0.02403846153846154
0 0.34615384615384615 0.125 0.02403846153846154 0.02403846153846154
0 0.5600961538461539 0.11778846153846155 0.02403846153846154 0.02403846153846154
0 0.37980769230769235 0.08413461538461539 0.02403846153846154 0.02403846153846154
0 0.2932692307692308 0.0625 0.02403846153846154 0.02403846153846154
0 0.951923076923077 0.05288461538461539 0.02403846153846154 0.02403846153846154
0 0.4399038461538462 0.9158653846153847 0.02403846153846154 0.02403846153846154
0 0.39903846153846156 0.8221153846153847 0.02403846153846154 0.02403846153846154
0 0.2956730769230769 0.670673076923077 0.02403846153846154 0.02403846153846154
0 0.4591346153846154 0.6634615384615385 0.02403846153846154 0.02403846153846154
0 0.6057692307692308 0.49278846153846156 0.02403846153846154 0.02403846153846154
0 0.9158653846153847 0.3966346153846154 0.02403846153846154 0.02403846153846154
0 0.9182692307692308 0.3653846153846154 0.02403846153846154 0.02403846153846154
0 0.9711538461538463 0.2956730769230769 0.02403846153846154 0.02403846153846154
0 0.20192307692307693 0.9543269230769231 0.02403846153846154 0.02403846153846154
0 0.03125 0.3942307692307693 0.02403846153846154 0.02403846153846154
0 0.15384615384615385 0.5625 0.02403846153846154 0.02403846153846154
0 0.48557692307692313 0.4447115384615385 0.02403846153846154 0.02403846153846154
0 0.4182692307692308 0.28125 0.02403846153846154 0.02403846153846154
0 0.23798076923076925 0.2572115384615385 0.02403846153846154 0.02403846153846154
0 0.576923076923077 0.28125 0.02403846153846154 0.02403846153846154
0 0.5048076923076923 0.20192307692307693 0.02403846153846154 0.02403846153846154
0 0.5216346153846154 0.13461538461538464 0.02403846153846154 0.02403846153846154
0 0.5625 0.07211538461538462 0.02403846153846154 0.02403846153846154
0 0.6490384615384616 0.18028846153846154 0.02403846153846154 0.02403846153846154
0 0.6298076923076923 0.2139423076923077 0.02403846153846154 0.02403846153846154
0 0.7620192307692308 0.22115384615384617 0.02403846153846154 0.02403846153846154
0 0.8076923076923077 0.21153846153846156 0.02403846153846154 0.02403846153846154
0 0.9423076923076924 0.1201923076923077 0.02403846153846154 0.02403846153846154
0 0.25 0.07932692307692309 0.02403846153846154 0.02403846153846154
0 0.07451923076923077 0.04567307692307693 0.02403846153846154 0.02403846153846154
0 0.12740384615384617 0.03605769230769231 0.02403846153846154 0.02403846153846154
