0 0.08413461538461539 0.9471153846153847 0.02403846153846154 0.02403846153846154
0 0.9639423076923077 0.858173076923077 0.02403846153846154 0.02403846153846154
0 0.17067307692307693 0.84375 0.02403846153846154 0.02403846153846154
0 0.07211538461538462 0.8245192307692308 0.02403846153846154 0.02403846153846154
0 0.5168269230769231 0.795673076923077 0.02403846153846154 0.02403846153846154
0 0.6658653846153847 0.7932692307692308 0.02403846153846154 0.02403846153846154
0 0.43509615384615385 0.7379807692307693 0.02403846153846154 0.02403846153846154
0 0.17067307692307693 0.7259615384615385 0.02403846153846154 0.02403846153846154
0 0.6802884615384616 0.6322115384615385 0.02403846153846154 0.02403846153846154
0 0.13942307692307693 0.6322115384615385 0.02403846153846154 0.02403846153846154
0 0.19471153846153846 0.6274038461538461 0.02403846153846154 0.02403846153846154
0 0.4879807692307693 0.6225961538461539 0.02403846153846154 0.02403846153846154
0 0.6153846153846154 0.608173076923077 0.02403846153846154 0.02403846153846154
0 0.6754807692307693 0.6033653846153847 0.02403846153846154 0.02403846153846154
0 0.6105769230769231 0.5865384615384616 0.02403846153846154 0.02403846153846154
0 0.6826923076923077 0.5793269230769231 0.02403846153846154 0.02403846153846154
0 0.49278846153846156 0.5793269230769231 0.02403846153846154 0.02403846153846154
0 0.6298076923076923 0.5432692307692308 0.02403846153846154 0.02403846153846154
0 0.18028846153846154 0.5432692307692308 0.02403846153846154 0.02403846153846154
0 0.7259615384615385 0.5216346153846154 0.02403846153846154 0.02403846153846154
0 0.05288461538461539 0.5216346153846154 0.02403846153846154 0.02403846153846154
0 0.701923076923077 0.48557692307692313 0.02403846153846154 0.02403846153846154
0 0.951923076923077 0.4759615384615385 0.02403846153846154 0.02403846153846154
0 0.27884615384615385 0.4495192307692308 0.02403846153846154 0.02403846153846154
0 0.5264423076923077 0.43028846153846156 0.02403846153846154 0.02403846153846154
0 0.22836538461538464 0.43028846153846156 0.02403846153846154 0.02403846153846154
0 0.4375 0.4206730769230769 0.02403846153846154 0.02403846153846154
0 0.06730769230769232 0.4134615384615385 0.02403846153846154 0.02403846153846154
0 0.6370192307692308 0.40625 0.02403846153846154 0.02403846153846154
0 0.125 0.4014423076923077 0.02403846153846154 0.02403846153846154
0 0.9326923076923077 0.3894230769230769 0.02403846153846154 0.02403846153846154
0 0.33653846153846156 0.37259615384615385 0.02403846153846154 0.02403846153846154
0 0.7716346153846154 0.3557692307692308 0.02403846153846154 0.02403846153846154
0 0.3605769230769231 0.34615384615384615 0.02403846153846154 0.02403846153846154
0 0.6225961538461539 0.34375 0.02403846153846154 0.02403846153846154
0 0.625 0.3269230769230769 0.02403846153846154 0.02403846153846154
0 0.19711538461538464 0.3269230769230769 0.02403846153846154 0.02403846153846154
0 0.7572115384615385 0.3245192307692308 0.02403846153846154 0.02403846153846154
0 0.46153846153846156 0.3076923076923077 0.02403846153846154 0.02403846153846154
0 0.7524038461538461 0.2764423076923077 0.02403846153846154 0.02403846153846154
0 0.4399038461538462 0.2620192307692308 0.02403846153846154 0.02403846153846154
0 0.2716346153846154 0.2620192307692308 0.02403846153846154 0.02403846153846154
0 0.21634615384615385 0.25961538461538464 0.02403846153846154 0.02403846153846154
0 0.22115384615384617 0.2355769230769231 0.02403846153846154 0.02403846153846154
0 0.7451923076923077 0.23317307692307693 0.02403846153846154 0.02403846153846154
0 0.4375 0.23076923076923078 0.02403846153846154 0.02403846153846154
0 0.3076923076923077 0.2355769230769231 0.02403846153846154 0.02403846153846154
0 0.6826923076923077 0.22115384615384617 0.02403846153846154 0.02403846153846154
0 0.2764423076923077 0.19471153846153846 0.02403846153846154 0.02403846153846154
0 0.4326923076923077 0.16826923076923078 0.02403846153846154 0.02403846153846154
0 0.5865384615384616 0.16586538461538464 0.02403846153846154 0.02403846153846154
0 0.038461538461538464 0.15384615384615385 0.02403846153846154 0.02403846153846154
0 0.13461538461538464 0.12259615384615385 0.02403846153846154 0.02403846153846154
0 0.9134615384615385 0.11298076923076923 0.02403846153846154 0.02403846153846154
0 0.06971153846153846 0.11538461538461539 0.02403846153846154 0.02403846153846154
0 0.3822115384615385 0.09615384615384616 0.02403846153846154 0.02403846153846154
0 0.5625 0.06490384615384616 0.02403846153846154 0.02403846153846154
0 0.2091346153846154 0.06009615384615385 0.02403846153846154 0.02403846153846154
0 0.2980769230769231 0.040865384615384616 0.02403846153846154 0.02403846153846154
0 0.7403846153846154 0.040865384615384616 0.02403846153846154 0.02403846153846154
0 0.7980769230769231 0.05528846153846154 0.02403846153846154 0.02403846153846154
0 0.858173076923077 0.0889423076923077 0.02403846153846154 0.02403846153846154
0 0.9375 0.29086538461538464 0.02403846153846154 0.02403846153846154
0 0.8942307692307693 0.3125 0.02403846153846154 0.02403846153846154
0 0.8605769230769231 0.2668269230769231 0.02403846153846154 0.02403846153846154
0 0.8509615384615385 0.2403846153846154 0.02403846153846154 0.02403846153846154
0 0.8028846153846154 0.2451923076923077 0.02403846153846154 0.02403846153846154
0 0.7788461538461539 0.2932692307692308 0.02403846153846154 0.02403846153846154
0 0.8004807692307693 0.3125 0.02403846153846154 0.02403846153846154
0 0.7235576923076924 0.30528846153846156 0.02403846153846154 0.02403846153846154
0 0.6875 0.3028846153846154 0.02403846153846154 0.02403846153846154
0 0.7115384615384616 0.25480769230769235 0.02403846153846154 0.02403846153846154
0 0.7091346153846154 0.19951923076923078 0.02403846153846154 0.02403846153846154
0 0.6490384615384616 0.21634615384615385 0.02403846153846154 0.02403846153846154
0 0.625 0.19711538461538464 0.02403846153846154 0.02403846153846154
0 0.5865384615384616 0.3125 0.02403846153846154 0.02403846153846154
0 0.5384615384615385 0.3389423076923077 0.02403846153846154 0.02403846153846154
0 0.4903846153846154 0.33653846153846156 0.02403846153846154 0.02403846153846154
0 0.5480769230769231 0.19230769230769232 0.02403846153846154 0.02403846153846154
0 0.5264423076923077 0.11057692307692309 0.02403846153846154 0.02403846153846154
0 0.4831730769230769 0.11298076923076923 0.02403846153846154 0.02403846153846154
0 0.4375 0.11057692307692309 0.02403846153846154 0.02403846153846154
0 0.43028846153846156 0.09375 0.02403846153846154 0.02403846153846154
0 0.36778846153846156 0.05528846153846154 0.02403846153846154 0.02403846153846154
0 0.3245192307692308 0.14182692307692307 0.02403846153846154 0.02403846153846154
0 0.29086538461538464 0.06490384615384616 0.02403846153846154 0.02403846153846154
0 0.20673076923076925 0.03365384615384616 0.02403846153846154 0.02403846153846154
0 0.16346153846153846 0.09615384615384616 0.02403846153846154 0.02403846153846154
0 0.09134615384615385 0.1201923076923077 0.02403846153846154 0.02403846153846154
0 0.038461538461538464 0.11298076923076923 0.02403846153846154 0.02403846153846154
0 0.04326923076923077 0.36778846153846156 0.02403846153846154 0.02403846153846154
0 0.03605769230769231 0.2403846153846154 0.02403846153846154 0.02403846153846154
0 0.6971153846153847 0.4519230769230769 0.02403846153846154 0.02403846153846154
0 0.764423076923077 0.4807692307692308 0.02403846153846154 0.02403846153846154
0 0.7596153846153847 0.5504807692307693 0.02403846153846154 0.02403846153846154
0 0.7403846153846154 0.6033653846153847 0.02403846153846154 0.02403846153846154
0 0.7139423076923077 0.6923076923076923 0.02403846153846154 0.02403846153846154
0 0.701923076923077 0.7427884615384616 0.02403846153846154 0.02403846153846154
0 0.6442307692307693 0.5961538461538461 0.02403846153846154 0.02403846153846154
0 0.5504807692307693 0.59375 0.02403846153846154 0.02403846153846154
0 0.8149038461538461 0.7259615384615385 0.02403846153846154 0.02403846153846154
0 0.90625 0.6754807692307693 0.02403846153846154 0.02403846153846154
0 0.96875 0.6105769230769231 0.02403846153846154 0.02403846153846154
0 0.3076923076923077 0.6225961538461539 0.02403846153846154 0.02403846153846154
0 0.4495192307692308 0.4879807692307693 0.02403846153846154 0.02403846153846154
0 0.16105769230769232 0.2091346153846154 0.02403846153846154 0.02403846153846154
0 0.24759615384615385 0.13461538461538464 0.02403846153846154 0.02403846153846154
0 0.24278846153846156 0.71875 0.02403846153846154 0.02403846153846154
0 0.5504807692307693 0.8028846153846154 0.02403846153846154 0.02403846153846154
0 0.5096153846153847 0.8149038461538461 0.02403846153846154 0.02403846153846154
0 0.7692307692307693 0.858173076923077 0.02403846153846154 0.02403846153846154
0 0.858173076923077 0.84375 0.02403846153846154 0.02403846153846154
0 0.18028846153846154 0.9158653846153847 0.02403846153846154 0.02403846153846154
0 0.2668269230769231 0.84375 0.02403846153846154 0.02403846153846154
0 0.27403846153846156 0.28365384615384615 0.02403846153846154 0.02403846153846154
0 0.5625 0.4951923076923077 0.02403846153846154 0.02403846153846154
0 0.5408653846153847 0.8822115384615385 0.02403846153846154 0.02403846153846154
