0 0.125 0.9326923076923077 0.02403846153846154 0.02403846153846154
0 0.7764423076923077 0.6009615384615385 0.02403846153846154 0.02403846153846154
0 0.625 0.4711538461538462 0.02403846153846154 0.02403846153846154
0 0.7620192307692308 0.45432692307692313 0.02403846153846154 0.02403846153846154
0 0.47355769230769235 0.4014423076923077 0.02403846153846154 0.02403846153846154
0 0.4831730769230769 0.37980769230769235 0.02403846153846154 0.02403846153846154
0 0.4519230769230769 0.3701923076923077 0.02403846153846154 0.02403846153846154
0 0.5625 0.3004807692307693 0.02403846153846154 0.02403846153846154
0 0.9447115384615385 0.2956730769230769 0.02403846153846154 0.02403846153846154
0 0.7884615384615385 0.2884615384615385 0.02403846153846154 0.02403846153846154
0 0.08413461538461539 0.23317307692307693 0.02403846153846154 0.02403846153846154
0 0.2139423076923077 0.20673076923076925 0.02403846153846154 0.02403846153846154
0 0.25 0.19471153846153846 0.02403846153846154 0.02403846153846154
0 0.31009615384615385 0.18990384615384617 0.02403846153846154 0.02403846153846154
0 0.2980769230769231 0.15625 0.02403846153846154 0.02403846153846154
0 0.24759615384615385 0.14903846153846154 0.02403846153846154 0.02403846153846154
0 0.4711538461538462 0.13942307692307693 0.02403846153846154 0.02403846153846154
0 0.13701923076923078 0.07932692307692309 0.02403846153846154 0.02403846153846154
0 0.6730769230769231 0.0625 0.02403846153846154 0.02403846153846154
0 0.8990384615384616 0.03125 0.02403846153846154 0.02403846153846154
0 0.11298076923076923 0.028846153846153848 0.02403846153846154 0.02403846153846154
0 0.34375 0.0625 0.02403846153846154 0.02403846153846154
0 0.5576923076923077 0.04807692307692308 0.02403846153846154 0.02403846153846154
0 0.48557692307692313 0.21634615384615385 0.02403846153846154 0.02403846153846154
0 0.3629807692307693 0.3341346153846154 0.02403846153846154 0.02403846153846154
0 0.45432692307692313 0.29086538461538464 0.02403846153846154 0.02403846153846154
0 0.43028846153846156 0.3004807692307693 0.02403846153846154 0.02403846153846154
0 0.5264423076923077 0.24759615384615385 0.02403846153846154 0.02403846153846154
0 0.3245192307692308 0.17307692307692307 0.02403846153846154 0.02403846153846154
0 0.8076923076923077 0.057692307692307696 0.02403846153846154 0.02403846153846154
0 0.7043269230769231 0.2932692307692308 0.02403846153846154 0.02403846153846154
0 0.8052884615384616 0.23076923076923078 0.02403846153846154 0.02403846153846154
0 0.5552884615384616 0.11057692307692309 0.02403846153846154 0.02403846153846154
0 0.6586538461538461 0.545673076923077 0.02403846153846154 0.02403846153846154
0 0.9110576923076924 0.40625 0.02403846153846154 0.02403846153846154
0 0.8245192307692308 0.4519230769230769 0.02403846153846154 0.02403846153846154
0 0.8100961538461539 0.4903846153846154 0.02403846153846154 0.02403846153846154
0 0.8605769230769231 0.47355769230769235 0.02403846153846154 0.02403846153846154
0 0.858173076923077 0.6514423076923077 0.02403846153846154 0.02403846153846154
0 0.7067307692307693 0.5985576923076923 0.02403846153846154 0.02403846153846154
0 0.3317307692307693 0.7139423076923077 0.02403846153846154 0.02403846153846154
0 0.20192307692307693 0.38461538461538464 0.02403846153846154 0.02403846153846154
0 0.43028846153846156 0.5745192307692308 0.02403846153846154 0.02403846153846154
