0 0.6899038461538461 0.9711538461538463 0.02403846153846154 0.02403846153846154
0 0.1778846153846154 0.9254807692307693 0.02403846153846154 0.02403846153846154
0 0.3557692307692308 0.9110576923076924 0.02403846153846154 0.02403846153846154
0 0.8918269230769231 0.8942307692307693 0.02403846153846154 0.02403846153846154
0 0.3317307692307693 0.8605769230769231 0.02403846153846154 0.02403846153846154
0 0.49759615384615385 0.8509615384615385 0.02403846153846154 0.02403846153846154
0 0.625 0.8365384615384616 0.02403846153846154 0.02403846153846154
0 0.4879807692307693 0.8293269230769231 0.02403846153846154 0.02403846153846154
0 0.375 0.7788461538461539 0.02403846153846154 0.02403846153846154
0 0.6370192307692308 0.7716346153846154 0.02403846153846154 0.02403846153846154
0 0.32211538461538464 0.7692307692307693 0.02403846153846154 0.02403846153846154
0 0.96875 0.7620192307692308 0.02403846153846154 0.02403846153846154
0 0.7307692307692308 0.733173076923077 0.02403846153846154 0.02403846153846154
0 0.09375 0.7115384615384616 0.02403846153846154 0.02403846153846154
0 0.34615384615384615 0.6971153846153847 0.02403846153846154 0.02403846153846154
0 0.4807692307692308 0.6850961538461539 0.02403846153846154 0.02403846153846154
0 0.6610576923076923 0.65625 0.02403846153846154 0.02403846153846154
0 0.8173076923076924 0.6298076923076923 0.02403846153846154 0.02403846153846154
0 0.4903846153846154 0.6274038461538461 0.02403846153846154 0.02403846153846154
0 0.71875 0.6105769230769231 0.02403846153846154 0.02403846153846154
0 0.42307692307692313 0.5913461538461539 0.02403846153846154 0.02403846153846154
0 0.20673076923076925 0.5504807692307693 0.02403846153846154 0.02403846153846154
0 0.6225961538461539 0.5432692307692308 0.02403846153846154 0.02403846153846154
0 0.07211538461538462 0.53125 0.02403846153846154 0.02403846153846154
0 0.8173076923076924 0.5120192307692308 0.02403846153846154 0.02403846153846154
0 0.4447115384615385 0.5048076923076923 0.02403846153846154 0.02403846153846154
0 0.10096153846153846 0.4903846153846154 0.02403846153846154 0.02403846153846154
0 0.5745192307692308 0.47836538461538464 0.02403846153846154 0.02403846153846154
0 0.6682692307692308 0.4639423076923077 0.02403846153846154 0.02403846153846154
0 0.39903846153846156 0.4639423076923077 0.02403846153846154 0.02403846153846154
0 0.15865384615384617 0.45432692307692313 0.02403846153846154 0.02403846153846154
0 0.7860576923076924 0.4182692307692308 0.02403846153846154 0.02403846153846154
0 0.8413461538461539 0.4134615384615385 0.02403846153846154 0.02403846153846154
0 0.0889423076923077 0.4134615384615385 0.02403846153846154 0.02403846153846154
0 0.16586538461538464 0.40384615384615385 0.02403846153846154 0.02403846153846154
0 0.32211538461538464 0.3870192307692308 0.02403846153846154 0.02403846153846154
0 0.2692307692307693 0.38461538461538464 0.02403846153846154 0.02403846153846154
0 0.0889423076923077 0.3774038461538462 0.02403846153846154 0.02403846153846154
0 0.35336538461538464 0.35336538461538464 0.02403846153846154 0.02403846153846154
0 0.59375 0.33653846153846156 0.02403846153846154 0.02403846153846154
0 0.826923076923077 0.3293269230769231 0.02403846153846154 0.02403846153846154
0 0.6995192307692308 0.3076923076923077 0.02403846153846154 0.02403846153846154
0 0.5721153846153847 0.28365384615384615 0.02403846153846154 0.02403846153846154
0 0.5240384615384616 0.2764423076923077 0.02403846153846154 0.02403846153846154
0 0.9254807692307693 0.2355769230769231 0.02403846153846154 0.02403846153846154
0 0.875 0.21634615384615385 0.02403846153846154 0.02403846153846154
0 0.7139423076923077 0.19951923076923078 0.02403846153846154 0.02403846153846154
0 0.13221153846153846 0.19711538461538464 0.02403846153846154 0.02403846153846154
0 0.7716346153846154 0.1875 0.02403846153846154 0.02403846153846154
0 0.5793269230769231 0.13701923076923078 0.02403846153846154 0.02403846153846154
0 0.3629807692307693 0.13461538461538464 0.02403846153846154 0.02403846153846154
0 0.375 0.12259615384615385 0.02403846153846154 0.02403846153846154
0 0.2091346153846154 0.12259615384615385 0.02403846153846154 0.02403846153846154
0 0.84375 0.11298076923076923 0.02403846153846154 0.02403846153846154
0 0.13461538461538464 0.08173076923076923 0.02403846153846154 0.02403846153846154
0 0.9182692307692308 0.04807692307692308 0.02403846153846154 0.02403846153846154
0 0.6682692307692308 0.04807692307692308 0.02403846153846154 0.02403846153846154
0 0.608173076923077 0.04807692307692308 0.02403846153846154 0.02403846153846154
0 0.8629807692307693 0.04567307692307693 0.02403846153846154 0.02403846153846154
0 0.6177884615384616 0.040865384615384616 0.02403846153846154 0.02403846153846154
0 0.65625 0.14182692307692307 0.02403846153846154 0.02403846153846154
0 0.6899038461538461 0.15384615384615385 0.02403846153846154 0.02403846153846154
0 0.6826923076923077 0.026442307692307696 0.02403846153846154 0.02403846153846154
0 0.4903846153846154 0.13221153846153846 0.02403846153846154 0.02403846153846154
0 0.9543269230769231 0.4086538461538462 0.02403846153846154 0.02403846153846154
0 0.40625 0.07692307692307693 0.02403846153846154 0.02403846153846154
0 0.3509615384615385 0.08653846153846154 0.02403846153846154 0.02403846153846154
0 0.4014423076923077 0.12740384615384617 0.02403846153846154 0.02403846153846154
0 0.17067307692307693 0.08653846153846154 0.02403846153846154 0.02403846153846154
0 0.14182692307692307 0.16346153846153846 0.02403846153846154 0.02403846153846154
0 0.03125 0.23317307692307693 0.02403846153846154 0.02403846153846154
0 0.25480769230769235 0.25 0.02403846153846154 0.02403846153846154
0 0.889423076923077 0.5048076923076923 0.02403846153846154 0.02403846153846154
0 0.826923076923077 0.701923076923077 0.02403846153846154 0.02403846153846154
0 0.5096153846153847 0.5072115384615384 0.02403846153846154 0.02403846153846154
0 0.3557692307692308 0.5600961538461539 0.02403846153846154 0.02403846153846154
0 0.35336538461538464 0.5240384615384616 0.02403846153846154 0.02403846153846154
0 0.2956730769230769 0.5216346153846154 0.02403846153846154 0.02403846153846154
0 0.28605769230769235 0.45432692307692313 0.02403846153846154 0.02403846153846154
0 0.32211538461538464 0.3076923076923077 0.02403846153846154 0.02403846153846154
0 0.2403846153846154 0.38461538461538464 0.02403846153846154 0.02403846153846154
0 0.1778846153846154 0.40384615384615385 0.02403846153846154 0.02403846153846154
0 0.2139423076923077 0.5 0.02403846153846154 0.02403846153846154
0 0.16826923076923078 0.48557692307692313 0.02403846153846154 0.02403846153846154
0 0.14423076923076925 0.48557692307692313 0.02403846153846154 0.02403846153846154
0 0.23798076923076925 0.5745192307692308 0.02403846153846154 0.02403846153846154
0 0.2043269230769231 0.6009615384615385 0.02403846153846154 0.02403846153846154
0 0.17548076923076925 0.6298076923076923 0.02403846153846154 0.02403846153846154
0 0.4447115384615385 0.6418269230769231 0.02403846153846154 0.02403846153846154
0 0.5576923076923077 0.795673076923077 0.02403846153846154 0.02403846153846154
0 0.5625 0.8942307692307693 0.02403846153846154 0.02403846153846154
0 0.7668269230769231 0.8413461538461539 0.02403846153846154 0.02403846153846154
0 0.7764423076923077 0.8798076923076924 0.02403846153846154 0.02403846153846154
0 0.7740384615384616 0.9423076923076924 0.02403846153846154 0.02403846153846154
0 0.920673076923077 0.8509615384615385 0.02403846153846154 0.02403846153846154
0 0.9254807692307693 0.8245192307692308 0.02403846153846154 0.02403846153846154
0 0.11298076923076923 0.7572115384615385 0.02403846153846154 0.02403846153846154
0 0.03605769230769231 0.4206730769230769 0.02403846153846154 0.02403846153846154
0 0.18028846153846154 0.7740384615384616 0.02403846153846154 0.02403846153846154
0 0.9134615384615385 0.6298076923076923 0.02403846153846154 0.02403846153846154
0 0.23076923076923078 0.6754807692307693 0.02403846153846154 0.02403846153846154
0 0.14903846153846154 0.5865384615384616 0.02403846153846154 0.02403846153846154
0 0.920673076923077 0.06971153846153846 0.02403846153846154 0.02403846153846154
