0 0.8125 0.9447115384615385 0.02403846153846154 0.02403846153846154
0 0.6442307692307693 0.9399038461538463 0.02403846153846154 0.02403846153846154
0 0.8004807692307693 0.8605769230769231 0.02403846153846154 0.02403846153846154
0 0.9399038461538463 0.858173076923077 0.02403846153846154 0.02403846153846154
0 0.7716346153846154 0.8557692307692308 0.02403846153846154 0.02403846153846154
0 0.5600961538461539 0.84375 0.02403846153846154 0.02403846153846154
0 0.15384615384615385 0.8293269230769231 0.02403846153846154 0.02403846153846154
0 0.3629807692307693 0.8076923076923077 0.02403846153846154 0.02403846153846154
0 0.9278846153846154 0.7788461538461539 0.02403846153846154 0.02403846153846154
0 0.78125 0.7355769230769231 0.02403846153846154 0.02403846153846154
0 0.2692307692307693 0.7355769230769231 0.02403846153846154 0.02403846153846154
0 0.8653846153846154 0.6850961538461539 0.02403846153846154 0.02403846153846154
0 0.7572115384615385 0.6322115384615385 0.02403846153846154 0.02403846153846154
0 0.09615384615384616 0.625 0.02403846153846154 0.02403846153846154
0 0.9543269230769231 0.6105769230769231 0.02403846153846154 0.02403846153846154
0 0.7788461538461539 0.6033653846153847 0.02403846153846154 0.02403846153846154
0 0.5745192307692308 0.6009615384615385 0.02403846153846154 0.02403846153846154
0 0.5504807692307693 0.5745192307692308 0.02403846153846154 0.02403846153846154
0 0.49278846153846156 0.5697115384615385 0.02403846153846154 0.02403846153846154
0 0.576923076923077 0.5048076923076923 0.02403846153846154 0.02403846153846154
0 0.46634615384615385 0.5 0.02403846153846154 0.02403846153846154
0 0.5480769230769231 0.4447115384615385 0.02403846153846154 0.02403846153846154
0 0.9639423076923077 0.43028846153846156 0.02403846153846154 0.02403846153846154
0 0.8605769230769231 0.4086538461538462 0.02403846153846154 0.02403846153846154
0 0.78125 0.3653846153846154 0.02403846153846154 0.02403846153846154
0 0.5360576923076923 0.3653846153846154 0.02403846153846154 0.02403846153846154
0 0.1778846153846154 0.3557692307692308 0.02403846153846154 0.02403846153846154
0 0.65625 0.35336538461538464 0.02403846153846154 0.02403846153846154
0 0.71875 0.34615384615384615 0.02403846153846154 0.02403846153846154
0 0.37259615384615385 0.2956730769230769 0.02403846153846154 0.02403846153846154
0 0.6466346153846154 0.2668269230769231 0.02403846153846154 0.02403846153846154
0 0.9134615384615385 0.2644230769230769 0.02403846153846154 0.02403846153846154
0 0.701923076923077 0.2355769230769231 0.02403846153846154 0.02403846153846154
0 0.9158653846153847 0.23317307692307693 0.02403846153846154 0.02403846153846154
0 0.2956730769230769 0.23317307692307693 0.02403846153846154 0.02403846153846154
0 0.2403846153846154 0.22596153846153846 0.02403846153846154 0.02403846153846154
0 0.9182692307692308 0.21153846153846156 0.02403846153846154 0.02403846153846154
0 0.2644230769230769 0.20192307692307693 0.02403846153846154 0.02403846153846154
0 0.3557692307692308 0.19951923076923078 0.02403846153846154 0.02403846153846154
0 0.9302884615384616 0.19230769230769232 0.02403846153846154 0.02403846153846154
0 0.2355769230769231 0.18028846153846154 0.02403846153846154 0.02403846153846154
0 0.8125 0.17548076923076925 0.02403846153846154 0.02403846153846154
0 0.46634615384615385 0.15384615384615385 0.02403846153846154 0.02403846153846154
0 0.9182692307692308 0.14182692307692307 0.02403846153846154 0.02403846153846154
0 0.5841346153846154 0.14182692307692307 0.02403846153846154 0.02403846153846154
0 0.28605769230769235 0.12259615384615385 0.02403846153846154 0.02403846153846154
0 0.8533653846153847 0.11778846153846155 0.02403846153846154 0.02403846153846154
0 0.1875 0.10817307692307693 0.02403846153846154 0.02403846153846154
0 0.30528846153846156 0.10096153846153846 0.02403846153846154 0.02403846153846154
0 0.21875 0.09855769230769232 0.02403846153846154 0.02403846153846154
0 0.9423076923076924 0.07451923076923077 0.02403846153846154 0.02403846153846154
0 0.875 0.07451923076923077 0.02403846153846154 0.02403846153846154
0 0.9711538461538463 0.06971153846153846 0.02403846153846154 0.02403846153846154
0 0.7524038461538461 0.06730769230769232 0.02403846153846154 0.02403846153846154
0 0.2932692307692308 0.06730769230769232 0.02403846153846154 0.02403846153846154
0 0.8822115384615385 0.038461538461538464 0.02403846153846154 0.02403846153846154
0 0.5913461538461539 0.038461538461538464 0.02403846153846154 0.02403846153846154
0 0.4903846153846154 0.03605769230769231 0.02403846153846154 0.02403846153846154
0 0.4326923076923077 0.038461538461538464 0.02403846153846154 0.02403846153846154
0 0.07451923076923077 0.03605769230769231 0.02403846153846154 0.02403846153846154
0 0.5288461538461539 0.028846153846153848 0.02403846153846154 0.02403846153846154
0 0.6899038461538461 0.02403846153846154 0.02403846153846154 0.02403846153846154
0 0.038461538461538464 0.5384615384615385 0.02403846153846154 0.02403846153846154
0 0.125 0.4375 0.02403846153846154 0.02403846153846154
0 0.1201923076923077 0.3918269230769231 0.02403846153846154 0.02403846153846154
0 0.09855769230769232 0.2572115384615385 0.02403846153846154 0.02403846153846154
0 0.1778846153846154 0.2451923076923077 0.02403846153846154 0.02403846153846154
0 0.2043269230769231 0.27884615384615385 0.02403846153846154 0.02403846153846154
0 0.11538461538461539 0.03605769230769231 0.02403846153846154 0.02403846153846154
0 0.514423076923077 0.057692307692307696 0.02403846153846154 0.02403846153846154
0 0.5336538461538461 0.07932692307692309 0.02403846153846154 0.02403846153846154
0 0.3197115384615385 0.16586538461538464 0.02403846153846154 0.02403846153846154
0 0.47836538461538464 0.32211538461538464 0.02403846153846154 0.02403846153846154
0 0.4086538461538462 0.34134615384615385 0.02403846153846154 0.02403846153846154
0 0.4879807692307693 0.3918269230769231 0.02403846153846154 0.02403846153846154
0 0.4086538461538462 0.4951923076923077 0.02403846153846154 0.02403846153846154
0 0.5 0.5168269230769231 0.02403846153846154 0.02403846153846154
0 0.5625 0.47355769230769235 0.02403846153846154 0.02403846153846154
0 0.7403846153846154 0.40625 0.02403846153846154 0.02403846153846154
0 0.8389423076923077 0.3557692307692308 0.02403846153846154 0.02403846153846154
0 0.7572115384615385 0.35336538461538464 0.02403846153846154 0.02403846153846154
0 0.6730769230769231 0.25961538461538464 0.02403846153846154 0.02403846153846154
0 0.8774038461538463 0.4495192307692308 0.02403846153846154 0.02403846153846154
0 0.7668269230769231 0.48557692307692313 0.02403846153846154 0.02403846153846154
0 0.9038461538461539 0.6105769230769231 0.02403846153846154 0.02403846153846154
0 0.8317307692307693 0.7043269230769231 0.02403846153846154 0.02403846153846154
0 0.875 0.7115384615384616 0.02403846153846154 0.02403846153846154
0 0.9423076923076924 0.7307692307692308 0.02403846153846154 0.02403846153846154
0 0.9639423076923077 0.1778846153846154 0.02403846153846154 0.02403846153846154
0 0.9278846153846154 0.15625 0.02403846153846154 0.02403846153846154
0 0.7524038461538461 0.021634615384615384 0.02403846153846154 0.02403846153846154
0 0.9182692307692308 0.07211538461538462 0.02403846153846154 0.02403846153846154
0 0.9471153846153847 0.9399038461538463 0.02403846153846154 0.02403846153846154
0 0.8197115384615385 0.96875 0.02403846153846154 0.02403846153846154
0 0.6490384615384616 0.826923076923077 0.02403846153846154 0.02403846153846154
0 0.6057692307692308 0.8413461538461539 0.02403846153846154 0.02403846153846154
0 0.4711538461538462 0.8004807692307693 0.02403846153846154 0.02403846153846154
0 0.3942307692307693 0.8677884615384616 0.02403846153846154 0.02403846153846154
0 0.3629807692307693 0.8341346153846154 0.02403846153846154 0.02403846153846154
0 0.38461538461538464 0.7860576923076924 0.02403846153846154 0.02403846153846154
0 0.4254807692307693 0.7355769230769231 0.02403846153846154 0.02403846153846154
0 0.4447115384615385 0.7259615384615385 0.02403846153846154 0.02403846153846154
0 0.3870192307692308 0.6442307692307693 0.02403846153846154 0.02403846153846154
0 0.30528846153846156 0.5985576923076923 0.02403846153846154 0.02403846153846154
0 0.04326923076923077 0.9326923076923077 0.02403846153846154 0.02403846153846154
0 0.03605769230769231 0.8365384615384616 0.02403846153846154 0.02403846153846154
0 0.2451923076923077 0.858173076923077 0.02403846153846154 0.02403846153846154
0 0.17067307692307693 0.858173076923077 0.02403846153846154 0.02403846153846154
0 0.21875 0.8100961538461539 0.02403846153846154 0.02403846153846154
0 0.21153846153846156 0.6225961538461539 0.02403846153846154 0.02403846153846154
0 0.25 0.6322115384615385 0.02403846153846154 0.02403846153846154
0 0.20192307692307693 0.670673076923077 0.02403846153846154 0.02403846153846154
0 0.3557692307692308 0.625 0.02403846153846154 0.02403846153846154
