0 0.22115384615384617 0.9711538461538463 0.02403846153846154 0.02403846153846154
0 0.3774038461538462 0.9447115384615385 0.02403846153846154 0.02403846153846154
0 0.05048076923076923 0.9423076923076924 0.02403846153846154 0.02403846153846154
0 0.27884615384615385 0.9254807692307693 0.02403846153846154 0.02403846153846154
0 0.7235576923076924 0.8966346153846154 0.02403846153846154 0.02403846153846154
0 0.8725961538461539 0.8942307692307693 0.02403846153846154 0.02403846153846154
0 0.1826923076923077 0.858173076923077 0.02403846153846154 0.02403846153846154
0 0.6418269230769231 0.8389423076923077 0.02403846153846154 0.02403846153846154
0 0.3774038461538462 0.826923076923077 0.02403846153846154 0.02403846153846154
0 0.13461538461538464 0.7932692307692308 0.02403846153846154 0.02403846153846154
0 0.22836538461538464 0.7788461538461539 0.02403846153846154 0.02403846153846154
0 0.8870192307692308 0.733173076923077 0.02403846153846154 0.02403846153846154
0 0.34615384615384615 0.733173076923077 0.02403846153846154 0.02403846153846154
0 0.4014423076923077 0.7283653846153847 0.02403846153846154 0.02403846153846154
0 0.6947115384615385 0.7235576923076924 0.02403846153846154 0.02403846153846154
0 0.8221153846153847 0.7091346153846154 0.02403846153846154 0.02403846153846154
0 0.8822115384615385 0.7043269230769231 0.02403846153846154 0.02403846153846154
0 0.8173076923076924 0.6875 0.02403846153846154 0.02403846153846154
0 0.889423076923077 0.6802884615384616 0.02403846153846154 0.02403846153846154
0 0.6995192307692308 0.6802884615384616 0.02403846153846154 0.02403846153846154
0 0.15384615384615385 0.6514423076923077 0.02403846153846154 0.02403846153846154
0 0.8365384615384616 0.6442307692307693 0.02403846153846154 0.02403846153846154
0 0.3870192307692308 0.6442307692307693 0.02403846153846154 0.02403846153846154
0 0.9326923076923077 0.6225961538461539 0.02403846153846154 0.02403846153846154
0 0.25961538461538464 0.6225961538461539 0.02403846153846154 0.02403846153846154
0 0.13221153846153846 0.5985576923076923 0.02403846153846154 0.02403846153846154
0 0.08413461538461539 0.5913461538461539 0.02403846153846154 0.02403846153846154
0 0.9086538461538463 0.5865384615384616 0.02403846153846154 0.02403846153846154
0 0.48557692307692313 0.5504807692307693 0.02403846153846154 0.02403846153846154
0 0.733173076923077 0.53125 0.02403846153846154 0.02403846153846154
0 0.43509615384615385 0.53125 0.02403846153846154 0.02403846153846154
0 0.6442307692307693 0.5216346153846154 0.02403846153846154 0.02403846153846154
0 0.27403846153846156 0.514423076923077 0.02403846153846154 0.02403846153846154
0 0.84375 0.5072115384615384 0.02403846153846154 0.02403846153846154
0 0.3317307692307693 0.5024038461538461 0.02403846153846154 0.02403846153846154
0 0.5432692307692308 0.47355769230769235 0.02403846153846154 0.02403846153846154
0 0.13942307692307693 0.4519230769230769 0.02403846153846154 0.02403846153846154
0 0.5673076923076923 0.44711538461538464 0.02403846153846154 0.02403846153846154
0 0.8293269230769231 0.4447115384615385 0.02403846153846154 0.02403846153846154
0 0.8317307692307693 0.4278846153846154 0.02403846153846154 0.02403846153846154
0 0.40384615384615385 0.4278846153846154 0.02403846153846154 0.02403846153846154
0 0.9639423076923077 0.4254807692307693 0.02403846153846154 0.02403846153846154
0 0.6682692307692308 0.4086538461538462 0.02403846153846154 0.02403846153846154
0 0.9591346153846154 0.3774038461538462 0.02403846153846154 0.02403846153846154
0 0.6466346153846154 0.3629807692307693 0.02403846153846154 0.02403846153846154
0 0.47836538461538464 0.3629807692307693 0.02403846153846154 0.02403846153846154
0 0.22836538461538464 0.3629807692307693 0.02403846153846154 0.02403846153846154
0 0.16826923076923078 0.3629807692307693 0.02403846153846154 0.02403846153846154
0 0.42307692307692313 0.3605769230769231 0.02403846153846154 0.02403846153846154
0 0.4278846153846154 0.33653846153846156 0.02403846153846154 0.02403846153846154
0 0.951923076923077 0.3341346153846154 0.02403846153846154 0.02403846153846154
0 0.6442307692307693 0.3317307692307693 0.02403846153846154 0.02403846153846154
0 0.514423076923077 0.33653846153846156 0.02403846153846154 0.02403846153846154
0 0.889423076923077 0.32211538461538464 0.02403846153846154 0.02403846153846154
0 0.4831730769230769 0.2956730769230769 0.02403846153846154 0.02403846153846154
0 0.639423076923077 0.2692307692307693 0.02403846153846154 0.02403846153846154
0 0.7932692307692308 0.2668269230769231 0.02403846153846154 0.02403846153846154
0 0.17307692307692307 0.2668269230769231 0.02403846153846154 0.02403846153846154
0 0.2451923076923077 0.25480769230769235 0.02403846153846154 0.02403846153846154
0 0.10817307692307693 0.25 0.02403846153846154 0.02403846153846154
0 0.038461538461538464 0.25240384615384615 0.02403846153846154 0.02403846153846154
0 0.34134615384615385 0.22355769230769232 0.02403846153846154 0.02403846153846154
0 0.2764423076923077 0.21634615384615385 0.02403846153846154 0.02403846153846154
0 0.03365384615384616 0.2043269230769231 0.02403846153846154 0.02403846153846154
0 0.5889423076923077 0.19711538461538464 0.02403846153846154 0.02403846153846154
0 0.7692307692307693 0.16586538461538464 0.02403846153846154 0.02403846153846154
0 0.41586538461538464 0.16105769230769232 0.02403846153846154 0.02403846153846154
0 0.5048076923076923 0.14182692307692307 0.02403846153846154 0.02403846153846154
0 0.40625 0.1201923076923077 0.02403846153846154 0.02403846153846154
0 0.2692307692307693 0.10336538461538462 0.02403846153846154 0.02403846153846154
0 0.2403846153846154 0.09615384615384616 0.02403846153846154 0.02403846153846154
0 0.16346153846153846 0.09615384615384616 0.02403846153846154 0.02403846153846154
0 0.3894230769230769 0.07932692307692309 0.02403846153846154 0.02403846153846154
0 0.4495192307692308 0.06009615384615385 0.02403846153846154 0.02403846153846154
0 0.12259615384615385 0.05528846153846154 0.02403846153846154 0.02403846153846154
0 0.06490384615384616 0.05048076923076923 0.02403846153846154 0.02403846153846154
0 0.78125 0.0889423076923077 0.02403846153846154 0.02403846153846154
0 0.9471153846153847 0.14182692307692307 0.02403846153846154 0.02403846153846154
0 0.9302884615384616 0.40625 0.02403846153846154 0.02403846153846154
0 0.8942307692307693 0.40384615384615385 0.02403846153846154 0.02403846153846154
0 0.9182692307692308 0.3557692307692308 0.02403846153846154 0.02403846153846154
0 0.9158653846153847 0.3004807692307693 0.02403846153846154 0.02403846153846154
0 0.8557692307692308 0.31730769230769235 0.02403846153846154 0.02403846153846154
0 0.8317307692307693 0.2980769230769231 0.02403846153846154 0.02403846153846154
0 0.7932692307692308 0.4134615384615385 0.02403846153846154 0.02403846153846154
0 0.7451923076923077 0.4399038461538462 0.02403846153846154 0.02403846153846154
0 0.6971153846153847 0.4375 0.02403846153846154 0.02403846153846154
0 0.7548076923076924 0.2932692307692308 0.02403846153846154 0.02403846153846154
0 0.733173076923077 0.21153846153846156 0.02403846153846154 0.02403846153846154
0 0.6899038461538461 0.2139423076923077 0.02403846153846154 0.02403846153846154
0 0.6442307692307693 0.21153846153846156 0.02403846153846154 0.02403846153846154
0 0.6370192307692308 0.19471153846153846 0.02403846153846154 0.02403846153846154
0 0.5745192307692308 0.15625 0.02403846153846154 0.02403846153846154
0 0.53125 0.24278846153846156 0.02403846153846154 0.02403846153846154
0 0.5024038461538461 0.11538461538461539 0.02403846153846154 0.02403846153846154
0 0.49759615384615385 0.16586538461538464 0.02403846153846154 0.02403846153846154
0 0.4134615384615385 0.13461538461538464 0.02403846153846154 0.02403846153846154
0 0.3701923076923077 0.19711538461538464 0.02403846153846154 0.02403846153846154
0 0.2980769230769231 0.22115384615384617 0.02403846153846154 0.02403846153846154
0 0.2451923076923077 0.2139423076923077 0.02403846153846154 0.02403846153846154
0 0.21153846153846156 0.11778846153846155 0.02403846153846154 0.02403846153846154
0 0.16346153846153846 0.25 0.02403846153846154 0.02403846153846154
0 0.1778846153846154 0.3557692307692308 0.02403846153846154 0.02403846153846154
0 0.21634615384615385 0.4567307692307693 0.02403846153846154 0.02403846153846154
0 0.25 0.46875 0.02403846153846154 0.02403846153846154
0 0.24278846153846156 0.34134615384615385 0.02403846153846154 0.02403846153846154
0 0.05048076923076923 0.44711538461538464 0.02403846153846154 0.02403846153846154
0 0.9038461538461539 0.5528846153846154 0.02403846153846154 0.02403846153846154
0 0.9711538461538463 0.5817307692307693 0.02403846153846154 0.02403846153846154
0 0.9663461538461539 0.6514423076923077 0.02403846153846154 0.02403846153846154
0 0.9471153846153847 0.7043269230769231 0.02403846153846154 0.02403846153846154
0 0.920673076923077 0.7932692307692308 0.02403846153846154 0.02403846153846154
0 0.9086538461538463 0.84375 0.02403846153846154 0.02403846153846154
0 0.8509615384615385 0.6971153846153847 0.02403846153846154 0.02403846153846154
0 0.7572115384615385 0.6947115384615385 0.02403846153846154 0.02403846153846154
0 0.514423076923077 0.7235576923076924 0.02403846153846154 0.02403846153846154
0 0.65625 0.5889423076923077 0.02403846153846154 0.02403846153846154
0 0.36778846153846156 0.31009615384615385 0.02403846153846154 0.02403846153846154
0 0.45432692307692313 0.2355769230769231 0.02403846153846154 0.02403846153846154
0 0.4495192307692308 0.8197115384615385 0.02403846153846154 0.02403846153846154
0 0.7572115384615385 0.9038461538461539 0.02403846153846154 0.02403846153846154
0 0.7163461538461539 0.9158653846153847 0.02403846153846154 0.02403846153846154
0 0.06971153846153846 0.8221153846153847 0.02403846153846154 0.02403846153846154
0 0.47355769230769235 0.9447115384615385 0.02403846153846154 0.02403846153846154
0 0.4807692307692308 0.38461538461538464 0.02403846153846154 0.02403846153846154
0 0.7692307692307693 0.5961538461538461 0.02403846153846154 0.02403846153846154
