0 0.795673076923077 0.8725961538461539 0.02403846153846154 0.02403846153846154
0 0.6442307692307693 0.7427884615384616 0.02403846153846154 0.02403846153846154
0 0.78125 0.7259615384615385 0.02403846153846154 0.02403846153846154
0 0.49278846153846156 0.6730769230769231 0.02403846153846154 0.02403846153846154
0 0.5024038461538461 0.6514423076923077 0.02403846153846154 0.02403846153846154
0 0.4711538461538462 0.6418269230769231 0.02403846153846154 0.02403846153846154
0 0.5817307692307693 0.5721153846153847 0.02403846153846154 0.02403846153846154
0 0.9639423076923077 0.5673076923076923 0.02403846153846154 0.02403846153846154
0 0.8076923076923077 0.5600961538461539 0.02403846153846154 0.02403846153846154
0 0.10336538461538462 0.5048076923076923 0.02403846153846154 0.02403846153846154
0 0.23317307692307693 0.47836538461538464 0.02403846153846154 0.02403846153846154
0 0.2692307692307693 0.46634615384615385 0.02403846153846154 0.02403846153846154
0 0.3293269230769231 0.46153846153846156 0.02403846153846154 0.02403846153846154
0 0.31730769230769235 0.4278846153846154 0.02403846153846154 0.02403846153846154
0 0.2668269230769231 0.4206730769230769 0.02403846153846154 0.02403846153846154
0 0.4903846153846154 0.41105769230769235 0.02403846153846154 0.02403846153846154
0 0.15625 0.3509615384615385 0.02403846153846154 0.02403846153846154
0 0.6923076923076923 0.3341346153846154 0.02403846153846154 0.02403846153846154
0 0.9182692307692308 0.3028846153846154 0.02403846153846154 0.02403846153846154
0 0.13221153846153846 0.3004807692307693 0.02403846153846154 0.02403846153846154
0 0.2980769230769231 0.29086538461538464 0.02403846153846154 0.02403846153846154
0 0.4254807692307693 0.2764423076923077 0.02403846153846154 0.02403846153846154
0 0.2884615384615385 0.2692307692307693 0.02403846153846154 0.02403846153846154
0 0.8509615384615385 0.23317307692307693 0.02403846153846154 0.02403846153846154
0 0.17548076923076925 0.21875 0.02403846153846154 0.02403846153846154
0 0.4375 0.21153846153846156 0.02403846153846154 0.02403846153846154
0 0.9350961538461539 0.2091346153846154 0.02403846153846154 0.02403846153846154
0 0.12259615384615385 0.2091346153846154 0.02403846153846154 0.02403846153846154
0 0.7692307692307693 0.20192307692307693 0.02403846153846154 0.02403846153846154
0 0.53125 0.17307692307692307 0.02403846153846154 0.02403846153846154
0 0.1466346153846154 0.13701923076923078 0.02403846153846154 0.02403846153846154
0 0.28125 0.125 0.02403846153846154 0.02403846153846154
0 0.46153846153846156 0.09615384615384616 0.02403846153846154 0.02403846153846154
0 0.6177884615384616 0.06971153846153846 0.02403846153846154 0.02403846153846154
0 0.29086538461538464 0.06730769230769232 0.02403846153846154 0.02403846153846154
0 0.5192307692307693 0.05048076923076923 0.02403846153846154 0.02403846153846154
0 0.22355769230769232 0.03125 0.02403846153846154 0.02403846153846154
0 0.9567307692307693 0.040865384615384616 0.02403846153846154 0.02403846153846154
0 0.6274038461538461 0.14182692307692307 0.02403846153846154 0.02403846153846154
0 0.2451923076923077 0.08173076923076923 0.02403846153846154 0.02403846153846154
0 0.3581730769230769 0.2355769230769231 0.02403846153846154 0.02403846153846154
0 0.3629807692307693 0.3341346153846154 0.02403846153846154 0.02403846153846154
0 0.5673076923076923 0.28125 0.02403846153846154 0.02403846153846154
0 0.576923076923077 0.3197115384615385 0.02403846153846154 0.02403846153846154
0 0.5048076923076923 0.4879807692307693 0.02403846153846154 0.02403846153846154
0 0.3822115384615385 0.6057692307692308 0.02403846153846154 0.02403846153846154
0 0.47355769230769235 0.5625 0.02403846153846154 0.02403846153846154
0 0.4495192307692308 0.5721153846153847 0.02403846153846154 0.02403846153846154
0 0.545673076923077 0.5192307692307693 0.02403846153846154 0.02403846153846154
0 0.34375 0.4447115384615385 0.02403846153846154 0.02403846153846154
0 0.826923076923077 0.3293269230769231 0.02403846153846154 0.02403846153846154
0 0.7235576923076924 0.5649038461538461 0.02403846153846154 0.02403846153846154
0 0.8245192307692308 0.5024038461538461 0.02403846153846154 0.02403846153846154
0 0.5745192307692308 0.3822115384615385 0.02403846153846154 0.02403846153846154
0 0.7211538461538461 0.29086538461538464 0.02403846153846154 0.02403846153846154
0 0.7259615384615385 0.2644230769230769 0.02403846153846154 0.02403846153846154
0 0.6778846153846154 0.8173076923076924 0.02403846153846154 0.02403846153846154
0 0.9302884615384616 0.6778846153846154 0.02403846153846154 0.02403846153846154
0 0.84375 0.7235576923076924 0.02403846153846154 0.02403846153846154
0 0.8293269230769231 0.7620192307692308 0.02403846153846154 0.02403846153846154
0 0.8798076923076924 0.7451923076923077 0.02403846153846154 0.02403846153846154
0 0.8774038461538463 0.9230769230769231 0.02403846153846154 0.02403846153846154
0 0.7259615384615385 0.8701923076923077 0.02403846153846154 0.02403846153846154
0 0.22115384615384617 0.65625 0.02403846153846154 0.02403846153846154
0 0.7139423076923077 0.06971153846153846 0.02403846153846154 0.02403846153846154
0 0.03125 0.11538461538461539 0.02403846153846154 0.02403846153846154
0 0.4495192307692308 0.8461538461538463 0.02403846153846154 0.02403846153846154
