0 0.2980769230769231 0.9495192307692308 0.02403846153846154 0.02403846153846154
0 0.23798076923076925 0.5600961538461539 0.02403846153846154 0.02403846153846154
0 0.4399038461538462 0.5264423076923077 0.02403846153846154 0.02403846153846154
0 0.4711538461538462 0.3942307692307693 0.02403846153846154 0.02403846153846154
0 0.375 0.3918269230769231 0.02403846153846154 0.02403846153846154
0 0.5072115384615384 0.3629807692307693 0.02403846153846154 0.02403846153846154
0 0.7163461538461539 0.3605769230769231 0.02403846153846154 0.02403846153846154
0 0.2668269230769231 0.34615384615384615 0.02403846153846154 0.02403846153846154
0 0.8461538461538463 0.3341346153846154 0.02403846153846154 0.02403846153846154
0 0.3918269230769231 0.3341346153846154 0.02403846153846154 0.02403846153846154
0 0.8822115384615385 0.32211538461538464 0.02403846153846154 0.02403846153846154
0 0.9423076923076924 0.31730769230769235 0.02403846153846154 0.02403846153846154
0 0.5192307692307693 0.2884615384615385 0.02403846153846154 0.02403846153846154
0 0.9302884615384616 0.28365384615384615 0.02403846153846154 0.02403846153846154
0 0.8798076923076924 0.2764423076923077 0.02403846153846154 0.02403846153846154
0 0.5913461538461539 0.22115384615384617 0.02403846153846154 0.02403846153846154
0 0.7692307692307693 0.20673076923076925 0.02403846153846154 0.02403846153846154
0 0.17307692307692307 0.16826923076923078 0.02403846153846154 0.02403846153846154
0 0.7451923076923077 0.15625 0.02403846153846154 0.02403846153846154
0 0.9110576923076924 0.1466346153846154 0.02403846153846154 0.02403846153846154
0 0.9014423076923077 0.125 0.02403846153846154 0.02403846153846154
0 0.7884615384615385 0.07451923076923077 0.02403846153846154 0.02403846153846154
0 0.7355769230769231 0.06490384615384616 0.02403846153846154 0.02403846153846154
0 0.34134615384615385 0.05288461538461539 0.02403846153846154 0.02403846153846154
0 0.9711538461538463 0.09134615384615385 0.02403846153846154 0.02403846153846154
0 0.9567307692307693 0.3004807692307693 0.02403846153846154 0.02403846153846154
0 0.5264423076923077 0.05288461538461539 0.02403846153846154 0.02403846153846154
0 0.42307692307692313 0.16105769230769232 0.02403846153846154 0.02403846153846154
0 0.11778846153846155 0.09615384615384616 0.02403846153846154 0.02403846153846154
0 0.3076923076923077 0.3076923076923077 0.02403846153846154 0.02403846153846154
0 0.2932692307692308 0.19711538461538464 0.02403846153846154 0.02403846153846154
0 0.3197115384615385 0.16586538461538464 0.02403846153846154 0.02403846153846154
0 0.3966346153846154 0.21634615384615385 0.02403846153846154 0.02403846153846154
0 0.59375 0.06971153846153846 0.02403846153846154 0.02403846153846154
0 0.9639423076923077 0.8413461538461539 0.02403846153846154 0.02403846153846154
0 0.8341346153846154 0.5120192307692308 0.02403846153846154 0.02403846153846154
0 0.3076923076923077 0.6153846153846154 0.02403846153846154 0.02403846153846154
0 0.3966346153846154 0.8966346153846154 0.02403846153846154 0.02403846153846154
