0 0.7211538461538461 0.9471153846153847 0.02403846153846154 0.02403846153846154
0 0.07692307692307693 0.8870192307692308 0.02403846153846154 0.02403846153846154
0 0.29086538461538464 0.6658653846153847 0.02403846153846154 0.02403846153846154
0 0.3293269230769231 0.6538461538461539 0.02403846153846154 0.02403846153846154
0 0.6610576923076923 0.5576923076923077 0.02403846153846154 0.02403846153846154
0 0.8629807692307693 0.5240384615384616 0.02403846153846154 0.02403846153846154
0 0.2043269230769231 0.46875 0.02403846153846154 0.02403846153846154
0 0.8942307692307693 0.3918269230769231 0.02403846153846154 0.02403846153846154
0 0.7980769230769231 0.3894230769230769 0.02403846153846154 0.02403846153846154
0 0.9302884615384616 0.3605769230769231 0.02403846153846154 0.02403846153846154
0 0.6899038461538461 0.34375 0.02403846153846154 0.02403846153846154
0 0.8149038461538461 0.3317307692307693 0.02403846153846154 0.02403846153846154
0 0.9423076923076924 0.28605769230769235 0.02403846153846154 0.02403846153846154
0 0.5961538461538461 0.16586538461538464 0.02403846153846154 0.02403846153846154
0 0.764423076923077 0.05048076923076923 0.02403846153846154 0.02403846153846154
0 0.9495192307692308 0.05048076923076923 0.02403846153846154 0.02403846153846154
0 0.8461538461538463 0.15865384615384617 0.02403846153846154 0.02403846153846154
0 0.5408653846153847 0.09375 0.02403846153846154 0.02403846153846154
0 0.0625 0.44711538461538464 0.02403846153846154 0.02403846153846154
0 0.7307692307692308 0.30528846153846156 0.02403846153846154 0.02403846153846154
0 0.7163461538461539 0.19471153846153846 0.02403846153846154 0.02403846153846154
0 0.7427884615384616 0.16346153846153846 0.02403846153846154 0.02403846153846154
0 0.8197115384615385 0.2139423076923077 0.02403846153846154 0.02403846153846154
0 0.23076923076923078 0.040865384615384616 0.02403846153846154 0.02403846153846154
0 0.04567307692307693 0.1778846153846154 0.02403846153846154 0.02403846153846154
0 0.7307692307692308 0.6129807692307693 0.02403846153846154 0.02403846153846154
0 0.8197115384615385 0.8942307692307693 0.02403846153846154 0.02403846153846154
0 0.1826923076923077 0.7620192307692308 0.02403846153846154 0.02403846153846154
