0 0.8197115384615385 0.7572115384615385 0.02403846153846154 0.02403846153846154
0 0.17548076923076925 0.6971153846153847 0.02403846153846154 0.02403846153846154
0 0.3894230769230769 0.4759615384615385 0.02403846153846154 0.02403846153846154
0 0.4278846153846154 0.4639423076923077 0.02403846153846154 0.02403846153846154
0 0.7596153846153847 0.36778846153846156 0.02403846153846154 0.02403846153846154
0 0.9615384615384616 0.3341346153846154 0.02403846153846154 0.02403846153846154
0 0.3028846153846154 0.27884615384615385 0.02403846153846154 0.02403846153846154
0 0.8966346153846154 0.19951923076923078 0.02403846153846154 0.02403846153846154
0 0.7884615384615385 0.15384615384615385 0.02403846153846154 0.02403846153846154
0 0.9134615384615385 0.14182692307692307 0.02403846153846154 0.02403846153846154
0 0.16105769230769232 0.2572115384615385 0.02403846153846154 0.02403846153846154
0 0.8293269230769231 0.11538461538461539 0.02403846153846154 0.02403846153846154
0 0.9182692307692308 0.02403846153846154 0.02403846153846154 0.02403846153846154
0 0.057692307692307696 0.02403846153846154 0.02403846153846154 0.02403846153846154
0 0.057692307692307696 0.16105769230769232 0.02403846153846154 0.02403846153846154
0 0.8293269230769231 0.42307692307692313 0.02403846153846154 0.02403846153846154
0 0.9182692307692308 0.7043269230769231 0.02403846153846154 0.02403846153846154
0 0.28125 0.5721153846153847 0.02403846153846154 0.02403846153846154
