0 0.9182692307692308 0.8677884615384616 0.02403846153846154 0.02403846153846154
0 0.7932692307692308 0.8389423076923077 0.02403846153846154 0.02403846153846154
0 0.625 0.8341346153846154 0.02403846153846154 0.02403846153846154
0 0.78125 0.7548076923076924 0.02403846153846154 0.02403846153846154
0 0.920673076923077 0.7524038461538461 0.02403846153846154 0.02403846153846154
0 0.7524038461538461 0.75 0.02403846153846154 0.02403846153846154
0 0.5408653846153847 0.7379807692307693 0.02403846153846154 0.02403846153846154
0 0.13461538461538464 0.7235576923076924 0.02403846153846154 0.02403846153846154
0 0.34375 0.701923076923077 0.02403846153846154 0.02403846153846154
0 0.9086538461538463 0.6730769230769231 0.02403846153846154 0.02403846153846154
0 0.7620192307692308 0.6298076923076923 0.02403846153846154 0.02403846153846154
0 0.25 0.6298076923076923 0.02403846153846154 0.02403846153846154
0 0.8461538461538463 0.5793269230769231 0.02403846153846154 0.02403846153846154
0 0.7379807692307693 0.5264423076923077 0.02403846153846154 0.02403846153846154
0 0.07692307692307693 0.5192307692307693 0.02403846153846154 0.02403846153846154
0 0.9350961538461539 0.5048076923076923 0.02403846153846154 0.02403846153846154
0 0.7596153846153847 0.49759615384615385 0.02403846153846154 0.02403846153846154
0 0.5552884615384616 0.4951923076923077 0.02403846153846154 0.02403846153846154
0 0.53125 0.46875 0.02403846153846154 0.02403846153846154
0 0.47355769230769235 0.4639423076923077 0.02403846153846154 0.02403846153846154
0 0.5576923076923077 0.39903846153846156 0.02403846153846154 0.02403846153846154
0 0.44711538461538464 0.3942307692307693 0.02403846153846154 0.02403846153846154
0 0.5288461538461539 0.3389423076923077 0.02403846153846154 0.02403846153846154
0 0.9447115384615385 0.3245192307692308 0.02403846153846154 0.02403846153846154
0 0.8413461538461539 0.3028846153846154 0.02403846153846154 0.02403846153846154
0 0.7620192307692308 0.25961538461538464 0.02403846153846154 0.02403846153846154
0 0.5168269230769231 0.25961538461538464 0.02403846153846154 0.02403846153846154
0 0.9567307692307693 0.2572115384615385 0.02403846153846154 0.02403846153846154
0 0.15865384615384617 0.25 0.02403846153846154 0.02403846153846154
0 0.6370192307692308 0.24759615384615385 0.02403846153846154 0.02403846153846154
0 0.6995192307692308 0.2403846153846154 0.02403846153846154 0.02403846153846154
0 0.35336538461538464 0.18990384615384617 0.02403846153846154 0.02403846153846154
0 0.6274038461538461 0.16105769230769232 0.02403846153846154 0.02403846153846154
0 0.8942307692307693 0.15865384615384617 0.02403846153846154 0.02403846153846154
0 0.6826923076923077 0.12980769230769232 0.02403846153846154 0.02403846153846154
0 0.8966346153846154 0.12740384615384617 0.02403846153846154 0.02403846153846154
0 0.2764423076923077 0.12740384615384617 0.02403846153846154 0.02403846153846154
0 0.22115384615384617 0.1201923076923077 0.02403846153846154 0.02403846153846154
0 0.8990384615384616 0.10576923076923078 0.02403846153846154 0.02403846153846154
0 0.2451923076923077 0.09615384615384616 0.02403846153846154 0.02403846153846154
0 0.33653846153846156 0.09375 0.02403846153846154 0.02403846153846154
0 0.9110576923076924 0.08653846153846154 0.02403846153846154 0.02403846153846154
0 0.21634615384615385 0.07451923076923077 0.02403846153846154 0.02403846153846154
0 0.7932692307692308 0.06971153846153846 0.02403846153846154 0.02403846153846154
0 0.44711538461538464 0.04807692307692308 0.02403846153846154 0.02403846153846154
0 0.8990384615384616 0.03605769230769231 0.02403846153846154 0.02403846153846154
0 0.5649038461538461 0.03605769230769231 0.02403846153846154 0.02403846153846154
0 0.10576923076923078 0.3317307692307693 0.02403846153846154 0.02403846153846154
0 0.10096153846153846 0.28605769230769235 0.02403846153846154 0.02403846153846154
0 0.07932692307692309 0.1514423076923077 0.02403846153846154 0.02403846153846154
0 0.15865384615384617 0.13942307692307693 0.02403846153846154 0.02403846153846154
0 0.18509615384615385 0.17307692307692307 0.02403846153846154 0.02403846153846154
0 0.3004807692307693 0.06009615384615385 0.02403846153846154 0.02403846153846154
0 0.4591346153846154 0.21634615384615385 0.02403846153846154 0.02403846153846154
0 0.3894230769230769 0.2355769230769231 0.02403846153846154 0.02403846153846154
0 0.46875 0.28605769230769235 0.02403846153846154 0.02403846153846154
0 0.3894230769230769 0.3894230769230769 0.02403846153846154 0.02403846153846154
0 0.4807692307692308 0.41105769230769235 0.02403846153846154 0.02403846153846154
0 0.5432692307692308 0.36778846153846156 0.02403846153846154 0.02403846153846154
0 0.7211538461538461 0.3004807692307693 0.02403846153846154 0.02403846153846154
0 0.8197115384615385 0.25 0.02403846153846154 0.02403846153846154
0 0.7379807692307693 0.24759615384615385 0.02403846153846154 0.02403846153846154
0 0.6538461538461539 0.15384615384615385 0.02403846153846154 0.02403846153846154
0 0.858173076923077 0.34375 0.02403846153846154 0.02403846153846154
0 0.7475961538461539 0.37980769230769235 0.02403846153846154 0.02403846153846154
0 0.8846153846153847 0.5048076923076923 0.02403846153846154 0.02403846153846154
0 0.8125 0.5985576923076923 0.02403846153846154 0.02403846153846154
0 0.8557692307692308 0.6057692307692308 0.02403846153846154 0.02403846153846154
0 0.9230769230769231 0.625 0.02403846153846154 0.02403846153846154
0 0.9447115384615385 0.07211538461538462 0.02403846153846154 0.02403846153846154
0 0.9086538461538463 0.05048076923076923 0.02403846153846154 0.02403846153846154
0 0.9567307692307693 0.7572115384615385 0.02403846153846154 0.02403846153846154
0 0.9278846153846154 0.8341346153846154 0.02403846153846154 0.02403846153846154
0 0.8004807692307693 0.8629807692307693 0.02403846153846154 0.02403846153846154
0 0.8173076923076924 0.9038461538461539 0.02403846153846154 0.02403846153846154
0 0.6682692307692308 0.951923076923077 0.02403846153846154 0.02403846153846154
0 0.6057692307692308 0.9302884615384616 0.02403846153846154 0.02403846153846154
0 0.6298076923076923 0.7211538461538461 0.02403846153846154 0.02403846153846154
0 0.5865384615384616 0.7355769230769231 0.02403846153846154 0.02403846153846154
0 0.4519230769230769 0.6947115384615385 0.02403846153846154 0.02403846153846154
0 0.375 0.7620192307692308 0.02403846153846154 0.02403846153846154
0 0.34375 0.7283653846153847 0.02403846153846154 0.02403846153846154
0 0.3653846153846154 0.6802884615384616 0.02403846153846154 0.02403846153846154
0 0.40625 0.6298076923076923 0.02403846153846154 0.02403846153846154
0 0.4254807692307693 0.6201923076923077 0.02403846153846154 0.02403846153846154
0 0.36778846153846156 0.5384615384615385 0.02403846153846154 0.02403846153846154
0 0.28605769230769235 0.49278846153846156 0.02403846153846154 0.02403846153846154
0 0.02403846153846154 0.826923076923077 0.02403846153846154 0.02403846153846154
0 0.22596153846153846 0.7524038461538461 0.02403846153846154 0.02403846153846154
0 0.1514423076923077 0.7524038461538461 0.02403846153846154 0.02403846153846154
0 0.19951923076923078 0.7043269230769231 0.02403846153846154 0.02403846153846154
0 0.19230769230769232 0.5168269230769231 0.02403846153846154 0.02403846153846154
0 0.23076923076923078 0.5264423076923077 0.02403846153846154 0.02403846153846154
0 0.1826923076923077 0.5649038461538461 0.02403846153846154 0.02403846153846154
0 0.33653846153846156 0.5192307692307693 0.02403846153846154 0.02403846153846154
