0 0.3341346153846154 0.9663461538461539 0.02403846153846154 0.02403846153846154
0 0.13942307692307693 0.9663461538461539 0.02403846153846154 0.02403846153846154
0 0.5 0.9639423076923077 0.02403846153846154 0.02403846153846154
0 0.7427884615384616 0.9615384615384616 0.02403846153846154 0.02403846153846154
0 0.07451923076923077 0.9399038461538463 0.02403846153846154 0.02403846153846154
0 0.40384615384615385 0.9375 0.02403846153846154 0.02403846153846154
0 0.040865384615384616 0.9350961538461539 0.02403846153846154 0.02403846153846154
0 0.7740384615384616 0.9302884615384616 0.02403846153846154 0.02403846153846154
0 0.6923076923076923 0.9134615384615385 0.02403846153846154 0.02403846153846154
0 0.19711538461538464 0.9134615384615385 0.02403846153846154 0.02403846153846154
0 0.7860576923076924 0.9110576923076924 0.02403846153846154 0.02403846153846154
0 0.8149038461538461 0.9038461538461539 0.02403846153846154 0.02403846153846154
0 0.18028846153846154 0.9038461538461539 0.02403846153846154 0.02403846153846154
0 0.9134615384615385 0.8533653846153847 0.02403846153846154 0.02403846153846154
0 0.38461538461538464 0.84375 0.02403846153846154 0.02403846153846154
0 0.7860576923076924 0.8293269230769231 0.02403846153846154 0.02403846153846154
0 0.8846153846153847 0.8245192307692308 0.02403846153846154 0.02403846153846154
0 0.07211538461538462 0.826923076923077 0.02403846153846154 0.02403846153846154
0 0.41105769230769235 0.8221153846153847 0.02403846153846154 0.02403846153846154
0 0.5072115384615384 0.7932692307692308 0.02403846153846154 0.02403846153846154
0 0.6778846153846154 0.78125 0.02403846153846154 0.02403846153846154
0 0.6298076923076923 0.78125 0.02403846153846154 0.02403846153846154
0 0.65625 0.7836538461538461 0.02403846153846154 0.02403846153846154
0 0.75 0.7620192307692308 0.02403846153846154 0.02403846153846154
0 0.8076923076923077 0.7572115384615385 0.02403846153846154 0.02403846153846154
0 0.6995192307692308 0.7211538461538461 0.02403846153846154 0.02403846153846154
0 0.4879807692307693 0.7043269230769231 0.02403846153846154 0.02403846153846154
0 0.10336538461538462 0.6875 0.02403846153846154 0.02403846153846154
0 0.4831730769230769 0.6586538461538461 0.02403846153846154 0.02403846153846154
0 0.6322115384615385 0.6514423076923077 0.02403846153846154 0.02403846153846154
0 0.7091346153846154 0.6177884615384616 0.02403846153846154 0.02403846153846154
0 0.5697115384615385 0.6153846153846154 0.02403846153846154 0.02403846153846154
0 0.07211538461538462 0.6129807692307693 0.02403846153846154 0.02403846153846154
0 0.4206730769230769 0.6009615384615385 0.02403846153846154 0.02403846153846154
0 0.30528846153846156 0.5841346153846154 0.02403846153846154 0.02403846153846154
0 0.5504807692307693 0.5817307692307693 0.02403846153846154 0.02403846153846154
0 0.6634615384615385 0.5721153846153847 0.02403846153846154 0.02403846153846154
0 0.4759615384615385 0.5288461538461539 0.02403846153846154 0.02403846153846154
0 0.2644230769230769 0.5216346153846154 0.02403846153846154 0.02403846153846154
0 0.5576923076923077 0.46634615384615385 0.02403846153846154 0.02403846153846154
0 0.4879807692307693 0.4567307692307693 0.02403846153846154 0.02403846153846154
0 0.21153846153846156 0.4086538461538462 0.02403846153846154 0.02403846153846154
0 0.7427884615384616 0.34375 0.02403846153846154 0.02403846153846154
0 0.7139423076923077 0.2091346153846154 0.02403846153846154 0.02403846153846154
0 0.6754807692307693 0.2091346153846154 0.02403846153846154 0.02403846153846154
0 0.3870192307692308 0.057692307692307696 0.02403846153846154 0.02403846153846154
0 0.3629807692307693 0.057692307692307696 0.02403846153846154 0.02403846153846154
0 0.3581730769230769 0.13221153846153846 0.02403846153846154 0.02403846153846154
0 0.3581730769230769 0.27403846153846156 0.02403846153846154 0.02403846153846154
0 0.6225961538461539 0.11057692307692309 0.02403846153846154 0.02403846153846154
0 0.6466346153846154 0.16586538461538464 0.02403846153846154 0.02403846153846154
0 0.608173076923077 0.17067307692307693 0.02403846153846154 0.02403846153846154
0 0.7788461538461539 0.026442307692307696 0.02403846153846154 0.02403846153846154
0 0.7788461538461539 0.545673076923077 0.02403846153846154 0.02403846153846154
0 0.65625 0.5216346153846154 0.02403846153846154 0.02403846153846154
0 0.7716346153846154 0.4086538461538462 0.02403846153846154 0.02403846153846154
0 0.9134615384615385 0.3605769230769231 0.02403846153846154 0.02403846153846154
0 0.5408653846153847 0.42307692307692313 0.02403846153846154 0.02403846153846154
0 0.4254807692307693 0.3605769230769231 0.02403846153846154 0.02403846153846154
0 0.48557692307692313 0.5024038461538461 0.02403846153846154 0.02403846153846154
0 0.4759615384615385 0.5913461538461539 0.02403846153846154 0.02403846153846154
0 0.5480769230769231 0.6682692307692308 0.02403846153846154 0.02403846153846154
0 0.3894230769230769 0.7163461538461539 0.02403846153846154 0.02403846153846154
0 0.3629807692307693 0.6658653846153847 0.02403846153846154 0.02403846153846154
0 0.6610576923076923 0.8942307692307693 0.02403846153846154 0.02403846153846154
0 0.6730769230769231 0.8365384615384616 0.02403846153846154 0.02403846153846154
0 0.7139423076923077 0.8413461538461539 0.02403846153846154 0.02403846153846154
0 0.6995192307692308 0.8197115384615385 0.02403846153846154 0.02403846153846154
0 0.040865384615384616 0.5240384615384616 0.02403846153846154 0.02403846153846154
0 0.1466346153846154 0.45432692307692313 0.02403846153846154 0.02403846153846154
0 0.2451923076923077 0.4903846153846154 0.02403846153846154 0.02403846153846154
