0 0.44711538461538464 0.920673076923077 0.02403846153846154 0.02403846153846154
0 0.3509615384615385 0.7908653846153847 0.02403846153846154 0.02403846153846154
0 0.3245192307692308 0.7355769230769231 0.02403846153846154 0.02403846153846154
0 0.48557692307692313 0.6634615384615385 0.02403846153846154 0.02403846153846154
0 0.8846153846153847 0.6129807692307693 0.02403846153846154 0.02403846153846154
0 0.3509615384615385 0.34134615384615385 0.02403846153846154 0.02403846153846154
0 0.6057692307692308 0.27884615384615385 0.02403846153846154 0.02403846153846154
0 0.3918269230769231 0.1875 0.02403846153846154 0.02403846153846154
0 0.3197115384615385 0.16346153846153846 0.02403846153846154 0.02403846153846154
0 0.03605769230769231 0.6947115384615385 0.02403846153846154 0.02403846153846154
0 0.19230769230769232 0.6298076923076923 0.02403846153846154 0.02403846153846154
0 0.31009615384615385 0.6586538461538461 0.02403846153846154 0.02403846153846154
