0 0.9471153846153847 0.9639423076923077 0.02403846153846154 0.02403846153846154
0 0.03125 0.9639423076923077 0.02403846153846154 0.02403846153846154
0 0.875 0.9543269230769231 0.02403846153846154 0.02403846153846154
0 0.6177884615384616 0.9543269230769231 0.02403846153846154 0.02403846153846154
0 0.7403846153846154 0.9447115384615385 0.02403846153846154 0.02403846153846154
0 0.2980769230769231 0.9423076923076924 0.02403846153846154 0.02403846153846154
0 0.22115384615384617 0.9447115384615385 0.02403846153846154 0.02403846153846154
0 0.6850961538461539 0.9326923076923077 0.02403846153846154 0.02403846153846154
0 0.13221153846153846 0.9278846153846154 0.02403846153846154 0.02403846153846154
0 0.8028846153846154 0.9230769230769231 0.02403846153846154 0.02403846153846154
0 0.8846153846153847 0.9110576923076924 0.02403846153846154 0.02403846153846154
0 0.5192307692307693 0.8918269230769231 0.02403846153846154 0.02403846153846154
0 0.78125 0.8725961538461539 0.02403846153846154 0.02403846153846154
0 0.13461538461538464 0.8677884615384616 0.02403846153846154 0.02403846153846154
0 0.07211538461538462 0.8629807692307693 0.02403846153846154 0.02403846153846154
0 0.03365384615384616 0.858173076923077 0.02403846153846154 0.02403846153846154
0 0.5793269230769231 0.84375 0.02403846153846154 0.02403846153846154
0 0.9471153846153847 0.8317307692307693 0.02403846153846154 0.02403846153846154
0 0.4759615384615385 0.8173076923076924 0.02403846153846154 0.02403846153846154
0 0.1778846153846154 0.8149038461538461 0.02403846153846154 0.02403846153846154
0 0.1514423076923077 0.8125 0.02403846153846154 0.02403846153846154
0 0.7355769230769231 0.8028846153846154 0.02403846153846154 0.02403846153846154
0 0.9350961538461539 0.8004807692307693 0.02403846153846154 0.02403846153846154
0 0.3004807692307693 0.78125 0.02403846153846154 0.02403846153846154
0 0.8317307692307693 0.7692307692307693 0.02403846153846154 0.02403846153846154
0 0.6370192307692308 0.7692307692307693 0.02403846153846154 0.02403846153846154
0 0.1201923076923077 0.7451923076923077 0.02403846153846154 0.02403846153846154
0 0.5721153846153847 0.7427884615384616 0.02403846153846154 0.02403846153846154
0 0.9014423076923077 0.7403846153846154 0.02403846153846154 0.02403846153846154
0 0.5384615384615385 0.7379807692307693 0.02403846153846154 0.02403846153846154
0 0.25480769230769235 0.733173076923077 0.02403846153846154 0.02403846153846154
0 0.6947115384615385 0.7163461538461539 0.02403846153846154 0.02403846153846154
0 0.6778846153846154 0.7067307692307693 0.02403846153846154 0.02403846153846154
0 0.3293269230769231 0.701923076923077 0.02403846153846154 0.02403846153846154
0 0.2764423076923077 0.6875 0.02403846153846154 0.02403846153846154
0 0.03365384615384616 0.6586538461538461 0.02403846153846154 0.02403846153846154
0 0.8822115384615385 0.6466346153846154 0.02403846153846154 0.02403846153846154
0 0.5697115384615385 0.6298076923076923 0.02403846153846154 0.02403846153846154
0 0.9086538461538463 0.625 0.02403846153846154 0.02403846153846154
0 0.03605769230769231 0.6225961538461539 0.02403846153846154 0.02403846153846154
0 0.21153846153846156 0.6177884615384616 0.02403846153846154 0.02403846153846154
0 0.25240384615384615 0.6057692307692308 0.02403846153846154 0.02403846153846154
0 0.4134615384615385 0.5913461538461539 0.02403846153846154 0.02403846153846154
0 0.3004807692307693 0.5745192307692308 0.02403846153846154 0.02403846153846154
0 0.34855769230769235 0.5625 0.02403846153846154 0.02403846153846154
0 0.15384615384615385 0.5576923076923077 0.02403846153846154 0.02403846153846154
0 0.6009615384615385 0.4903846153846154 0.02403846153846154 0.02403846153846154
0 0.11778846153846155 0.48557692307692313 0.02403846153846154 0.02403846153846154
0 0.07211538461538462 0.47836538461538464 0.02403846153846154 0.02403846153846154
0 0.3125 0.4519230769230769 0.02403846153846154 0.02403846153846154
0 0.28365384615384615 0.4326923076923077 0.02403846153846154 0.02403846153846154
0 0.35336538461538464 0.4278846153846154 0.02403846153846154 0.02403846153846154
0 0.5697115384615385 0.41586538461538464 0.02403846153846154 0.02403846153846154
0 0.9182692307692308 0.40384615384615385 0.02403846153846154 0.02403846153846154
0 0.8028846153846154 0.3870192307692308 0.02403846153846154 0.02403846153846154
0 0.20673076923076925 0.38461538461538464 0.02403846153846154 0.02403846153846154
0 0.10576923076923078 0.3822115384615385 0.02403846153846154 0.02403846153846154
0 0.15625 0.3557692307692308 0.02403846153846154 0.02403846153846154
0 0.7620192307692308 0.3245192307692308 0.02403846153846154 0.02403846153846154
0 0.17067307692307693 0.2932692307692308 0.02403846153846154 0.02403846153846154
0 0.14423076923076925 0.28605769230769235 0.02403846153846154 0.02403846153846154
0 0.1778846153846154 0.23798076923076925 0.02403846153846154 0.02403846153846154
0 0.31490384615384615 0.21634615384615385 0.02403846153846154 0.02403846153846154
0 0.21875 0.21634615384615385 0.02403846153846154 0.02403846153846154
0 0.7091346153846154 0.21153846153846156 0.02403846153846154 0.02403846153846154
0 0.17548076923076925 0.1514423076923077 0.02403846153846154 0.02403846153846154
0 0.21634615384615385 0.13461538461538464 0.02403846153846154 0.02403846153846154
0 0.46153846153846156 0.026442307692307696 0.02403846153846154 0.02403846153846154
0 0.8557692307692308 0.07692307692307693 0.02403846153846154 0.02403846153846154
0 0.9230769230769231 0.16346153846153846 0.02403846153846154 0.02403846153846154
0 0.8870192307692308 0.5192307692307693 0.02403846153846154 0.02403846153846154
0 0.8605769230769231 0.46875 0.02403846153846154 0.02403846153846154
0 0.42307692307692313 0.8605769230769231 0.02403846153846154 0.02403846153846154
0 0.3774038461538462 0.8317307692307693 0.02403846153846154 0.02403846153846154
0 0.5625 0.875 0.02403846153846154 0.02403846153846154
0 0.4879807692307693 0.6610576923076923 0.02403846153846154 0.02403846153846154
0 0.5096153846153847 0.43509615384615385 0.02403846153846154 0.02403846153846154
0 0.5024038461538461 0.48557692307692313 0.02403846153846154 0.02403846153846154
0 0.4447115384615385 0.4399038461538462 0.02403846153846154 0.02403846153846154
0 0.4014423076923077 0.4831730769230769 0.02403846153846154 0.02403846153846154
0 0.5384615384615385 0.3269230769230769 0.02403846153846154 0.02403846153846154
0 0.6442307692307693 0.2572115384615385 0.02403846153846154 0.02403846153846154
0 0.3245192307692308 0.3125 0.02403846153846154 0.02403846153846154
0 0.16586538461538464 0.48557692307692313 0.02403846153846154 0.02403846153846154
0 0.09615384615384616 0.5 0.02403846153846154 0.02403846153846154
0 0.2716346153846154 0.5096153846153847 0.02403846153846154 0.02403846153846154
0 0.021634615384615384 0.5889423076923077 0.02403846153846154 0.02403846153846154
0 0.038461538461538464 0.3028846153846154 0.02403846153846154 0.02403846153846154
0 0.11298076923076923 0.31009615384615385 0.02403846153846154 0.02403846153846154
0 0.03125 0.08653846153846154 0.02403846153846154 0.02403846153846154
0 0.3653846153846154 0.038461538461538464 0.02403846153846154 0.02403846153846154
0 0.8557692307692308 0.9399038461538463 0.02403846153846154 0.02403846153846154
0 0.8605769230769231 0.858173076923077 0.02403846153846154 0.02403846153846154
0 0.8557692307692308 0.8100961538461539 0.02403846153846154 0.02403846153846154
0 0.7427884615384616 0.2932692307692308 0.02403846153846154 0.02403846153846154
