0 0.05528846153846154 0.9711538461538463 0.02403846153846154 0.02403846153846154
0 0.13701923076923078 0.9086538461538463 0.02403846153846154 0.02403846153846154
0 0.06730769230769232 0.8990384615384616 0.02403846153846154 0.02403846153846154
0 0.32211538461538464 0.7860576923076924 0.02403846153846154 0.02403846153846154
0 0.7692307692307693 0.6947115384615385 0.02403846153846154 0.02403846153846154
0 0.2932692307692308 0.6514423076923077 0.02403846153846154 0.02403846153846154
0 0.25480769230769235 0.6514423076923077 0.02403846153846154 0.02403846153846154
0 0.6730769230769231 0.5649038461538461 0.02403846153846154 0.02403846153846154
0 0.6466346153846154 0.5096153846153847 0.02403846153846154 0.02403846153846154
0 0.8076923076923077 0.4375 0.02403846153846154 0.02403846153846154
0 0.33653846153846156 0.25480769230769235 0.02403846153846154 0.02403846153846154
0 0.19230769230769232 0.13942307692307693 0.02403846153846154 0.02403846153846154
0 0.6730769230769231 0.11538461538461539 0.02403846153846154 0.02403846153846154
0 0.9278846153846154 0.05288461538461539 0.02403846153846154 0.02403846153846154
0 0.09855769230769232 0.31009615384615385 0.02403846153846154 0.02403846153846154
0 0.20192307692307693 0.5528846153846154 0.02403846153846154 0.02403846153846154
0 0.22596153846153846 0.608173076923077 0.02403846153846154 0.02403846153846154
0 0.1875 0.6129807692307693 0.02403846153846154 0.02403846153846154
0 0.2956730769230769 0.3653846153846154 0.02403846153846154 0.02403846153846154
0 0.3581730769230769 0.46875 0.02403846153846154 0.02403846153846154
0 0.514423076923077 0.40384615384615385 0.02403846153846154 0.02403846153846154
0 0.6322115384615385 0.4326923076923077 0.02403846153846154 0.02403846153846154
0 0.576923076923077 0.8966346153846154 0.02403846153846154 0.02403846153846154
0 0.8557692307692308 0.9182692307692308 0.02403846153846154 0.02403846153846154
0 0.2355769230769231 0.9639423076923077 0.02403846153846154 0.02403846153846154
0 0.3509615384615385 0.8509615384615385 0.02403846153846154 0.02403846153846154
0 0.49278846153846156 0.8028846153846154 0.02403846153846154 0.02403846153846154
0 0.1201923076923077 0.8653846153846154 0.02403846153846154 0.02403846153846154
0 0.06490384615384616 0.9447115384615385 0.02403846153846154 0.02403846153846154
0 0.28365384615384615 0.4591346153846154 0.02403846153846154 0.02403846153846154
