0 0.4831730769230769 0.9182692307692308 0.02403846153846154 0.02403846153846154
0 0.3701923076923077 0.90625 0.02403846153846154 0.02403846153846154
0 0.4014423076923077 0.8822115384615385 0.02403846153846154 0.02403846153846154
0 0.3028846153846154 0.8774038461538463 0.02403846153846154 0.02403846153846154
0 0.5264423076923077 0.8725961538461539 0.02403846153846154 0.02403846153846154
0 0.858173076923077 0.8653846153846154 0.02403846153846154 0.02403846153846154
0 0.038461538461538464 0.6177884615384616 0.02403846153846154 0.02403846153846154
0 0.48557692307692313 0.5264423076923077 0.02403846153846154 0.02403846153846154
0 0.3894230769230769 0.3966346153846154 0.02403846153846154 0.02403846153846154
0 0.3629807692307693 0.34134615384615385 0.02403846153846154 0.02403846153846154
0 0.5240384615384616 0.2692307692307693 0.02403846153846154 0.02403846153846154
0 0.9230769230769231 0.21875 0.02403846153846154 0.02403846153846154
0 0.05288461538461539 0.08653846153846154 0.02403846153846154 0.02403846153846154
0 0.07451923076923077 0.3004807692307693 0.02403846153846154 0.02403846153846154
0 0.23076923076923078 0.2355769230769231 0.02403846153846154 0.02403846153846154
0 0.34855769230769235 0.2644230769230769 0.02403846153846154 0.02403846153846154
0 0.2932692307692308 0.7283653846153847 0.02403846153846154 0.02403846153846154
0 0.5721153846153847 0.75 0.02403846153846154 0.02403846153846154
0 0.8221153846153847 0.90625 0.02403846153846154 0.02403846153846154
0 0.7115384615384616 0.8533653846153847 0.02403846153846154 0.02403846153846154
0 0.07451923076923077 0.8197115384615385 0.02403846153846154 0.02403846153846154
0 0.06730769230769232 0.6826923076923077 0.02403846153846154 0.02403846153846154
0 0.2091346153846154 0.6346153846153847 0.02403846153846154 0.02403846153846154
