0 0.22115384615384617 0.9663461538461539 0.02403846153846154 0.02403846153846154
0 0.1514423076923077 0.9567307692307693 0.02403846153846154 0.02403846153846154
0 0.40625 0.84375 0.02403846153846154 0.02403846153846154
0 0.8533653846153847 0.7524038461538461 0.02403846153846154 0.02403846153846154
0 0.3774038461538462 0.7091346153846154 0.02403846153846154 0.02403846153846154
0 0.3389423076923077 0.7091346153846154 0.02403846153846154 0.02403846153846154
0 0.7572115384615385 0.6225961538461539 0.02403846153846154 0.02403846153846154
0 0.7307692307692308 0.5673076923076923 0.02403846153846154 0.02403846153846154
0 0.05048076923076923 0.5576923076923077 0.02403846153846154 0.02403846153846154
0 0.8918269230769231 0.4951923076923077 0.02403846153846154 0.02403846153846154
0 0.4206730769230769 0.3125 0.02403846153846154 0.02403846153846154
0 0.2764423076923077 0.19711538461538464 0.02403846153846154 0.02403846153846154
0 0.7572115384615385 0.17307692307692307 0.02403846153846154 0.02403846153846154
0 0.16346153846153846 0.06009615384615385 0.02403846153846154 0.02403846153846154
0 0.1826923076923077 0.36778846153846156 0.02403846153846154 0.02403846153846154
0 0.026442307692307696 0.5576923076923077 0.02403846153846154 0.02403846153846154
0 0.021634615384615384 0.6322115384615385 0.02403846153846154 0.02403846153846154
0 0.021634615384615384 0.7740384615384616 0.02403846153846154 0.02403846153846154
0 0.28605769230769235 0.6105769230769231 0.02403846153846154 0.02403846153846154
0 0.31009615384615385 0.6658653846153847 0.02403846153846154 0.02403846153846154
0 0.2716346153846154 0.670673076923077 0.02403846153846154 0.02403846153846154
0 0.37980769230769235 0.42307692307692313 0.02403846153846154 0.02403846153846154
0 0.44230769230769235 0.5264423076923077 0.02403846153846154 0.02403846153846154
0 0.5985576923076923 0.46153846153846156 0.02403846153846154 0.02403846153846154
0 0.7163461538461539 0.4903846153846154 0.02403846153846154 0.02403846153846154
0 0.6610576923076923 0.9543269230769231 0.02403846153846154 0.02403846153846154
0 0.43509615384615385 0.9086538461538463 0.02403846153846154 0.02403846153846154
0 0.576923076923077 0.8605769230769231 0.02403846153846154 0.02403846153846154
0 0.2043269230769231 0.9230769230769231 0.02403846153846154 0.02403846153846154
0 0.0889423076923077 0.8605769230769231 0.02403846153846154 0.02403846153846154
0 0.36778846153846156 0.5168269230769231 0.02403846153846154 0.02403846153846154
