0 0.5288461538461539 0.9543269230769231 0.02403846153846154 0.02403846153846154
0 0.6995192307692308 0.9423076923076924 0.02403846153846154 0.02403846153846154
0 0.6514423076923077 0.9423076923076924 0.02403846153846154 0.02403846153846154
0 0.6778846153846154 0.9447115384615385 0.02403846153846154 0.02403846153846154
0 0.7716346153846154 0.9230769230769231 0.02403846153846154 0.02403846153846154
0 0.8293269230769231 0.9182692307692308 0.02403846153846154 0.02403846153846154
0 0.7211538461538461 0.8822115384615385 0.02403846153846154 0.02403846153846154
0 0.5096153846153847 0.8653846153846154 0.02403846153846154 0.02403846153846154
0 0.125 0.8485576923076924 0.02403846153846154 0.02403846153846154
0 0.5048076923076923 0.8197115384615385 0.02403846153846154 0.02403846153846154
0 0.6538461538461539 0.8125 0.02403846153846154 0.02403846153846154
0 0.7307692307692308 0.7788461538461539 0.02403846153846154 0.02403846153846154
0 0.5913461538461539 0.7764423076923077 0.02403846153846154 0.02403846153846154
0 0.09375 0.7740384615384616 0.02403846153846154 0.02403846153846154
0 0.44230769230769235 0.7620192307692308 0.02403846153846154 0.02403846153846154
0 0.3269230769230769 0.7451923076923077 0.02403846153846154 0.02403846153846154
0 0.5721153846153847 0.7427884615384616 0.02403846153846154 0.02403846153846154
0 0.6850961538461539 0.733173076923077 0.02403846153846154 0.02403846153846154
0 0.49759615384615385 0.6899038461538461 0.02403846153846154 0.02403846153846154
0 0.28605769230769235 0.6826923076923077 0.02403846153846154 0.02403846153846154
0 0.5793269230769231 0.6274038461538461 0.02403846153846154 0.02403846153846154
0 0.5096153846153847 0.6177884615384616 0.02403846153846154 0.02403846153846154
0 0.23317307692307693 0.5697115384615385 0.02403846153846154 0.02403846153846154
0 0.764423076923077 0.5048076923076923 0.02403846153846154 0.02403846153846154
0 0.7355769230769231 0.3701923076923077 0.02403846153846154 0.02403846153846154
0 0.6971153846153847 0.3701923076923077 0.02403846153846154 0.02403846153846154
0 0.4086538461538462 0.21875 0.02403846153846154 0.02403846153846154
0 0.3269230769230769 0.16826923076923078 0.02403846153846154 0.02403846153846154
0 0.5408653846153847 0.028846153846153848 0.02403846153846154 0.02403846153846154
0 0.3509615384615385 0.09855769230769232 0.02403846153846154 0.02403846153846154
0 0.16346153846153846 0.09615384615384616 0.02403846153846154 0.02403846153846154
0 0.24278846153846156 0.057692307692307696 0.02403846153846154 0.02403846153846154
0 0.2764423076923077 0.1514423076923077 0.02403846153846154 0.02403846153846154
0 0.3245192307692308 0.08413461538461539 0.02403846153846154 0.02403846153846154
0 0.38461538461538464 0.21875 0.02403846153846154 0.02403846153846154
0 0.37980769230769235 0.2932692307692308 0.02403846153846154 0.02403846153846154
0 0.37980769230769235 0.43509615384615385 0.02403846153846154 0.02403846153846154
0 0.6442307692307693 0.2716346153846154 0.02403846153846154 0.02403846153846154
0 0.6682692307692308 0.3269230769230769 0.02403846153846154 0.02403846153846154
0 0.6298076923076923 0.3317307692307693 0.02403846153846154 0.02403846153846154
0 0.7379807692307693 0.08413461538461539 0.02403846153846154 0.02403846153846154
0 0.8004807692307693 0.1875 0.02403846153846154 0.02403846153846154
0 0.9567307692307693 0.12259615384615385 0.02403846153846154 0.02403846153846154
0 0.8004807692307693 0.7067307692307693 0.02403846153846154 0.02403846153846154
0 0.6778846153846154 0.6826923076923077 0.02403846153846154 0.02403846153846154
0 0.7932692307692308 0.5697115384615385 0.02403846153846154 0.02403846153846154
0 0.9350961538461539 0.5216346153846154 0.02403846153846154 0.02403846153846154
0 0.5625 0.5841346153846154 0.02403846153846154 0.02403846153846154
0 0.44711538461538464 0.5216346153846154 0.02403846153846154 0.02403846153846154
0 0.5072115384615384 0.6634615384615385 0.02403846153846154 0.02403846153846154
0 0.49759615384615385 0.7524038461538461 0.02403846153846154 0.02403846153846154
0 0.5697115384615385 0.8293269230769231 0.02403846153846154 0.02403846153846154
0 0.41105769230769235 0.8774038461538463 0.02403846153846154 0.02403846153846154
0 0.38461538461538464 0.826923076923077 0.02403846153846154 0.02403846153846154
0 0.03365384615384616 0.7932692307692308 0.02403846153846154 0.02403846153846154
0 0.026442307692307696 0.84375 0.02403846153846154 0.02403846153846154
0 0.0625 0.6850961538461539 0.02403846153846154 0.02403846153846154
0 0.16826923076923078 0.6153846153846154 0.02403846153846154 0.02403846153846154
0 0.7259615384615385 0.1778846153846154 0.02403846153846154 0.02403846153846154
0 0.2668269230769231 0.6514423076923077 0.02403846153846154 0.02403846153846154
