0 0.3245192307692308 0.96875 0.02403846153846154 0.02403846153846154
0 0.7235576923076924 0.96875 0.02403846153846154 0.02403846153846154
0 0.2043269230769231 0.9567307692307693 0.02403846153846154 0.02403846153846154
0 0.5649038461538461 0.9471153846153847 0.02403846153846154 0.02403846153846154
0 0.4567307692307693 0.9447115384615385 0.02403846153846154 0.02403846153846154
0 0.4206730769230769 0.9350961538461539 0.02403846153846154 0.02403846153846154
0 0.04567307692307693 0.9230769230769231 0.02403846153846154 0.02403846153846154
0 0.13461538461538464 0.9086538461538463 0.02403846153846154 0.02403846153846154
0 0.8341346153846154 0.9182692307692308 0.02403846153846154 0.02403846153846154
0 0.3557692307692308 0.9086538461538463 0.02403846153846154 0.02403846153846154
0 0.5408653846153847 0.889423076923077 0.02403846153846154 0.02403846153846154
0 0.16346153846153846 0.8870192307692308 0.02403846153846154 0.02403846153846154
0 0.7259615384615385 0.8822115384615385 0.02403846153846154 0.02403846153846154
0 0.19471153846153846 0.8629807692307693 0.02403846153846154 0.02403846153846154
0 0.026442307692307696 0.8221153846153847 0.02403846153846154 0.02403846153846154
0 0.03605769230769231 0.8076923076923077 0.02403846153846154 0.02403846153846154
0 0.4495192307692308 0.8028846153846154 0.02403846153846154 0.02403846153846154
0 0.3605769230769231 0.7980769230769231 0.02403846153846154 0.02403846153846154
0 0.3269230769230769 0.7716346153846154 0.02403846153846154 0.02403846153846154
0 0.07932692307692309 0.7572115384615385 0.02403846153846154 0.02403846153846154
0 0.09134615384615385 0.7403846153846154 0.02403846153846154 0.02403846153846154
0 0.22115384615384617 0.7355769230769231 0.02403846153846154 0.02403846153846154
0 0.25961538461538464 0.6923076923076923 0.02403846153846154 0.02403846153846154
0 0.16346153846153846 0.6899038461538461 0.02403846153846154 0.02403846153846154
0 0.6201923076923077 0.6538461538461539 0.02403846153846154 0.02403846153846154
0 0.9375 0.6442307692307693 0.02403846153846154 0.02403846153846154
0 0.07211538461538462 0.6514423076923077 0.02403846153846154 0.02403846153846154
0 0.24759615384615385 0.6298076923076923 0.02403846153846154 0.02403846153846154
0 0.07932692307692309 0.6298076923076923 0.02403846153846154 0.02403846153846154
0 0.22836538461538464 0.608173076923077 0.02403846153846154 0.02403846153846154
0 0.24759615384615385 0.6009615384615385 0.02403846153846154 0.02403846153846154
0 0.3581730769230769 0.5913461538461539 0.02403846153846154 0.02403846153846154
0 0.18509615384615385 0.576923076923077 0.02403846153846154 0.02403846153846154
0 0.29086538461538464 0.5745192307692308 0.02403846153846154 0.02403846153846154
0 0.11057692307692309 0.5697115384615385 0.02403846153846154 0.02403846153846154
0 0.3341346153846154 0.5576923076923077 0.02403846153846154 0.02403846153846154
0 0.5408653846153847 0.5408653846153847 0.02403846153846154 0.02403846153846154
0 0.28125 0.5384615384615385 0.02403846153846154 0.02403846153846154
0 0.22836538461538464 0.5336538461538461 0.02403846153846154 0.02403846153846154
0 0.20673076923076925 0.5096153846153847 0.02403846153846154 0.02403846153846154
0 0.9158653846153847 0.5072115384615384 0.02403846153846154 0.02403846153846154
0 0.07692307692307693 0.4903846153846154 0.02403846153846154 0.02403846153846154
0 0.04807692307692308 0.47355769230769235 0.02403846153846154 0.02403846153846154
0 0.3317307692307693 0.4639423076923077 0.02403846153846154 0.02403846153846154
0 0.5793269230769231 0.45432692307692313 0.02403846153846154 0.02403846153846154
0 0.8870192307692308 0.4086538461538462 0.02403846153846154 0.02403846153846154
0 0.03125 0.4014423076923077 0.02403846153846154 0.02403846153846154
0 0.43509615384615385 0.4014423076923077 0.02403846153846154 0.02403846153846154
0 0.06009615384615385 0.3942307692307693 0.02403846153846154 0.02403846153846154
0 0.15865384615384617 0.34375 0.02403846153846154 0.02403846153846154
0 0.03125 0.3197115384615385 0.02403846153846154 0.02403846153846154
0 0.12980769230769232 0.31490384615384615 0.02403846153846154 0.02403846153846154
0 0.4014423076923077 0.31490384615384615 0.02403846153846154 0.02403846153846154
0 0.2403846153846154 0.31009615384615385 0.02403846153846154 0.02403846153846154
0 0.2716346153846154 0.31009615384615385 0.02403846153846154 0.02403846153846154
0 0.6009615384615385 0.3028846153846154 0.02403846153846154 0.02403846153846154
0 0.22115384615384617 0.25480769230769235 0.02403846153846154 0.02403846153846154
0 0.27403846153846156 0.25240384615384615 0.02403846153846154 0.02403846153846154
0 0.05288461538461539 0.24759615384615385 0.02403846153846154 0.02403846153846154
0 0.3629807692307693 0.25 0.02403846153846154 0.02403846153846154
0 0.34855769230769235 0.21634615384615385 0.02403846153846154 0.02403846153846154
0 0.24759615384615385 0.2043269230769231 0.02403846153846154 0.02403846153846154
0 0.4326923076923077 0.13461538461538464 0.02403846153846154 0.02403846153846154
0 0.3197115384615385 0.12259615384615385 0.02403846153846154 0.02403846153846154
0 0.3509615384615385 0.09855769230769232 0.02403846153846154 0.02403846153846154
0 0.25240384615384615 0.09375 0.02403846153846154 0.02403846153846154
0 0.4759615384615385 0.0889423076923077 0.02403846153846154 0.02403846153846154
0 0.8076923076923077 0.08173076923076923 0.02403846153846154 0.02403846153846154
0 0.7716346153846154 0.12259615384615385 0.02403846153846154 0.02403846153846154
0 0.6610576923076923 0.06971153846153846 0.02403846153846154 0.02403846153846154
0 0.4951923076923077 0.25 0.02403846153846154 0.02403846153846154
0 0.4759615384615385 0.2956730769230769 0.02403846153846154 0.02403846153846154
0 0.4495192307692308 0.18990384615384617 0.02403846153846154 0.02403846153846154
0 0.3918269230769231 0.2043269230769231 0.02403846153846154 0.02403846153846154
0 0.34615384615384615 0.19230769230769232 0.02403846153846154 0.02403846153846154
0 0.02403846153846154 0.03605769230769231 0.02403846153846154 0.02403846153846154
0 0.23798076923076925 0.43509615384615385 0.02403846153846154 0.02403846153846154
0 0.05528846153846154 0.8341346153846154 0.02403846153846154 0.02403846153846154
0 0.23076923076923078 0.8052884615384616 0.02403846153846154 0.02403846153846154
0 0.1826923076923077 0.7572115384615385 0.02403846153846154 0.02403846153846154
0 0.3028846153846154 0.7524038461538461 0.02403846153846154 0.02403846153846154
0 0.31490384615384615 0.7884615384615385 0.02403846153846154 0.02403846153846154
0 0.3870192307692308 0.8509615384615385 0.02403846153846154 0.02403846153846154
0 0.4206730769230769 0.8533653846153847 0.02403846153846154 0.02403846153846154
0 0.31730769230769235 0.9278846153846154 0.02403846153846154 0.02403846153846154
0 0.43509615384615385 0.6105769230769231 0.02403846153846154 0.02403846153846154
0 0.4711538461538462 0.6538461538461539 0.02403846153846154 0.02403846153846154
0 0.4879807692307693 0.7836538461538461 0.02403846153846154 0.02403846153846154
