0 0.21875 0.9543269230769231 0.02403846153846154 0.02403846153846154
0 0.6730769230769231 0.9423076923076924 0.02403846153846154 0.02403846153846154
0 0.4086538461538462 0.7884615384615385 0.02403846153846154 0.02403846153846154
0 0.6682692307692308 0.7067307692307693 0.02403846153846154 0.02403846153846154
0 0.22115384615384617 0.6586538461538461 0.02403846153846154 0.02403846153846154
0 0.15865384615384617 0.5600961538461539 0.02403846153846154 0.02403846153846154
0 0.03365384615384616 0.3581730769230769 0.02403846153846154 0.02403846153846154
0 0.8389423076923077 0.2403846153846154 0.02403846153846154 0.02403846153846154
0 0.6971153846153847 0.03605769230769231 0.02403846153846154 0.02403846153846154
0 0.7932692307692308 0.02403846153846154 0.02403846153846154 0.02403846153846154
0 0.48557692307692313 0.4639423076923077 0.02403846153846154 0.02403846153846154
0 0.9110576923076924 0.23076923076923078 0.02403846153846154 0.02403846153846154
0 0.5360576923076923 0.826923076923077 0.02403846153846154 0.02403846153846154
0 0.5552884615384616 0.9302884615384616 0.02403846153846154 0.02403846153846154
0 0.6346153846153847 0.8725961538461539 0.02403846153846154 0.02403846153846154
0 0.6875 0.7379807692307693 0.02403846153846154 0.02403846153846154
0 0.4182692307692308 0.8557692307692308 0.02403846153846154 0.02403846153846154
