0 0.08653846153846154 0.9711538461538463 0.02403846153846154 0.02403846153846154
0 0.2091346153846154 0.9663461538461539 0.02403846153846154 0.02403846153846154
0 0.4495192307692308 0.9543269230769231 0.02403846153846154 0.02403846153846154
0 0.9158653846153847 0.9495192307692308 0.02403846153846154 0.02403846153846154
0 0.49278846153846156 0.9375 0.02403846153846154 0.02403846153846154
0 0.6682692307692308 0.9350961538461539 0.02403846153846154 0.02403846153846154
0 0.12740384615384617 0.9302884615384616 0.02403846153846154 0.02403846153846154
0 0.6057692307692308 0.9230769230769231 0.02403846153846154 0.02403846153846154
0 0.6802884615384616 0.9182692307692308 0.02403846153846154 0.02403846153846154
0 0.8100961538461539 0.9134615384615385 0.02403846153846154 0.02403846153846154
0 0.3822115384615385 0.9134615384615385 0.02403846153846154 0.02403846153846154
0 0.5216346153846154 0.9110576923076924 0.02403846153846154 0.02403846153846154
0 0.25 0.90625 0.02403846153846154 0.02403846153846154
0 0.06490384615384616 0.9014423076923077 0.02403846153846154 0.02403846153846154
0 0.4567307692307693 0.8918269230769231 0.02403846153846154 0.02403846153846154
0 0.11057692307692309 0.8918269230769231 0.02403846153846154 0.02403846153846154
0 0.8485576923076924 0.8701923076923077 0.02403846153846154 0.02403846153846154
0 0.14423076923076925 0.8725961538461539 0.02403846153846154 0.02403846153846154
0 0.7524038461538461 0.8677884615384616 0.02403846153846154 0.02403846153846154
0 0.3509615384615385 0.858173076923077 0.02403846153846154 0.02403846153846154
0 0.04326923076923077 0.8533653846153847 0.02403846153846154 0.02403846153846154
0 0.026442307692307696 0.84375 0.02403846153846154 0.02403846153846154
0 0.25480769230769235 0.8413461538461539 0.02403846153846154 0.02403846153846154
0 0.6105769230769231 0.8365384615384616 0.02403846153846154 0.02403846153846154
0 0.3317307692307693 0.8293269230769231 0.02403846153846154 0.02403846153846154
0 0.28365384615384615 0.8293269230769231 0.02403846153846154 0.02403846153846154
0 0.6610576923076923 0.8293269230769231 0.02403846153846154 0.02403846153846154
0 0.21153846153846156 0.8197115384615385 0.02403846153846154 0.02403846153846154
0 0.514423076923077 0.8100961538461539 0.02403846153846154 0.02403846153846154
0 0.32211538461538464 0.8125 0.02403846153846154 0.02403846153846154
0 0.07692307692307693 0.8100961538461539 0.02403846153846154 0.02403846153846154
0 0.8365384615384616 0.8076923076923077 0.02403846153846154 0.02403846153846154
0 0.6682692307692308 0.8076923076923077 0.02403846153846154 0.02403846153846154
0 0.13942307692307693 0.7884615384615385 0.02403846153846154 0.02403846153846154
0 0.8173076923076924 0.7860576923076924 0.02403846153846154 0.02403846153846154
0 0.8365384615384616 0.7788461538461539 0.02403846153846154 0.02403846153846154
0 0.22115384615384617 0.7764423076923077 0.02403846153846154 0.02403846153846154
0 0.9471153846153847 0.7692307692307693 0.02403846153846154 0.02403846153846154
0 0.7740384615384616 0.7548076923076924 0.02403846153846154 0.02403846153846154
0 0.6105769230769231 0.7524038461538461 0.02403846153846154 0.02403846153846154
0 0.49759615384615385 0.7524038461538461 0.02403846153846154 0.02403846153846154
0 0.8798076923076924 0.7524038461538461 0.02403846153846154 0.02403846153846154
0 0.6995192307692308 0.7475961538461539 0.02403846153846154 0.02403846153846154
0 0.11778846153846155 0.7379807692307693 0.02403846153846154 0.02403846153846154
0 0.9230769230769231 0.7355769230769231 0.02403846153846154 0.02403846153846154
0 0.8701923076923077 0.7163461538461539 0.02403846153846154 0.02403846153846154
0 0.8173076923076924 0.7115384615384616 0.02403846153846154 0.02403846153846154
0 0.28365384615384615 0.6971153846153847 0.02403846153846154 0.02403846153846154
0 0.795673076923077 0.6875 0.02403846153846154 0.02403846153846154
0 0.44711538461538464 0.6730769230769231 0.02403846153846154 0.02403846153846154
0 0.07211538461538462 0.6682692307692308 0.02403846153846154 0.02403846153846154
0 0.2716346153846154 0.6658653846153847 0.02403846153846154 0.02403846153846154
0 0.6658653846153847 0.6682692307692308 0.02403846153846154 0.02403846153846154
0 0.47355769230769235 0.6586538461538461 0.02403846153846154 0.02403846153846154
0 0.3605769230769231 0.6538461538461539 0.02403846153846154 0.02403846153846154
0 0.6370192307692308 0.6514423076923077 0.02403846153846154 0.02403846153846154
0 0.920673076923077 0.6418269230769231 0.02403846153846154 0.02403846153846154
0 0.16826923076923078 0.6346153846153847 0.02403846153846154 0.02403846153846154
0 0.3341346153846154 0.6322115384615385 0.02403846153846154 0.02403846153846154
0 0.576923076923077 0.6298076923076923 0.02403846153846154 0.02403846153846154
0 0.23798076923076925 0.6057692307692308 0.02403846153846154 0.02403846153846154
0 0.608173076923077 0.5985576923076923 0.02403846153846154 0.02403846153846154
0 0.5264423076923077 0.5817307692307693 0.02403846153846154 0.02403846153846154
0 0.03125 0.5817307692307693 0.02403846153846154 0.02403846153846154
0 0.6201923076923077 0.5793269230769231 0.02403846153846154 0.02403846153846154
0 0.6490384615384616 0.5721153846153847 0.02403846153846154 0.02403846153846154
0 0.7475961538461539 0.5216346153846154 0.02403846153846154 0.02403846153846154
0 0.21875 0.5120192307692308 0.02403846153846154 0.02403846153846154
0 0.6201923076923077 0.49759615384615385 0.02403846153846154 0.02403846153846154
0 0.71875 0.49278846153846156 0.02403846153846154 0.02403846153846154
0 0.2451923076923077 0.4903846153846154 0.02403846153846154 0.02403846153846154
0 0.8293269230769231 0.4879807692307693 0.02403846153846154 0.02403846153846154
0 0.8605769230769231 0.4879807692307693 0.02403846153846154 0.02403846153846154
0 0.34134615384615385 0.46153846153846156 0.02403846153846154 0.02403846153846154
0 0.5120192307692308 0.4495192307692308 0.02403846153846154 0.02403846153846154
0 0.4639423076923077 0.4495192307692308 0.02403846153846154 0.02403846153846154
0 0.4903846153846154 0.4519230769230769 0.02403846153846154 0.02403846153846154
0 0.8100961538461539 0.4326923076923077 0.02403846153846154 0.02403846153846154
0 0.8629807692307693 0.43028846153846156 0.02403846153846154 0.02403846153846154
0 0.5841346153846154 0.43028846153846156 0.02403846153846154 0.02403846153846154
0 0.6418269230769231 0.4254807692307693 0.02403846153846154 0.02403846153846154
0 0.951923076923077 0.4278846153846154 0.02403846153846154 0.02403846153846154
0 0.9375 0.3942307692307693 0.02403846153846154 0.02403846153846154
0 0.5336538461538461 0.3894230769230769 0.02403846153846154 0.02403846153846154
0 0.8365384615384616 0.3822115384615385 0.02403846153846154 0.02403846153846154
0 0.32211538461538464 0.37259615384615385 0.02403846153846154 0.02403846153846154
0 0.31730769230769235 0.3269230769230769 0.02403846153846154 0.02403846153846154
0 0.46634615384615385 0.3197115384615385 0.02403846153846154 0.02403846153846154
0 0.9086538461538463 0.3004807692307693 0.02403846153846154 0.02403846153846154
0 0.5432692307692308 0.28605769230769235 0.02403846153846154 0.02403846153846154
0 0.40384615384615385 0.28365384615384615 0.02403846153846154 0.02403846153846154
0 0.9399038461538463 0.2764423076923077 0.02403846153846154 0.02403846153846154
0 0.8413461538461539 0.2716346153846154 0.02403846153846154 0.02403846153846154
0 0.25480769230769235 0.2692307692307693 0.02403846153846154 0.02403846153846154
0 0.13942307692307693 0.25240384615384615 0.02403846153846154 0.02403846153846154
0 0.38461538461538464 0.25 0.02403846153846154 0.02403846153846154
0 0.49759615384615385 0.2403846153846154 0.02403846153846154 0.02403846153846154
0 0.31009615384615385 0.19711538461538464 0.02403846153846154 0.02403846153846154
0 0.09855769230769232 0.18990384615384617 0.02403846153846154 0.02403846153846154
0 0.3918269230769231 0.13461538461538464 0.02403846153846154 0.02403846153846154
0 0.32211538461538464 0.125 0.02403846153846154 0.02403846153846154
0 0.04567307692307693 0.07692307692307693 0.02403846153846154 0.02403846153846154
0 0.8317307692307693 0.12259615384615385 0.02403846153846154 0.02403846153846154
0 0.9350961538461539 0.3701923076923077 0.02403846153846154 0.02403846153846154
0 0.6129807692307693 0.2139423076923077 0.02403846153846154 0.02403846153846154
0 0.4903846153846154 0.18990384615384617 0.02403846153846154 0.02403846153846154
0 0.6057692307692308 0.07692307692307693 0.02403846153846154 0.02403846153846154
0 0.7475961538461539 0.028846153846153848 0.02403846153846154 0.02403846153846154
0 0.375 0.09134615384615385 0.02403846153846154 0.02403846153846154
0 0.25961538461538464 0.028846153846153848 0.02403846153846154 0.02403846153846154
0 0.3197115384615385 0.17067307692307693 0.02403846153846154 0.02403846153846154
0 0.31009615384615385 0.25961538461538464 0.02403846153846154 0.02403846153846154
0 0.3822115384615385 0.33653846153846156 0.02403846153846154 0.02403846153846154
0 0.22355769230769232 0.38461538461538464 0.02403846153846154 0.02403846153846154
0 0.19711538461538464 0.3341346153846154 0.02403846153846154 0.02403846153846154
0 0.4951923076923077 0.5625 0.02403846153846154 0.02403846153846154
0 0.5072115384615384 0.5048076923076923 0.02403846153846154 0.02403846153846154
0 0.5480769230769231 0.5096153846153847 0.02403846153846154 0.02403846153846154
0 0.5336538461538461 0.4879807692307693 0.02403846153846154 0.02403846153846154
0 0.826923076923077 0.6129807692307693 0.02403846153846154 0.02403846153846154
0 0.5528846153846154 0.6875 0.02403846153846154 0.02403846153846154
0 0.5504807692307693 0.7379807692307693 0.02403846153846154 0.02403846153846154
0 0.5745192307692308 0.7932692307692308 0.02403846153846154 0.02403846153846154
0 0.545673076923077 0.7668269230769231 0.02403846153846154 0.02403846153846154
0 0.5576923076923077 0.8197115384615385 0.02403846153846154 0.02403846153846154
0 0.5889423076923077 0.8317307692307693 0.02403846153846154 0.02403846153846154
0 0.4903846153846154 0.858173076923077 0.02403846153846154 0.02403846153846154
0 0.4278846153846154 0.78125 0.02403846153846154 0.02403846153846154
0 0.4639423076923077 0.795673076923077 0.02403846153846154 0.02403846153846154
0 0.4591346153846154 0.7163461538461539 0.02403846153846154 0.02403846153846154
0 0.3966346153846154 0.84375 0.02403846153846154 0.02403846153846154
0 0.4567307692307693 0.9711538461538463 0.02403846153846154 0.02403846153846154
0 0.5216346153846154 0.9278846153846154 0.02403846153846154 0.02403846153846154
0 0.545673076923077 0.8846153846153847 0.02403846153846154 0.02403846153846154
0 0.7716346153846154 0.9350961538461539 0.02403846153846154 0.02403846153846154
0 0.8918269230769231 0.9302884615384616 0.02403846153846154 0.02403846153846154
0 0.9038461538461539 0.9663461538461539 0.02403846153846154 0.02403846153846154
0 0.20673076923076925 0.9134615384615385 0.02403846153846154 0.02403846153846154
0 0.2043269230769231 0.8966346153846154 0.02403846153846154 0.02403846153846154
0 0.2692307692307693 0.9086538461538463 0.02403846153846154 0.02403846153846154
0 0.19230769230769232 0.8052884615384616 0.02403846153846154 0.02403846153846154
0 0.19711538461538464 0.7235576923076924 0.02403846153846154 0.02403846153846154
0 0.19230769230769232 0.6754807692307693 0.02403846153846154 0.02403846153846154
0 0.07932692307692309 0.15865384615384617 0.02403846153846154 0.02403846153846154
