0 0.576923076923077 0.9639423076923077 0.02403846153846154 0.02403846153846154
0 0.3822115384615385 0.9471153846153847 0.02403846153846154 0.02403846153846154
0 0.2716346153846154 0.9399038461538463 0.02403846153846154 0.02403846153846154
0 0.18509615384615385 0.9158653846153847 0.02403846153846154 0.02403846153846154
0 0.8293269230769231 0.858173076923077 0.02403846153846154 0.02403846153846154
0 0.0625 0.8365384615384616 0.02403846153846154 0.02403846153846154
0 0.6466346153846154 0.8100961538461539 0.02403846153846154 0.02403846153846154
0 0.4495192307692308 0.8004807692307693 0.02403846153846154 0.02403846153846154
0 0.14903846153846154 0.7716346153846154 0.02403846153846154 0.02403846153846154
0 0.03125 0.7620192307692308 0.02403846153846154 0.02403846153846154
0 0.6057692307692308 0.7283653846153847 0.02403846153846154 0.02403846153846154
0 0.4639423076923077 0.6995192307692308 0.02403846153846154 0.02403846153846154
0 0.18990384615384617 0.6923076923076923 0.02403846153846154 0.02403846153846154
0 0.04807692307692308 0.6802884615384616 0.02403846153846154 0.02403846153846154
0 0.46634615384615385 0.6754807692307693 0.02403846153846154 0.02403846153846154
0 0.6033653846153847 0.6658653846153847 0.02403846153846154 0.02403846153846154
0 0.5625 0.5 0.02403846153846154 0.02403846153846154
0 0.5745192307692308 0.34615384615384615 0.02403846153846154 0.02403846153846154
0 0.2668269230769231 0.14182692307692307 0.02403846153846154 0.02403846153846154
0 0.04567307692307693 0.05528846153846154 0.02403846153846154 0.02403846153846154
0 0.9110576923076924 0.8725961538461539 0.02403846153846154 0.02403846153846154
0 0.53125 0.5384615384615385 0.02403846153846154 0.02403846153846154
0 0.5841346153846154 0.3870192307692308 0.02403846153846154 0.02403846153846154
0 0.021634615384615384 0.38461538461538464 0.02403846153846154 0.02403846153846154
0 0.3293269230769231 0.9278846153846154 0.02403846153846154 0.02403846153846154
0 0.4903846153846154 0.22836538461538464 0.02403846153846154 0.02403846153846154
0 0.3197115384615385 0.6514423076923077 0.02403846153846154 0.02403846153846154
0 0.3701923076923077 0.6153846153846154 0.02403846153846154 0.02403846153846154
0 0.5793269230769231 0.6850961538461539 0.02403846153846154 0.02403846153846154
0 0.6274038461538461 0.5408653846153847 0.02403846153846154 0.02403846153846154
