0 0.875 0.9591346153846154 0.02403846153846154 0.02403846153846154
0 0.6033653846153847 0.9567307692307693 0.02403846153846154 0.02403846153846154
0 0.6490384615384616 0.9471153846153847 0.02403846153846154 0.02403846153846154
0 0.4903846153846154 0.9399038461538463 0.02403846153846154 0.02403846153846154
0 0.6322115384615385 0.9350961538461539 0.02403846153846154 0.02403846153846154
0 0.31730769230769235 0.9375 0.02403846153846154 0.02403846153846154
0 0.2043269230769231 0.9254807692307693 0.02403846153846154 0.02403846153846154
0 0.05048076923076923 0.9086538461538463 0.02403846153846154 0.02403846153846154
0 0.4759615384615385 0.8990384615384616 0.02403846153846154 0.02403846153846154
0 0.07932692307692309 0.8990384615384616 0.02403846153846154 0.02403846153846154
0 0.05048076923076923 0.889423076923077 0.02403846153846154 0.02403846153846154
0 0.5192307692307693 0.8870192307692308 0.02403846153846154 0.02403846153846154
0 0.4326923076923077 0.8822115384615385 0.02403846153846154 0.02403846153846154
0 0.40625 0.8846153846153847 0.02403846153846154 0.02403846153846154
0 0.8533653846153847 0.8798076923076924 0.02403846153846154 0.02403846153846154
0 0.14182692307692307 0.8653846153846154 0.02403846153846154 0.02403846153846154
0 0.08653846153846154 0.8653846153846154 0.02403846153846154 0.02403846153846154
0 0.6033653846153847 0.8557692307692308 0.02403846153846154 0.02403846153846154
0 0.53125 0.8557692307692308 0.02403846153846154 0.02403846153846154
0 0.6514423076923077 0.8533653846153847 0.02403846153846154 0.02403846153846154
0 0.3389423076923077 0.8413461538461539 0.02403846153846154 0.02403846153846154
0 0.5841346153846154 0.8293269230769231 0.02403846153846154 0.02403846153846154
0 0.37980769230769235 0.8245192307692308 0.02403846153846154 0.02403846153846154
0 0.20673076923076925 0.8245192307692308 0.02403846153846154 0.02403846153846154
0 0.028846153846153848 0.8197115384615385 0.02403846153846154 0.02403846153846154
0 0.23317307692307693 0.8173076923076924 0.02403846153846154 0.02403846153846154
0 0.6826923076923077 0.795673076923077 0.02403846153846154 0.02403846153846154
0 0.06971153846153846 0.7932692307692308 0.02403846153846154 0.02403846153846154
0 0.8245192307692308 0.7908653846153847 0.02403846153846154 0.02403846153846154
0 0.7716346153846154 0.7908653846153847 0.02403846153846154 0.02403846153846154
0 0.639423076923077 0.7884615384615385 0.02403846153846154 0.02403846153846154
0 0.41105769230769235 0.7716346153846154 0.02403846153846154 0.02403846153846154
0 0.11298076923076923 0.7668269230769231 0.02403846153846154 0.02403846153846154
0 0.5697115384615385 0.764423076923077 0.02403846153846154 0.02403846153846154
0 0.22115384615384617 0.7620192307692308 0.02403846153846154 0.02403846153846154
0 0.03125 0.7355769230769231 0.02403846153846154 0.02403846153846154
0 0.795673076923077 0.7235576923076924 0.02403846153846154 0.02403846153846154
0 0.4182692307692308 0.7211538461538461 0.02403846153846154 0.02403846153846154
0 0.733173076923077 0.6778846153846154 0.02403846153846154 0.02403846153846154
0 0.08173076923076923 0.670673076923077 0.02403846153846154 0.02403846153846154
0 0.375 0.6658653846153847 0.02403846153846154 0.02403846153846154
0 0.19711538461538464 0.6490384615384616 0.02403846153846154 0.02403846153846154
0 0.889423076923077 0.6274038461538461 0.02403846153846154 0.02403846153846154
0 0.6177884615384616 0.6274038461538461 0.02403846153846154 0.02403846153846154
0 0.25961538461538464 0.6274038461538461 0.02403846153846154 0.02403846153846154
0 0.28125 0.625 0.02403846153846154 0.02403846153846154
0 0.25961538461538464 0.6057692307692308 0.02403846153846154 0.02403846153846154
0 0.0625 0.6057692307692308 0.02403846153846154 0.02403846153846154
0 0.9086538461538463 0.608173076923077 0.02403846153846154 0.02403846153846154
0 0.8052884615384616 0.5961538461538461 0.02403846153846154 0.02403846153846154
0 0.22355769230769232 0.5865384615384616 0.02403846153846154 0.02403846153846154
0 0.24278846153846156 0.5841346153846154 0.02403846153846154 0.02403846153846154
0 0.05528846153846154 0.5793269230769231 0.02403846153846154 0.02403846153846154
0 0.28605769230769235 0.576923076923077 0.02403846153846154 0.02403846153846154
0 0.7379807692307693 0.5625 0.02403846153846154 0.02403846153846154
0 0.6033653846153847 0.5552884615384616 0.02403846153846154 0.02403846153846154
0 0.9326923076923077 0.545673076923077 0.02403846153846154 0.02403846153846154
0 0.21875 0.5360576923076923 0.02403846153846154 0.02403846153846154
0 0.31730769230769235 0.53125 0.02403846153846154 0.02403846153846154
0 0.45432692307692313 0.5264423076923077 0.02403846153846154 0.02403846153846154
0 0.44230769230769235 0.5192307692307693 0.02403846153846154 0.02403846153846154
0 0.2139423076923077 0.5024038461538461 0.02403846153846154 0.02403846153846154
0 0.15625 0.47355769230769235 0.02403846153846154 0.02403846153846154
0 0.3341346153846154 0.46875 0.02403846153846154 0.02403846153846154
0 0.5432692307692308 0.4639423076923077 0.02403846153846154 0.02403846153846154
0 0.34855769230769235 0.4447115384615385 0.02403846153846154 0.02403846153846154
0 0.1826923076923077 0.42307692307692313 0.02403846153846154 0.02403846153846154
0 0.6514423076923077 0.4182692307692308 0.02403846153846154 0.02403846153846154
0 0.9038461538461539 0.40384615384615385 0.02403846153846154 0.02403846153846154
0 0.2932692307692308 0.40384615384615385 0.02403846153846154 0.02403846153846154
0 0.3317307692307693 0.38461538461538464 0.02403846153846154 0.02403846153846154
0 0.2139423076923077 0.3317307692307693 0.02403846153846154 0.02403846153846154
0 0.06730769230769232 0.31730769230769235 0.02403846153846154 0.02403846153846154
0 0.9615384615384616 0.3125 0.02403846153846154 0.02403846153846154
0 0.6057692307692308 0.3125 0.02403846153846154 0.02403846153846154
0 0.5408653846153847 0.28605769230769235 0.02403846153846154 0.02403846153846154
0 0.34615384615384615 0.2692307692307693 0.02403846153846154 0.02403846153846154
0 0.2355769230769231 0.2620192307692308 0.02403846153846154 0.02403846153846154
0 0.14903846153846154 0.23798076923076925 0.02403846153846154 0.02403846153846154
0 0.7932692307692308 0.18028846153846154 0.02403846153846154 0.02403846153846154
0 0.026442307692307696 0.15865384615384617 0.02403846153846154 0.02403846153846154
0 0.6105769230769231 0.13221153846153846 0.02403846153846154 0.02403846153846154
0 0.4134615384615385 0.12259615384615385 0.02403846153846154 0.02403846153846154
0 0.11298076923076923 0.09375 0.02403846153846154 0.02403846153846154
0 0.5697115384615385 0.05048076923076923 0.02403846153846154 0.02403846153846154
0 0.875 0.19471153846153846 0.02403846153846154 0.02403846153846154
0 0.7379807692307693 0.41105769230769235 0.02403846153846154 0.02403846153846154
0 0.4326923076923077 0.7860576923076924 0.02403846153846154 0.02403846153846154
0 0.38461538461538464 0.7860576923076924 0.02403846153846154 0.02403846153846154
0 0.3389423076923077 0.7572115384615385 0.02403846153846154 0.02403846153846154
0 0.34134615384615385 0.670673076923077 0.02403846153846154 0.02403846153846154
0 0.3629807692307693 0.5793269230769231 0.02403846153846154 0.02403846153846154
0 0.4903846153846154 0.5024038461538461 0.02403846153846154 0.02403846153846154
0 0.5576923076923077 0.34134615384615385 0.02403846153846154 0.02403846153846154
0 0.3629807692307693 0.2980769230769231 0.02403846153846154 0.02403846153846154
0 0.2932692307692308 0.25 0.02403846153846154 0.02403846153846154
0 0.11538461538461539 0.9182692307692308 0.02403846153846154 0.02403846153846154
0 0.18028846153846154 0.75 0.02403846153846154 0.02403846153846154
0 0.18028846153846154 0.7043269230769231 0.02403846153846154 0.02403846153846154
0 0.038461538461538464 0.6778846153846154 0.02403846153846154 0.02403846153846154
0 0.04326923076923077 0.7091346153846154 0.02403846153846154 0.02403846153846154
0 0.07451923076923077 0.576923076923077 0.02403846153846154 0.02403846153846154
0 0.6177884615384616 0.9663461538461539 0.02403846153846154 0.02403846153846154
0 0.5745192307692308 0.9495192307692308 0.02403846153846154 0.02403846153846154
0 0.545673076923077 0.8870192307692308 0.02403846153846154 0.02403846153846154
0 0.5024038461538461 0.9038461538461539 0.02403846153846154 0.02403846153846154
0 0.670673076923077 0.9038461538461539 0.02403846153846154 0.02403846153846154
0 0.6105769230769231 0.8052884615384616 0.02403846153846154 0.02403846153846154
0 0.8870192307692308 0.46634615384615385 0.02403846153846154 0.02403846153846154
0 0.4903846153846154 0.6346153846153847 0.02403846153846154 0.02403846153846154
