0 0.9182692307692308 0.9591346153846154 0.02403846153846154 0.02403846153846154
0 0.3701923076923077 0.9567307692307693 0.02403846153846154 0.02403846153846154
0 0.3918269230769231 0.9423076923076924 0.02403846153846154 0.02403846153846154
0 0.2355769230769231 0.9423076923076924 0.02403846153846154 0.02403846153846154
0 0.8052884615384616 0.9375 0.02403846153846154 0.02403846153846154
0 0.2043269230769231 0.9254807692307693 0.02403846153846154 0.02403846153846154
0 0.19230769230769232 0.9014423076923077 0.02403846153846154 0.02403846153846154
0 0.05288461538461539 0.8870192307692308 0.02403846153846154 0.02403846153846154
0 0.41586538461538464 0.875 0.02403846153846154 0.02403846153846154
0 0.5360576923076923 0.8653846153846154 0.02403846153846154 0.02403846153846154
0 0.46634615384615385 0.8485576923076924 0.02403846153846154 0.02403846153846154
0 0.5841346153846154 0.8028846153846154 0.02403846153846154 0.02403846153846154
0 0.28365384615384615 0.8028846153846154 0.02403846153846154 0.02403846153846154
0 0.8774038461538463 0.8004807692307693 0.02403846153846154 0.02403846153846154
0 0.6778846153846154 0.7884615384615385 0.02403846153846154 0.02403846153846154
0 0.4639423076923077 0.7692307692307693 0.02403846153846154 0.02403846153846154
0 0.5192307692307693 0.7524038461538461 0.02403846153846154 0.02403846153846154
0 0.5865384615384616 0.7427884615384616 0.02403846153846154 0.02403846153846154
0 0.9639423076923077 0.7355769230769231 0.02403846153846154 0.02403846153846154
0 0.5096153846153847 0.7355769230769231 0.02403846153846154 0.02403846153846154
0 0.8461538461538463 0.7259615384615385 0.02403846153846154 0.02403846153846154
0 0.5360576923076923 0.7115384615384616 0.02403846153846154 0.02403846153846154
0 0.3822115384615385 0.7067307692307693 0.02403846153846154 0.02403846153846154
0 0.46634615384615385 0.6850961538461539 0.02403846153846154 0.02403846153846154
0 0.8629807692307693 0.6442307692307693 0.02403846153846154 0.02403846153846154
0 0.3966346153846154 0.6466346153846154 0.02403846153846154 0.02403846153846154
0 0.08653846153846154 0.6322115384615385 0.02403846153846154 0.02403846153846154
0 0.5072115384615384 0.5600961538461539 0.02403846153846154 0.02403846153846154
0 0.7596153846153847 0.33653846153846156 0.02403846153846154 0.02403846153846154
0 0.18990384615384617 0.3076923076923077 0.02403846153846154 0.02403846153846154
0 0.08653846153846154 0.2764423076923077 0.02403846153846154 0.02403846153846154
0 0.4182692307692308 0.2403846153846154 0.02403846153846154 0.02403846153846154
0 0.3605769230769231 0.15865384615384617 0.02403846153846154 0.02403846153846154
0 0.1466346153846154 0.12259615384615385 0.02403846153846154 0.02403846153846154
0 0.5745192307692308 0.1201923076923077 0.02403846153846154 0.02403846153846154
0 0.31009615384615385 0.04807692307692308 0.02403846153846154 0.02403846153846154
0 0.17307692307692307 0.0625 0.02403846153846154 0.02403846153846154
0 0.17548076923076925 0.03365384615384616 0.02403846153846154 0.02403846153846154
0 0.2668269230769231 0.09375 0.02403846153846154 0.02403846153846154
0 0.06971153846153846 0.39903846153846156 0.02403846153846154 0.02403846153846154
0 0.8149038461538461 0.48557692307692313 0.02403846153846154 0.02403846153846154
0 0.6947115384615385 0.43028846153846156 0.02403846153846154 0.02403846153846154
0 0.8365384615384616 0.34855769230769235 0.02403846153846154 0.02403846153846154
0 0.71875 0.2668269230769231 0.02403846153846154 0.02403846153846154
0 0.4711538461538462 0.5673076923076923 0.02403846153846154 0.02403846153846154
0 0.7259615384615385 0.84375 0.02403846153846154 0.02403846153846154
0 0.7692307692307693 0.8317307692307693 0.02403846153846154 0.02403846153846154
0 0.6346153846153847 0.8822115384615385 0.02403846153846154 0.02403846153846154
0 0.42307692307692313 0.8245192307692308 0.02403846153846154 0.02403846153846154
0 0.36778846153846156 0.7475961538461539 0.02403846153846154 0.02403846153846154
0 0.04807692307692308 0.8100961538461539 0.02403846153846154 0.02403846153846154
0 0.17067307692307693 0.7259615384615385 0.02403846153846154 0.02403846153846154
