0 0.5576923076923077 0.9663461538461539 0.02403846153846154 0.02403846153846154
0 0.8990384615384616 0.9615384615384616 0.02403846153846154 0.02403846153846154
0 0.6466346153846154 0.9375 0.02403846153846154 0.02403846153846154
0 0.733173076923077 0.9086538461538463 0.02403846153846154 0.02403846153846154
0 0.5745192307692308 0.9110576923076924 0.02403846153846154 0.02403846153846154
0 0.5480769230769231 0.9086538461538463 0.02403846153846154 0.02403846153846154
0 0.8485576923076924 0.8966346153846154 0.02403846153846154 0.02403846153846154
0 0.7884615384615385 0.8798076923076924 0.02403846153846154 0.02403846153846154
0 0.8100961538461539 0.8653846153846154 0.02403846153846154 0.02403846153846154
0 0.6538461538461539 0.8653846153846154 0.02403846153846154 0.02403846153846154
0 0.6225961538461539 0.8485576923076924 0.02403846153846154 0.02403846153846154
0 0.31009615384615385 0.84375 0.02403846153846154 0.02403846153846154
0 0.6105769230769231 0.8245192307692308 0.02403846153846154 0.02403846153846154
0 0.4711538461538462 0.8100961538461539 0.02403846153846154 0.02403846153846154
0 0.8341346153846154 0.7980769230769231 0.02403846153846154 0.02403846153846154
0 0.35336538461538464 0.7980769230769231 0.02403846153846154 0.02403846153846154
0 0.9543269230769231 0.7884615384615385 0.02403846153846154 0.02403846153846154
0 0.8846153846153847 0.7716346153846154 0.02403846153846154 0.02403846153846154
0 0.701923076923077 0.7259615384615385 0.02403846153846154 0.02403846153846154
0 0.8822115384615385 0.6923076923076923 0.02403846153846154 0.02403846153846154
0 0.9375 0.6754807692307693 0.02403846153846154 0.02403846153846154
0 0.9278846153846154 0.6586538461538461 0.02403846153846154 0.02403846153846154
0 0.9543269230769231 0.6346153846153847 0.02403846153846154 0.02403846153846154
0 0.8004807692307693 0.6298076923076923 0.02403846153846154 0.02403846153846154
0 0.8846153846153847 0.608173076923077 0.02403846153846154 0.02403846153846154
0 0.2956730769230769 0.5865384615384616 0.02403846153846154 0.02403846153846154
0 0.8149038461538461 0.5697115384615385 0.02403846153846154 0.02403846153846154
0 0.5048076923076923 0.5552884615384616 0.02403846153846154 0.02403846153846154
0 0.9254807692307693 0.4831730769230769 0.02403846153846154 0.02403846153846154
0 0.608173076923077 0.23076923076923078 0.02403846153846154 0.02403846153846154
0 0.5048076923076923 0.19951923076923078 0.02403846153846154 0.02403846153846154
0 0.8365384615384616 0.16346153846153846 0.02403846153846154 0.02403846153846154
0 0.7788461538461539 0.08173076923076923 0.02403846153846154 0.02403846153846154
0 0.5649038461538461 0.04567307692307693 0.02403846153846154 0.02403846153846154
0 0.2572115384615385 0.03365384615384616 0.02403846153846154 0.02403846153846154
0 0.375 0.17548076923076925 0.02403846153846154 0.02403846153846154
0 0.4879807692307693 0.32211538461538464 0.02403846153846154 0.02403846153846154
0 0.2884615384615385 0.2692307692307693 0.02403846153846154 0.02403846153846154
0 0.3509615384615385 0.3822115384615385 0.02403846153846154 0.02403846153846154
0 0.23076923076923078 0.5096153846153847 0.02403846153846154 0.02403846153846154
0 0.43028846153846156 0.4567307692307693 0.02403846153846154 0.02403846153846154
0 0.889423076923077 0.4903846153846154 0.02403846153846154 0.02403846153846154
0 0.8413461538461539 0.7475961538461539 0.02403846153846154 0.02403846153846154
0 0.7860576923076924 0.670673076923077 0.02403846153846154 0.02403846153846154
0 0.6514423076923077 0.9543269230769231 0.02403846153846154 0.02403846153846154
0 0.38461538461538464 0.6634615384615385 0.02403846153846154 0.02403846153846154
0 0.46634615384615385 0.733173076923077 0.02403846153846154 0.02403846153846154
0 0.5889423076923077 0.6490384615384616 0.02403846153846154 0.02403846153846154
0 0.10336538461538462 0.6105769230769231 0.02403846153846154 0.02403846153846154
0 0.06009615384615385 0.6875 0.02403846153846154 0.02403846153846154
0 0.05528846153846154 0.7259615384615385 0.02403846153846154 0.02403846153846154
0 0.18028846153846154 0.8197115384615385 0.02403846153846154 0.02403846153846154
0 0.03125 0.8942307692307693 0.02403846153846154 0.02403846153846154
0 0.4086538461538462 0.9447115384615385 0.02403846153846154 0.02403846153846154
0 0.33653846153846156 0.9447115384615385 0.02403846153846154 0.02403846153846154
