0 0.7307692307692308 0.9302884615384616 0.02403846153846154 0.02403846153846154
0 0.11298076923076923 0.8028846153846154 0.02403846153846154 0.02403846153846154
0 0.7427884615384616 0.7764423076923077 0.02403846153846154 0.02403846153846154
0 0.43509615384615385 0.5721153846153847 0.02403846153846154 0.02403846153846154
0 0.2139423076923077 0.48557692307692313 0.02403846153846154 0.02403846153846154
0 0.04807692307692308 0.4495192307692308 0.02403846153846154 0.02403846153846154
0 0.1201923076923077 0.41586538461538464 0.02403846153846154 0.02403846153846154
0 0.46875 0.3341346153846154 0.02403846153846154 0.02403846153846154
0 0.13701923076923078 0.14903846153846154 0.02403846153846154 0.02403846153846154
0 0.06490384615384616 0.13221153846153846 0.02403846153846154 0.02403846153846154
0 0.7908653846153847 0.05288461538461539 0.02403846153846154 0.02403846153846154
0 0.6201923076923077 0.03125 0.02403846153846154 0.02403846153846154
0 0.021634615384615384 0.12259615384615385 0.02403846153846154 0.02403846153846154
0 0.6995192307692308 0.96875 0.02403846153846154 0.02403846153846154
0 0.7524038461538461 0.8173076923076924 0.02403846153846154 0.02403846153846154
0 0.3774038461538462 0.37259615384615385 0.02403846153846154 0.02403846153846154
0 0.16826923076923078 0.951923076923077 0.02403846153846154 0.02403846153846154
0 0.04807692307692308 0.8966346153846154 0.02403846153846154 0.02403846153846154
0 0.18990384615384617 0.8149038461538461 0.02403846153846154 0.02403846153846154
0 0.07211538461538462 0.733173076923077 0.02403846153846154 0.02403846153846154
0 0.6586538461538461 0.6586538461538461 0.02403846153846154 0.02403846153846154
0 0.9278846153846154 0.375 0.02403846153846154 0.02403846153846154
0 0.795673076923077 0.9711538461538463 0.02403846153846154 0.02403846153846154
