0 0.19471153846153846 0.9591346153846154 0.02403846153846154 0.02403846153846154
0 0.9158653846153847 0.9567307692307693 0.02403846153846154 0.02403846153846154
0 0.9350961538461539 0.9543269230769231 0.02403846153846154 0.02403846153846154
0 0.7475961538461539 0.9495192307692308 0.02403846153846154 0.02403846153846154
0 0.53125 0.9471153846153847 0.02403846153846154 0.02403846153846154
0 0.125 0.9471153846153847 0.02403846153846154 0.02403846153846154
0 0.0625 0.9302884615384616 0.02403846153846154 0.02403846153846154
0 0.9110576923076924 0.90625 0.02403846153846154 0.02403846153846154
0 0.5600961538461539 0.8774038461538463 0.02403846153846154 0.02403846153846154
0 0.90625 0.8725961538461539 0.02403846153846154 0.02403846153846154
0 0.23076923076923078 0.8701923076923077 0.02403846153846154 0.02403846153846154
0 0.2980769230769231 0.8677884615384616 0.02403846153846154 0.02403846153846154
0 0.07932692307692309 0.8677884615384616 0.02403846153846154 0.02403846153846154
0 0.040865384615384616 0.858173076923077 0.02403846153846154 0.02403846153846154
0 0.8485576923076924 0.84375 0.02403846153846154 0.02403846153846154
0 0.18509615384615385 0.84375 0.02403846153846154 0.02403846153846154
0 0.6826923076923077 0.8389423076923077 0.02403846153846154 0.02403846153846154
0 0.09855769230769232 0.8413461538461539 0.02403846153846154 0.02403846153846154
0 0.875 0.7932692307692308 0.02403846153846154 0.02403846153846154
0 0.5072115384615384 0.7908653846153847 0.02403846153846154 0.02403846153846154
0 0.3966346153846154 0.7908653846153847 0.02403846153846154 0.02403846153846154
0 0.2980769230769231 0.7884615384615385 0.02403846153846154 0.02403846153846154
0 0.639423076923077 0.78125 0.02403846153846154 0.02403846153846154
0 0.32211538461538464 0.7668269230769231 0.02403846153846154 0.02403846153846154
0 0.5 0.7427884615384616 0.02403846153846154 0.02403846153846154
0 0.06971153846153846 0.7427884615384616 0.02403846153846154 0.02403846153846154
0 0.5432692307692308 0.7235576923076924 0.02403846153846154 0.02403846153846154
0 0.4567307692307693 0.7235576923076924 0.02403846153846154 0.02403846153846154
0 0.15625 0.7139423076923077 0.02403846153846154 0.02403846153846154
0 0.2716346153846154 0.701923076923077 0.02403846153846154 0.02403846153846154
0 0.90625 0.701923076923077 0.02403846153846154 0.02403846153846154
0 0.7596153846153847 0.6875 0.02403846153846154 0.02403846153846154
0 0.21153846153846156 0.6850961538461539 0.02403846153846154 0.02403846153846154
0 0.23317307692307693 0.670673076923077 0.02403846153846154 0.02403846153846154
0 0.07692307692307693 0.670673076923077 0.02403846153846154 0.02403846153846154
0 0.6466346153846154 0.6658653846153847 0.02403846153846154 0.02403846153846154
0 0.04567307692307693 0.6538461538461539 0.02403846153846154 0.02403846153846154
0 0.9278846153846154 0.6322115384615385 0.02403846153846154 0.02403846153846154
0 0.03365384615384616 0.6298076923076923 0.02403846153846154 0.02403846153846154
0 0.8413461538461539 0.608173076923077 0.02403846153846154 0.02403846153846154
0 0.2572115384615385 0.6033653846153847 0.02403846153846154 0.02403846153846154
0 0.3774038461538462 0.59375 0.02403846153846154 0.02403846153846154
0 0.3076923076923077 0.576923076923077 0.02403846153846154 0.02403846153846154
0 0.4254807692307693 0.53125 0.02403846153846154 0.02403846153846154
0 0.125 0.53125 0.02403846153846154 0.02403846153846154
0 0.71875 0.5288461538461539 0.02403846153846154 0.02403846153846154
0 0.5192307692307693 0.5168269230769231 0.02403846153846154 0.02403846153846154
0 0.30528846153846156 0.49759615384615385 0.02403846153846154 0.02403846153846154
0 0.3605769230769231 0.4807692307692308 0.02403846153846154 0.02403846153846154
0 0.4278846153846154 0.4711538461538462 0.02403846153846154 0.02403846153846154
0 0.8052884615384616 0.4639423076923077 0.02403846153846154 0.02403846153846154
0 0.3509615384615385 0.4639423076923077 0.02403846153846154 0.02403846153846154
0 0.6875 0.45432692307692313 0.02403846153846154 0.02403846153846154
0 0.3774038461538462 0.4399038461538462 0.02403846153846154 0.02403846153846154
0 0.22355769230769232 0.43509615384615385 0.02403846153846154 0.02403846153846154
0 0.3076923076923077 0.4134615384615385 0.02403846153846154 0.02403846153846154
0 0.8461538461538463 0.38461538461538464 0.02403846153846154 0.02403846153846154
0 0.7043269230769231 0.37259615384615385 0.02403846153846154 0.02403846153846154
0 0.23798076923076925 0.375 0.02403846153846154 0.02403846153846154
0 0.34855769230769235 0.2884615384615385 0.02403846153846154 0.02403846153846154
0 0.6009615384615385 0.06490384615384616 0.02403846153846154 0.02403846153846154
0 0.03125 0.03605769230769231 0.02403846153846154 0.02403846153846154
0 0.65625 0.2139423076923077 0.02403846153846154 0.02403846153846154
0 0.5360576923076923 0.15865384615384617 0.02403846153846154 0.02403846153846154
0 0.6778846153846154 0.07692307692307693 0.02403846153846154 0.02403846153846154
0 0.3125 0.2956730769230769 0.02403846153846154 0.02403846153846154
0 0.7668269230769231 0.9471153846153847 0.02403846153846154 0.02403846153846154
0 0.6370192307692308 0.9278846153846154 0.02403846153846154 0.02403846153846154
0 0.6514423076923077 0.8485576923076924 0.02403846153846154 0.02403846153846154
0 0.5240384615384616 0.7091346153846154 0.02403846153846154 0.02403846153846154
0 0.5673076923076923 0.5721153846153847 0.02403846153846154 0.02403846153846154
0 0.6105769230769231 0.5600961538461539 0.02403846153846154 0.02403846153846154
0 0.4759615384615385 0.6105769230769231 0.02403846153846154 0.02403846153846154
0 0.2644230769230769 0.5528846153846154 0.02403846153846154 0.02403846153846154
0 0.2091346153846154 0.4759615384615385 0.02403846153846154 0.02403846153846154
0 0.07451923076923077 0.7596153846153847 0.02403846153846154 0.02403846153846154
0 0.15865384615384617 0.8822115384615385 0.02403846153846154 0.02403846153846154
0 0.46153846153846156 0.8509615384615385 0.02403846153846154 0.02403846153846154
0 0.4639423076923077 0.9495192307692308 0.02403846153846154 0.02403846153846154
