0 0.6225961538461539 0.9711538461538463 0.02403846153846154 0.02403846153846154
0 0.040865384615384616 0.9639423076923077 0.02403846153846154 0.02403846153846154
0 0.49759615384615385 0.9350961538461539 0.02403846153846154 0.02403846153846154
0 0.920673076923077 0.920673076923077 0.02403846153846154 0.02403846153846154
0 0.8221153846153847 0.9182692307692308 0.02403846153846154 0.02403846153846154
0 0.5048076923076923 0.9014423076923077 0.02403846153846154 0.02403846153846154
0 0.8461538461538463 0.8966346153846154 0.02403846153846154 0.02403846153846154
0 0.59375 0.8725961538461539 0.02403846153846154 0.02403846153846154
0 0.6802884615384616 0.84375 0.02403846153846154 0.02403846153846154
0 0.5216346153846154 0.8461538461538463 0.02403846153846154 0.02403846153846154
0 0.4951923076923077 0.84375 0.02403846153846154 0.02403846153846154
0 0.795673076923077 0.8317307692307693 0.02403846153846154 0.02403846153846154
0 0.7355769230769231 0.8149038461538461 0.02403846153846154 0.02403846153846154
0 0.7572115384615385 0.8004807692307693 0.02403846153846154 0.02403846153846154
0 0.6009615384615385 0.8004807692307693 0.02403846153846154 0.02403846153846154
0 0.5697115384615385 0.7836538461538461 0.02403846153846154 0.02403846153846154
0 0.2572115384615385 0.7788461538461539 0.02403846153846154 0.02403846153846154
0 0.5576923076923077 0.7596153846153847 0.02403846153846154 0.02403846153846154
0 0.4182692307692308 0.7451923076923077 0.02403846153846154 0.02403846153846154
0 0.78125 0.733173076923077 0.02403846153846154 0.02403846153846154
0 0.3004807692307693 0.733173076923077 0.02403846153846154 0.02403846153846154
0 0.9014423076923077 0.7235576923076924 0.02403846153846154 0.02403846153846154
0 0.8317307692307693 0.7067307692307693 0.02403846153846154 0.02403846153846154
0 0.9495192307692308 0.6610576923076923 0.02403846153846154 0.02403846153846154
0 0.6490384615384616 0.6610576923076923 0.02403846153846154 0.02403846153846154
0 0.8293269230769231 0.6274038461538461 0.02403846153846154 0.02403846153846154
0 0.8846153846153847 0.6105769230769231 0.02403846153846154 0.02403846153846154
0 0.951923076923077 0.6009615384615385 0.02403846153846154 0.02403846153846154
0 0.875 0.59375 0.02403846153846154 0.02403846153846154
0 0.9014423076923077 0.5697115384615385 0.02403846153846154 0.02403846153846154
0 0.7475961538461539 0.5649038461538461 0.02403846153846154 0.02403846153846154
0 0.8317307692307693 0.5432692307692308 0.02403846153846154 0.02403846153846154
0 0.24278846153846156 0.5216346153846154 0.02403846153846154 0.02403846153846154
0 0.7620192307692308 0.5048076923076923 0.02403846153846154 0.02403846153846154
0 0.4519230769230769 0.4903846153846154 0.02403846153846154 0.02403846153846154
0 0.8725961538461539 0.4182692307692308 0.02403846153846154 0.02403846153846154
0 0.5552884615384616 0.16586538461538464 0.02403846153846154 0.02403846153846154
0 0.4519230769230769 0.13461538461538464 0.02403846153846154 0.02403846153846154
0 0.7836538461538461 0.09855769230769232 0.02403846153846154 0.02403846153846154
0 0.32211538461538464 0.11057692307692309 0.02403846153846154 0.02403846153846154
0 0.43509615384615385 0.2572115384615385 0.02403846153846154 0.02403846153846154
0 0.2355769230769231 0.2043269230769231 0.02403846153846154 0.02403846153846154
0 0.2980769230769231 0.31730769230769235 0.02403846153846154 0.02403846153846154
0 0.1778846153846154 0.4447115384615385 0.02403846153846154 0.02403846153846154
0 0.3774038461538462 0.3918269230769231 0.02403846153846154 0.02403846153846154
0 0.8365384615384616 0.4254807692307693 0.02403846153846154 0.02403846153846154
0 0.7884615384615385 0.6826923076923077 0.02403846153846154 0.02403846153846154
0 0.733173076923077 0.6057692307692308 0.02403846153846154 0.02403846153846154
0 0.5985576923076923 0.889423076923077 0.02403846153846154 0.02403846153846154
0 0.3317307692307693 0.5985576923076923 0.02403846153846154 0.02403846153846154
0 0.4134615384615385 0.6682692307692308 0.02403846153846154 0.02403846153846154
0 0.5360576923076923 0.5841346153846154 0.02403846153846154 0.02403846153846154
0 0.05048076923076923 0.545673076923077 0.02403846153846154 0.02403846153846154
0 0.12740384615384617 0.7548076923076924 0.02403846153846154 0.02403846153846154
0 0.3557692307692308 0.8798076923076924 0.02403846153846154 0.02403846153846154
0 0.28365384615384615 0.8798076923076924 0.02403846153846154 0.02403846153846154
