0 0.4903846153846154 0.9543269230769231 0.02403846153846154 0.02403846153846154
0 0.7836538461538461 0.9495192307692308 0.02403846153846154 0.02403846153846154
0 0.3870192307692308 0.9447115384615385 0.02403846153846154 0.02403846153846154
0 0.6057692307692308 0.9326923076923077 0.02403846153846154 0.02403846153846154
0 0.06490384615384616 0.9134615384615385 0.02403846153846154 0.02403846153846154
0 0.6682692307692308 0.9110576923076924 0.02403846153846154 0.02403846153846154
0 0.14903846153846154 0.9110576923076924 0.02403846153846154 0.02403846153846154
0 0.6899038461538461 0.9086538461538463 0.02403846153846154 0.02403846153846154
0 0.2572115384615385 0.9086538461538463 0.02403846153846154 0.02403846153846154
0 0.09855769230769232 0.8990384615384616 0.02403846153846154 0.02403846153846154
0 0.6682692307692308 0.889423076923077 0.02403846153846154 0.02403846153846154
0 0.4711538461538462 0.889423076923077 0.02403846153846154 0.02403846153846154
0 0.6322115384615385 0.8701923076923077 0.02403846153846154 0.02403846153846154
0 0.6514423076923077 0.8677884615384616 0.02403846153846154 0.02403846153846154
0 0.4639423076923077 0.8629807692307693 0.02403846153846154 0.02403846153846154
0 0.6947115384615385 0.8605769230769231 0.02403846153846154 0.02403846153846154
0 0.24759615384615385 0.8605769230769231 0.02403846153846154 0.02403846153846154
0 0.6274038461538461 0.8197115384615385 0.02403846153846154 0.02403846153846154
0 0.7259615384615385 0.8149038461538461 0.02403846153846154 0.02403846153846154
0 0.8629807692307693 0.8100961538461539 0.02403846153846154 0.02403846153846154
0 0.8509615384615385 0.8028846153846154 0.02403846153846154 0.02403846153846154
0 0.2764423076923077 0.7908653846153847 0.02403846153846154 0.02403846153846154
0 0.6225961538461539 0.7860576923076924 0.02403846153846154 0.02403846153846154
0 0.5649038461538461 0.7572115384615385 0.02403846153846154 0.02403846153846154
0 0.39903846153846156 0.7524038461538461 0.02403846153846154 0.02403846153846154
0 0.7427884615384616 0.7524038461538461 0.02403846153846154 0.02403846153846154
0 0.951923076923077 0.7475961538461539 0.02403846153846154 0.02403846153846154
0 0.7572115384615385 0.7283653846153847 0.02403846153846154 0.02403846153846154
0 0.5913461538461539 0.7067307692307693 0.02403846153846154 0.02403846153846154
0 0.22355769230769232 0.7043269230769231 0.02403846153846154 0.02403846153846154
0 0.11298076923076923 0.7043269230769231 0.02403846153846154 0.02403846153846154
0 0.3557692307692308 0.6947115384615385 0.02403846153846154 0.02403846153846154
0 0.701923076923077 0.6875 0.02403846153846154 0.02403846153846154
0 0.038461538461538464 0.6802884615384616 0.02403846153846154 0.02403846153846154
0 0.7403846153846154 0.6682692307692308 0.02403846153846154 0.02403846153846154
0 0.21634615384615385 0.65625 0.02403846153846154 0.02403846153846154
0 0.25961538461538464 0.6370192307692308 0.02403846153846154 0.02403846153846154
0 0.17307692307692307 0.6370192307692308 0.02403846153846154 0.02403846153846154
0 0.6225961538461539 0.6153846153846154 0.02403846153846154 0.02403846153846154
0 0.4759615384615385 0.6009615384615385 0.02403846153846154 0.02403846153846154
0 0.3629807692307693 0.5793269230769231 0.02403846153846154 0.02403846153846154
0 0.9495192307692308 0.5697115384615385 0.02403846153846154 0.02403846153846154
0 0.7548076923076924 0.5528846153846154 0.02403846153846154 0.02403846153846154
0 0.6442307692307693 0.545673076923077 0.02403846153846154 0.02403846153846154
0 0.5576923076923077 0.5216346153846154 0.02403846153846154 0.02403846153846154
0 0.09375 0.5072115384615384 0.02403846153846154 0.02403846153846154
0 0.02403846153846154 0.4903846153846154 0.02403846153846154 0.02403846153846154
0 0.14182692307692307 0.4447115384615385 0.02403846153846154 0.02403846153846154
0 0.43509615384615385 0.44230769230769235 0.02403846153846154 0.02403846153846154
0 0.2355769230769231 0.43028846153846156 0.02403846153846154 0.02403846153846154
0 0.8221153846153847 0.40625 0.02403846153846154 0.02403846153846154
0 0.07692307692307693 0.3942307692307693 0.02403846153846154 0.02403846153846154
0 0.14423076923076925 0.38461538461538464 0.02403846153846154 0.02403846153846154
0 0.5216346153846154 0.3774038461538462 0.02403846153846154 0.02403846153846154
0 0.06730769230769232 0.3774038461538462 0.02403846153846154 0.02403846153846154
0 0.40384615384615385 0.36778846153846156 0.02403846153846154 0.02403846153846154
0 0.09375 0.35336538461538464 0.02403846153846154 0.02403846153846154
0 0.02403846153846154 0.3269230769230769 0.02403846153846154 0.02403846153846154
0 0.8365384615384616 0.30528846153846156 0.02403846153846154 0.02403846153846154
0 0.5625 0.2980769230769231 0.02403846153846154 0.02403846153846154
0 0.4206730769230769 0.28605769230769235 0.02403846153846154 0.02403846153846154
0 0.8389423076923077 0.28125 0.02403846153846154 0.02403846153846154
0 0.06490384615384616 0.20192307692307693 0.02403846153846154 0.02403846153846154
0 0.9350961538461539 0.10576923076923078 0.02403846153846154 0.02403846153846154
0 0.9038461538461539 0.14423076923076925 0.02403846153846154 0.02403846153846154
0 0.37259615384615385 0.12740384615384617 0.02403846153846154 0.02403846153846154
0 0.25240384615384615 0.07211538461538462 0.02403846153846154 0.02403846153846154
0 0.028846153846153848 0.2091346153846154 0.02403846153846154 0.02403846153846154
0 0.75 0.9543269230769231 0.02403846153846154 0.02403846153846154
0 0.7716346153846154 0.8629807692307693 0.02403846153846154 0.02403846153846154
0 0.8990384615384616 0.7860576923076924 0.02403846153846154 0.02403846153846154
0 0.9663461538461539 0.625 0.02403846153846154 0.02403846153846154
0 0.7716346153846154 0.5817307692307693 0.02403846153846154 0.02403846153846154
0 0.701923076923077 0.5336538461538461 0.02403846153846154 0.02403846153846154
0 0.44711538461538464 0.9615384615384616 0.02403846153846154 0.02403846153846154
0 0.4831730769230769 0.8605769230769231 0.02403846153846154 0.02403846153846154
0 0.35336538461538464 0.8413461538461539 0.02403846153846154 0.02403846153846154
0 0.36778846153846156 0.7620192307692308 0.02403846153846154 0.02403846153846154
0 0.2403846153846154 0.6225961538461539 0.02403846153846154 0.02403846153846154
0 0.28365384615384615 0.48557692307692313 0.02403846153846154 0.02403846153846154
0 0.3269230769230769 0.47355769230769235 0.02403846153846154 0.02403846153846154
0 0.19230769230769232 0.5240384615384616 0.02403846153846154 0.02403846153846154
0 0.1778846153846154 0.764423076923077 0.02403846153846154 0.02403846153846154
0 0.18028846153846154 0.8629807692307693 0.02403846153846154 0.02403846153846154
0 0.18990384615384617 0.9495192307692308 0.02403846153846154 0.02403846153846154
0 0.2451923076923077 0.9326923076923077 0.02403846153846154 0.02403846153846154
0 0.6923076923076923 0.2572115384615385 0.02403846153846154 0.02403846153846154
0 0.7427884615384616 0.22115384615384617 0.02403846153846154 0.02403846153846154
0 0.951923076923077 0.29086538461538464 0.02403846153846154 0.02403846153846154
0 0.8990384615384616 0.9182692307692308 0.02403846153846154 0.02403846153846154
