0 0.8557692307692308 0.9711538461538463 0.02403846153846154 0.02403846153846154
0 0.7403846153846154 0.9711538461538463 0.02403846153846154 0.02403846153846154
0 0.3269230769230769 0.9711538461538463 0.02403846153846154 0.02403846153846154
0 0.9086538461538463 0.9615384615384616 0.02403846153846154 0.02403846153846154
0 0.875 0.9615384615384616 0.02403846153846154 0.02403846153846154
0 0.6418269230769231 0.9615384615384616 0.02403846153846154 0.02403846153846154
0 0.6201923076923077 0.9615384615384616 0.02403846153846154 0.02403846153846154
0 0.08413461538461539 0.951923076923077 0.02403846153846154 0.02403846153846154
0 0.10336538461538462 0.9495192307692308 0.02403846153846154 0.02403846153846154
0 0.28605769230769235 0.9471153846153847 0.02403846153846154 0.02403846153846154
0 0.18028846153846154 0.9447115384615385 0.02403846153846154 0.02403846153846154
0 0.1875 0.9254807692307693 0.02403846153846154 0.02403846153846154
0 0.29086538461538464 0.9230769230769231 0.02403846153846154 0.02403846153846154
0 0.875 0.9134615384615385 0.02403846153846154 0.02403846153846154
0 0.7620192307692308 0.9014423076923077 0.02403846153846154 0.02403846153846154
0 0.608173076923077 0.8846153846153847 0.02403846153846154 0.02403846153846154
0 0.6370192307692308 0.875 0.02403846153846154 0.02403846153846154
0 0.3966346153846154 0.8701923076923077 0.02403846153846154 0.02403846153846154
0 0.608173076923077 0.8653846153846154 0.02403846153846154 0.02403846153846154
0 0.28605769230769235 0.8629807692307693 0.02403846153846154 0.02403846153846154
0 0.21153846153846156 0.8605769230769231 0.02403846153846154 0.02403846153846154
0 0.11057692307692309 0.8605769230769231 0.02403846153846154 0.02403846153846154
0 0.9639423076923077 0.8605769230769231 0.02403846153846154 0.02403846153846154
0 0.45432692307692313 0.8557692307692308 0.02403846153846154 0.02403846153846154
0 0.5216346153846154 0.8557692307692308 0.02403846153846154 0.02403846153846154
0 0.1875 0.8533653846153847 0.02403846153846154 0.02403846153846154
0 0.6995192307692308 0.8413461538461539 0.02403846153846154 0.02403846153846154
0 0.6442307692307693 0.8413461538461539 0.02403846153846154 0.02403846153846154
0 0.8966346153846154 0.8173076923076924 0.02403846153846154 0.02403846153846154
0 0.2956730769230769 0.8149038461538461 0.02403846153846154 0.02403846153846154
0 0.37259615384615385 0.8125 0.02403846153846154 0.02403846153846154
0 0.4254807692307693 0.8100961538461539 0.02403846153846154 0.02403846153846154
0 0.4639423076923077 0.8076923076923077 0.02403846153846154 0.02403846153846154
0 0.9375 0.8004807692307693 0.02403846153846154 0.02403846153846154
0 0.764423076923077 0.8004807692307693 0.02403846153846154 0.02403846153846154
0 0.5865384615384616 0.795673076923077 0.02403846153846154 0.02403846153846154
0 0.7908653846153847 0.7932692307692308 0.02403846153846154 0.02403846153846154
0 0.10336538461538462 0.7836538461538461 0.02403846153846154 0.02403846153846154
0 0.3341346153846154 0.7740384615384616 0.02403846153846154 0.02403846153846154
0 0.2620192307692308 0.7740384615384616 0.02403846153846154 0.02403846153846154
0 0.6274038461538461 0.7692307692307693 0.02403846153846154 0.02403846153846154
0 0.96875 0.7475961538461539 0.02403846153846154 0.02403846153846154
0 0.670673076923077 0.7427884615384616 0.02403846153846154 0.02403846153846154
0 0.5432692307692308 0.7379807692307693 0.02403846153846154 0.02403846153846154
0 0.49759615384615385 0.7403846153846154 0.02403846153846154 0.02403846153846154
0 0.7788461538461539 0.7379807692307693 0.02403846153846154 0.02403846153846154
0 0.31009615384615385 0.71875 0.02403846153846154 0.02403846153846154
0 0.5889423076923077 0.7115384615384616 0.02403846153846154 0.02403846153846154
0 0.21634615384615385 0.7139423076923077 0.02403846153846154 0.02403846153846154
0 0.04807692307692308 0.7043269230769231 0.02403846153846154 0.02403846153846154
0 0.11298076923076923 0.6875 0.02403846153846154 0.02403846153846154
0 0.3966346153846154 0.6730769230769231 0.02403846153846154 0.02403846153846154
0 0.639423076923077 0.6466346153846154 0.02403846153846154 0.02403846153846154
0 0.9326923076923077 0.6418269230769231 0.02403846153846154 0.02403846153846154
0 0.5360576923076923 0.6370192307692308 0.02403846153846154 0.02403846153846154
0 0.13942307692307693 0.6346153846153847 0.02403846153846154 0.02403846153846154
0 0.7548076923076924 0.625 0.02403846153846154 0.02403846153846154
0 0.09134615384615385 0.6129807692307693 0.02403846153846154 0.02403846153846154
0 0.2139423076923077 0.6057692307692308 0.02403846153846154 0.02403846153846154
0 0.8173076923076924 0.6033653846153847 0.02403846153846154 0.02403846153846154
0 0.2980769230769231 0.6033653846153847 0.02403846153846154 0.02403846153846154
0 0.8389423076923077 0.6009615384615385 0.02403846153846154 0.02403846153846154
0 0.40625 0.6009615384615385 0.02403846153846154 0.02403846153846154
0 0.24759615384615385 0.5913461538461539 0.02403846153846154 0.02403846153846154
0 0.8173076923076924 0.5817307692307693 0.02403846153846154 0.02403846153846154
0 0.6201923076923077 0.5817307692307693 0.02403846153846154 0.02403846153846154
0 0.06009615384615385 0.5649038461538461 0.02403846153846154 0.02403846153846154
0 0.78125 0.5625 0.02403846153846154 0.02403846153846154
0 0.8004807692307693 0.5600961538461539 0.02403846153846154 0.02403846153846154
0 0.6129807692307693 0.5552884615384616 0.02403846153846154 0.02403846153846154
0 0.84375 0.5528846153846154 0.02403846153846154 0.02403846153846154
0 0.3966346153846154 0.5528846153846154 0.02403846153846154 0.02403846153846154
0 0.7764423076923077 0.5120192307692308 0.02403846153846154 0.02403846153846154
0 0.875 0.5072115384615384 0.02403846153846154 0.02403846153846154
0 0.4254807692307693 0.4831730769230769 0.02403846153846154 0.02403846153846154
0 0.7716346153846154 0.47836538461538464 0.02403846153846154 0.02403846153846154
0 0.09615384615384616 0.4759615384615385 0.02403846153846154 0.02403846153846154
0 0.16346153846153846 0.47355769230769235 0.02403846153846154 0.02403846153846154
0 0.7139423076923077 0.4495192307692308 0.02403846153846154 0.02403846153846154
0 0.05048076923076923 0.4495192307692308 0.02403846153846154 0.02403846153846154
0 0.5480769230769231 0.4447115384615385 0.02403846153846154 0.02403846153846154
0 0.8918269230769231 0.4447115384615385 0.02403846153846154 0.02403846153846154
0 0.90625 0.4206730769230769 0.02403846153846154 0.02403846153846154
0 0.7403846153846154 0.39903846153846156 0.02403846153846154 0.02403846153846154
0 0.37259615384615385 0.3966346153846154 0.02403846153846154 0.02403846153846154
0 0.2620192307692308 0.3966346153846154 0.02403846153846154 0.02403846153846154
0 0.16346153846153846 0.3942307692307693 0.02403846153846154 0.02403846153846154
0 0.5048076923076923 0.3870192307692308 0.02403846153846154 0.02403846153846154
0 0.8509615384615385 0.37980769230769235 0.02403846153846154 0.02403846153846154
0 0.1875 0.37259615384615385 0.02403846153846154 0.02403846153846154
0 0.889423076923077 0.3605769230769231 0.02403846153846154 0.02403846153846154
0 0.3653846153846154 0.34855769230769235 0.02403846153846154 0.02403846153846154
0 0.4086538461538462 0.3293269230769231 0.02403846153846154 0.02403846153846154
0 0.32211538461538464 0.3293269230769231 0.02403846153846154 0.02403846153846154
0 0.13701923076923078 0.3076923076923077 0.02403846153846154 0.02403846153846154
0 0.7716346153846154 0.3076923076923077 0.02403846153846154 0.02403846153846154
0 0.625 0.2932692307692308 0.02403846153846154 0.02403846153846154
0 0.07692307692307693 0.29086538461538464 0.02403846153846154 0.02403846153846154
0 0.09855769230769232 0.2764423076923077 0.02403846153846154 0.02403846153846154
0 0.5120192307692308 0.2716346153846154 0.02403846153846154 0.02403846153846154
0 0.9038461538461539 0.2451923076923077 0.02403846153846154 0.02403846153846154
0 0.7932692307692308 0.23798076923076925 0.02403846153846154 0.02403846153846154
0 0.7067307692307693 0.2139423076923077 0.02403846153846154 0.02403846153846154
0 0.12259615384615385 0.2091346153846154 0.02403846153846154 0.02403846153846154
0 0.24278846153846156 0.19951923076923078 0.02403846153846154 0.02403846153846154
0 0.17307692307692307 0.1826923076923077 0.02403846153846154 0.02403846153846154
0 0.29086538461538464 0.13701923076923078 0.02403846153846154 0.02403846153846154
0 0.5841346153846154 0.13461538461538464 0.02403846153846154 0.02403846153846154
0 0.38461538461538464 0.12259615384615385 0.02403846153846154 0.02403846153846154
0 0.17067307692307693 0.10336538461538462 0.02403846153846154 0.02403846153846154
0 0.9711538461538463 0.09855769230769232 0.02403846153846154 0.02403846153846154
0 0.22596153846153846 0.08653846153846154 0.02403846153846154 0.02403846153846154
0 0.2932692307692308 0.07692307692307693 0.02403846153846154 0.02403846153846154
0 0.670673076923077 0.06971153846153846 0.02403846153846154 0.02403846153846154
0 0.21634615384615385 0.06971153846153846 0.02403846153846154 0.02403846153846154
0 0.5528846153846154 0.06009615384615385 0.02403846153846154 0.02403846153846154
0 0.24278846153846156 0.04567307692307693 0.02403846153846154 0.02403846153846154
0 0.0889423076923077 0.040865384615384616 0.02403846153846154 0.02403846153846154
0 0.9423076923076924 0.7620192307692308 0.02403846153846154 0.02403846153846154
0 0.8966346153846154 0.733173076923077 0.02403846153846154 0.02403846153846154
0 0.8990384615384616 0.6466346153846154 0.02403846153846154 0.02403846153846154
0 0.920673076923077 0.5552884615384616 0.02403846153846154 0.02403846153846154
0 0.920673076923077 0.27403846153846156 0.02403846153846154 0.02403846153846154
0 0.8509615384615385 0.22596153846153846 0.02403846153846154 0.02403846153846154
0 0.6730769230769231 0.8942307692307693 0.02403846153846154 0.02403846153846154
0 0.7379807692307693 0.7259615384615385 0.02403846153846154 0.02403846153846154
0 0.7379807692307693 0.6802884615384616 0.02403846153846154 0.02403846153846154
0 0.5961538461538461 0.6538461538461539 0.02403846153846154 0.02403846153846154
0 0.6009615384615385 0.6850961538461539 0.02403846153846154 0.02403846153846154
0 0.6322115384615385 0.5528846153846154 0.02403846153846154 0.02403846153846154
0 0.5024038461538461 0.5336538461538461 0.02403846153846154 0.02403846153846154
0 0.5168269230769231 0.45432692307692313 0.02403846153846154 0.02403846153846154
0 0.3894230769230769 0.31490384615384615 0.02403846153846154 0.02403846153846154
0 0.4326923076923077 0.1778846153846154 0.02403846153846154 0.02403846153846154
0 0.4759615384615385 0.16586538461538464 0.02403846153846154 0.02403846153846154
0 0.34134615384615385 0.21634615384615385 0.02403846153846154 0.02403846153846154
0 0.12980769230769232 0.15865384615384617 0.02403846153846154 0.02403846153846154
0 0.07451923076923077 0.08173076923076923 0.02403846153846154 0.02403846153846154
0 0.02403846153846154 0.4879807692307693 0.02403846153846154 0.02403846153846154
0 0.3269230769230769 0.4567307692307693 0.02403846153846154 0.02403846153846154
0 0.3293269230769231 0.5552884615384616 0.02403846153846154 0.02403846153846154
0 0.3389423076923077 0.6418269230769231 0.02403846153846154 0.02403846153846154
0 0.3942307692307693 0.625 0.02403846153846154 0.02403846153846154
0 0.1875 0.7379807692307693 0.02403846153846154 0.02403846153846154
0 0.24759615384615385 0.733173076923077 0.02403846153846154 0.02403846153846154
0 0.3605769230769231 0.8341346153846154 0.02403846153846154 0.02403846153846154
0 0.1466346153846154 0.8100961538461539 0.02403846153846154 0.02403846153846154
0 0.07932692307692309 0.8317307692307693 0.02403846153846154 0.02403846153846154
0 0.2764423076923077 0.9302884615384616 0.02403846153846154 0.02403846153846154
0 0.3317307692307693 0.9230769230769231 0.02403846153846154 0.02403846153846154
0 0.5360576923076923 0.826923076923077 0.02403846153846154 0.02403846153846154
