0 0.6730769230769231 0.9014423076923077 0.02403846153846154 0.02403846153846154
0 0.7403846153846154 0.78125 0.02403846153846154 0.02403846153846154
0 0.6899038461538461 0.7283653846153847 0.02403846153846154 0.02403846153846154
0 0.7884615384615385 0.6754807692307693 0.02403846153846154 0.02403846153846154
0 0.8774038461538463 0.65625 0.02403846153846154 0.02403846153846154
0 0.5697115384615385 0.625 0.02403846153846154 0.02403846153846154
0 0.8389423076923077 0.5745192307692308 0.02403846153846154 0.02403846153846154
0 0.9086538461538463 0.5576923076923077 0.02403846153846154 0.02403846153846154
0 0.8293269230769231 0.5480769230769231 0.02403846153846154 0.02403846153846154
0 0.7427884615384616 0.5072115384615384 0.02403846153846154 0.02403846153846154
0 0.8389423076923077 0.5 0.02403846153846154 0.02403846153846154
0 0.5216346153846154 0.48557692307692313 0.02403846153846154 0.02403846153846154
0 0.8052884615384616 0.46875 0.02403846153846154 0.02403846153846154
0 0.5072115384615384 0.4591346153846154 0.02403846153846154 0.02403846153846154
0 0.6033653846153847 0.4399038461538462 0.02403846153846154 0.02403846153846154
0 0.8365384615384616 0.40384615384615385 0.02403846153846154 0.02403846153846154
0 0.22115384615384617 0.3918269230769231 0.02403846153846154 0.02403846153846154
0 0.9543269230769231 0.36778846153846156 0.02403846153846154 0.02403846153846154
0 0.28125 0.3629807692307693 0.02403846153846154 0.02403846153846154
0 0.5552884615384616 0.3605769230769231 0.02403846153846154 0.02403846153846154
0 0.826923076923077 0.3557692307692308 0.02403846153846154 0.02403846153846154
0 0.9591346153846154 0.34375 0.02403846153846154 0.02403846153846154
0 0.7163461538461539 0.3197115384615385 0.02403846153846154 0.02403846153846154
0 0.7475961538461539 0.31730769230769235 0.02403846153846154 0.02403846153846154
0 0.6274038461538461 0.28365384615384615 0.02403846153846154 0.02403846153846154
0 0.8942307692307693 0.2692307692307693 0.02403846153846154 0.02403846153846154
0 0.608173076923077 0.2668269230769231 0.02403846153846154 0.02403846153846154
0 0.3942307692307693 0.2620192307692308 0.02403846153846154 0.02403846153846154
0 0.18028846153846154 0.2572115384615385 0.02403846153846154 0.02403846153846154
0 0.6802884615384616 0.23317307692307693 0.02403846153846154 0.02403846153846154
0 0.44230769230769235 0.19951923076923078 0.02403846153846154 0.02403846153846154
0 0.6995192307692308 0.17067307692307693 0.02403846153846154 0.02403846153846154
0 0.7572115384615385 0.16826923076923078 0.02403846153846154 0.02403846153846154
0 0.3004807692307693 0.15625 0.02403846153846154 0.02403846153846154
0 0.8461538461538463 0.1466346153846154 0.02403846153846154 0.02403846153846154
0 0.9302884615384616 0.14182692307692307 0.02403846153846154 0.02403846153846154
0 0.7475961538461539 0.13701923076923078 0.02403846153846154 0.02403846153846154
0 0.5576923076923077 0.10817307692307693 0.02403846153846154 0.02403846153846154
0 0.5889423076923077 0.09855769230769232 0.02403846153846154 0.02403846153846154
0 0.9423076923076924 0.09615384615384616 0.02403846153846154 0.02403846153846154
0 0.3197115384615385 0.08413461538461539 0.02403846153846154 0.02403846153846154
0 0.49759615384615385 0.07211538461538462 0.02403846153846154 0.02403846153846154
0 0.5408653846153847 0.05528846153846154 0.02403846153846154 0.02403846153846154
0 0.6442307692307693 0.05048076923076923 0.02403846153846154 0.02403846153846154
0 0.7668269230769231 0.04807692307692308 0.02403846153846154 0.02403846153846154
0 0.7043269230769231 0.03125 0.02403846153846154 0.02403846153846154
0 0.27403846153846156 0.02403846153846154 0.02403846153846154 0.02403846153846154
0 0.8725961538461539 0.5576923076923077 0.02403846153846154 0.02403846153846154
0 0.8990384615384616 0.42307692307692313 0.02403846153846154 0.02403846153846154
0 0.9375 0.38461538461538464 0.02403846153846154 0.02403846153846154
0 0.795673076923077 0.37980769230769235 0.02403846153846154 0.02403846153846154
0 0.7451923076923077 0.44230769230769235 0.02403846153846154 0.02403846153846154
0 0.6947115384615385 0.4447115384615385 0.02403846153846154 0.02403846153846154
0 0.6923076923076923 0.4591346153846154 0.02403846153846154 0.02403846153846154
0 0.78125 0.49759615384615385 0.02403846153846154 0.02403846153846154
0 0.7524038461538461 0.5985576923076923 0.02403846153846154 0.02403846153846154
0 0.7379807692307693 0.5552884615384616 0.02403846153846154 0.02403846153846154
0 0.6899038461538461 0.545673076923077 0.02403846153846154 0.02403846153846154
0 0.6923076923076923 0.5673076923076923 0.02403846153846154 0.02403846153846154
0 0.608173076923077 0.5096153846153847 0.02403846153846154 0.02403846153846154
0 0.6442307692307693 0.30528846153846156 0.02403846153846154 0.02403846153846154
0 0.639423076923077 0.2091346153846154 0.02403846153846154 0.02403846153846154
0 0.6346153846153847 0.13461538461538464 0.02403846153846154 0.02403846153846154
0 0.7283653846153847 0.16826923076923078 0.02403846153846154 0.02403846153846154
0 0.8245192307692308 0.20192307692307693 0.02403846153846154 0.02403846153846154
0 0.7692307692307693 0.07692307692307693 0.02403846153846154 0.02403846153846154
0 0.8149038461538461 0.08653846153846154 0.02403846153846154 0.02403846153846154
0 0.9134615384615385 0.08413461538461539 0.02403846153846154 0.02403846153846154
0 0.9014423076923077 0.6971153846153847 0.02403846153846154 0.02403846153846154
0 0.8341346153846154 0.7091346153846154 0.02403846153846154 0.02403846153846154
0 0.9230769230769231 0.8365384615384616 0.02403846153846154 0.02403846153846154
0 0.8846153846153847 0.875 0.02403846153846154 0.02403846153846154
0 0.7764423076923077 0.8389423076923077 0.02403846153846154 0.02403846153846154
0 0.7668269230769231 0.8100961538461539 0.02403846153846154 0.02403846153846154
0 0.6850961538461539 0.6947115384615385 0.02403846153846154 0.02403846153846154
0 0.639423076923077 0.6899038461538461 0.02403846153846154 0.02403846153846154
0 0.6201923076923077 0.7259615384615385 0.02403846153846154 0.02403846153846154
0 0.5889423076923077 0.670673076923077 0.02403846153846154 0.02403846153846154
0 0.4399038461538462 0.670673076923077 0.02403846153846154 0.02403846153846154
0 0.4014423076923077 0.545673076923077 0.02403846153846154 0.02403846153846154
0 0.3125 0.5120192307692308 0.02403846153846154 0.02403846153846154
0 0.28125 0.65625 0.02403846153846154 0.02403846153846154
0 0.16826923076923078 0.6778846153846154 0.02403846153846154 0.02403846153846154
0 0.14182692307692307 0.6466346153846154 0.02403846153846154 0.02403846153846154
0 0.11778846153846155 0.6490384615384616 0.02403846153846154 0.02403846153846154
0 0.05288461538461539 0.6682692307692308 0.02403846153846154 0.02403846153846154
0 0.5240384615384616 0.8774038461538463 0.02403846153846154 0.02403846153846154
0 0.4711538461538462 0.14903846153846154 0.02403846153846154 0.02403846153846154
0 0.4447115384615385 0.1514423076923077 0.02403846153846154 0.02403846153846154
0 0.44711538461538464 0.17548076923076925 0.02403846153846154 0.02403846153846154
0 0.45432692307692313 0.27403846153846156 0.02403846153846154 0.02403846153846154
0 0.5384615384615385 0.38461538461538464 0.02403846153846154 0.02403846153846154
0 0.47355769230769235 0.375 0.02403846153846154 0.02403846153846154
0 0.4519230769230769 0.3701923076923077 0.02403846153846154 0.02403846153846154
0 0.42307692307692313 0.35336538461538464 0.02403846153846154 0.02403846153846154
0 0.42307692307692313 0.31730769230769235 0.02403846153846154 0.02403846153846154
0 0.3509615384615385 0.19230769230769232 0.02403846153846154 0.02403846153846154
0 0.3293269230769231 0.18509615384615385 0.02403846153846154 0.02403846153846154
0 0.36778846153846156 0.14903846153846154 0.02403846153846154 0.02403846153846154
0 0.37980769230769235 0.10336538461538462 0.02403846153846154 0.02403846153846154
0 0.34134615384615385 0.2764423076923077 0.02403846153846154 0.02403846153846154
0 0.28605769230769235 0.31009615384615385 0.02403846153846154 0.02403846153846154
0 0.3028846153846154 0.3581730769230769 0.02403846153846154 0.02403846153846154
0 0.31009615384615385 0.3942307692307693 0.02403846153846154 0.02403846153846154
0 0.3653846153846154 0.4086538461538462 0.02403846153846154 0.02403846153846154
0 0.21634615384615385 0.43028846153846156 0.02403846153846154 0.02403846153846154
0 0.1778846153846154 0.4567307692307693 0.02403846153846154 0.02403846153846154
0 0.16826923076923078 0.47836538461538464 0.02403846153846154 0.02403846153846154
0 0.2572115384615385 0.3942307692307693 0.02403846153846154 0.02403846153846154
0 0.23317307692307693 0.23076923076923078 0.02403846153846154 0.02403846153846154
0 0.2091346153846154 0.2355769230769231 0.02403846153846154 0.02403846153846154
0 0.24759615384615385 0.07932692307692309 0.02403846153846154 0.02403846153846154
0 0.22836538461538464 0.04807692307692308 0.02403846153846154 0.02403846153846154
0 0.23317307692307693 0.03125 0.02403846153846154 0.02403846153846154
0 0.12740384615384617 0.08173076923076923 0.02403846153846154 0.02403846153846154
0 0.07692307692307693 0.20673076923076925 0.02403846153846154 0.02403846153846154
0 0.08173076923076923 0.34375 0.02403846153846154 0.02403846153846154
0 0.04807692307692308 0.2692307692307693 0.02403846153846154 0.02403846153846154
0 0.06490384615384616 0.2403846153846154 0.02403846153846154 0.02403846153846154
0 0.05288461538461539 0.1875 0.02403846153846154 0.02403846153846154
0 0.021634615384615384 0.13701923076923078 0.02403846153846154 0.02403846153846154
0 0.10576923076923078 0.59375 0.02403846153846154 0.02403846153846154
