0 0.9615384615384616 0.7572115384615385 0.02403846153846154 0.02403846153846154
0 0.9134615384615385 0.6177884615384616 0.02403846153846154 0.02403846153846154
0 0.8990384615384616 0.5913461538461539 0.02403846153846154 0.02403846153846154
0 0.6129807692307693 0.5240384615384616 0.02403846153846154 0.02403846153846154
0 0.6730769230769231 0.4951923076923077 0.02403846153846154 0.02403846153846154
0 0.9471153846153847 0.49278846153846156 0.02403846153846154 0.02403846153846154
0 0.7860576923076924 0.3942307692307693 0.02403846153846154 0.02403846153846154
0 0.5721153846153847 0.3894230769230769 0.02403846153846154 0.02403846153846154
0 0.8341346153846154 0.3317307692307693 0.02403846153846154 0.02403846153846154
0 0.6923076923076923 0.2884615384615385 0.02403846153846154 0.02403846153846154
0 0.9495192307692308 0.2403846153846154 0.02403846153846154 0.02403846153846154
0 0.7115384615384616 0.21634615384615385 0.02403846153846154 0.02403846153846154
0 0.889423076923077 0.2043269230769231 0.02403846153846154 0.02403846153846154
0 0.9326923076923077 0.1875 0.02403846153846154 0.02403846153846154
0 0.6658653846153847 0.15625 0.02403846153846154 0.02403846153846154
0 0.9423076923076924 0.11057692307692309 0.02403846153846154 0.02403846153846154
0 0.43028846153846156 0.06730769230769232 0.02403846153846154 0.02403846153846154
0 0.7572115384615385 0.10817307692307693 0.02403846153846154 0.02403846153846154
0 0.8317307692307693 0.8028846153846154 0.02403846153846154 0.02403846153846154
0 0.7932692307692308 0.6778846153846154 0.02403846153846154 0.02403846153846154
0 0.7043269230769231 0.6442307692307693 0.02403846153846154 0.02403846153846154
0 0.6730769230769231 0.7884615384615385 0.02403846153846154 0.02403846153846154
0 0.5600961538461539 0.8100961538461539 0.02403846153846154 0.02403846153846154
0 0.5336538461538461 0.7788461538461539 0.02403846153846154 0.02403846153846154
0 0.5096153846153847 0.78125 0.02403846153846154 0.02403846153846154
0 0.4447115384615385 0.8004807692307693 0.02403846153846154 0.02403846153846154
0 0.37980769230769235 0.8822115384615385 0.02403846153846154 0.02403846153846154
0 0.8629807692307693 0.28125 0.02403846153846154 0.02403846153846154
0 0.8365384615384616 0.28365384615384615 0.02403846153846154 0.02403846153846154
0 0.8389423076923077 0.3076923076923077 0.02403846153846154 0.02403846153846154
0 0.8461538461538463 0.40625 0.02403846153846154 0.02403846153846154
0 0.9302884615384616 0.5168269230769231 0.02403846153846154 0.02403846153846154
0 0.8653846153846154 0.5072115384615384 0.02403846153846154 0.02403846153846154
0 0.84375 0.5024038461538461 0.02403846153846154 0.02403846153846154
0 0.8149038461538461 0.48557692307692313 0.02403846153846154 0.02403846153846154
0 0.8149038461538461 0.4495192307692308 0.02403846153846154 0.02403846153846154
0 0.7427884615384616 0.3245192307692308 0.02403846153846154 0.02403846153846154
0 0.7211538461538461 0.31730769230769235 0.02403846153846154 0.02403846153846154
0 0.7596153846153847 0.28125 0.02403846153846154 0.02403846153846154
0 0.7716346153846154 0.2355769230769231 0.02403846153846154 0.02403846153846154
0 0.733173076923077 0.4086538461538462 0.02403846153846154 0.02403846153846154
0 0.6778846153846154 0.44230769230769235 0.02403846153846154 0.02403846153846154
0 0.6947115384615385 0.4903846153846154 0.02403846153846154 0.02403846153846154
0 0.701923076923077 0.5264423076923077 0.02403846153846154 0.02403846153846154
0 0.7572115384615385 0.5408653846153847 0.02403846153846154 0.02403846153846154
0 0.608173076923077 0.5625 0.02403846153846154 0.02403846153846154
0 0.5697115384615385 0.5889423076923077 0.02403846153846154 0.02403846153846154
0 0.5600961538461539 0.6105769230769231 0.02403846153846154 0.02403846153846154
0 0.6490384615384616 0.5264423076923077 0.02403846153846154 0.02403846153846154
0 0.625 0.3629807692307693 0.02403846153846154 0.02403846153846154
0 0.6009615384615385 0.36778846153846156 0.02403846153846154 0.02403846153846154
0 0.639423076923077 0.21153846153846156 0.02403846153846154 0.02403846153846154
0 0.6201923076923077 0.18028846153846154 0.02403846153846154 0.02403846153846154
0 0.625 0.16346153846153846 0.02403846153846154 0.02403846153846154
0 0.6418269230769231 0.10336538461538462 0.02403846153846154 0.02403846153846154
0 0.5961538461538461 0.038461538461538464 0.02403846153846154 0.02403846153846154
0 0.6105769230769231 0.06490384615384616 0.02403846153846154 0.02403846153846154
0 0.5817307692307693 0.10576923076923078 0.02403846153846154 0.02403846153846154
0 0.5480769230769231 0.1514423076923077 0.02403846153846154 0.02403846153846154
0 0.5192307692307693 0.2139423076923077 0.02403846153846154 0.02403846153846154
0 0.46875 0.3389423076923077 0.02403846153846154 0.02403846153846154
0 0.47355769230769235 0.4759615384615385 0.02403846153846154 0.02403846153846154
0 0.4399038461538462 0.4014423076923077 0.02403846153846154 0.02403846153846154
0 0.4567307692307693 0.37259615384615385 0.02403846153846154 0.02403846153846154
0 0.4447115384615385 0.3197115384615385 0.02403846153846154 0.02403846153846154
0 0.4134615384615385 0.2692307692307693 0.02403846153846154 0.02403846153846154
0 0.34134615384615385 0.2764423076923077 0.02403846153846154 0.02403846153846154
0 0.4711538461538462 0.1514423076923077 0.02403846153846154 0.02403846153846154
0 0.4759615384615385 0.11298076923076923 0.02403846153846154 0.02403846153846154
0 0.3774038461538462 0.6322115384615385 0.02403846153846154 0.02403846153846154
0 0.06009615384615385 0.6947115384615385 0.02403846153846154 0.02403846153846154
0 0.14423076923076925 0.48557692307692313 0.02403846153846154 0.02403846153846154
0 0.125 0.4326923076923077 0.02403846153846154 0.02403846153846154
0 0.16346153846153846 0.07451923076923077 0.02403846153846154 0.02403846153846154
0 0.19951923076923078 0.02403846153846154 0.02403846153846154 0.02403846153846154
0 0.29086538461538464 0.026442307692307696 0.02403846153846154 0.02403846153846154
0 0.3581730769230769 0.07932692307692309 0.02403846153846154 0.02403846153846154
0 0.3028846153846154 0.17307692307692307 0.02403846153846154 0.02403846153846154
0 0.23798076923076925 0.16826923076923078 0.02403846153846154 0.02403846153846154
0 0.1875 0.19951923076923078 0.02403846153846154 0.02403846153846154
0 0.11298076923076923 0.09855769230769232 0.02403846153846154 0.02403846153846154
0 0.49759615384615385 0.7259615384615385 0.02403846153846154 0.02403846153846154
