0 0.19711538461538464 0.9423076923076924 0.02403846153846154 0.02403846153846154
0 0.14182692307692307 0.9423076923076924 0.02403846153846154 0.02403846153846154
0 0.05048076923076923 0.9399038461538463 0.02403846153846154 0.02403846153846154
0 0.05288461538461539 0.920673076923077 0.02403846153846154 0.02403846153846154
0 0.1778846153846154 0.8990384615384616 0.02403846153846154 0.02403846153846154
0 0.14423076923076925 0.9014423076923077 0.02403846153846154 0.02403846153846154
0 0.7980769230769231 0.8846153846153847 0.02403846153846154 0.02403846153846154
0 0.8774038461538463 0.8677884615384616 0.02403846153846154 0.02403846153846154
0 0.4831730769230769 0.858173076923077 0.02403846153846154 0.02403846153846154
0 0.5336538461538461 0.8509615384615385 0.02403846153846154 0.02403846153846154
0 0.37980769230769235 0.8149038461538461 0.02403846153846154 0.02403846153846154
0 0.9615384615384616 0.7932692307692308 0.02403846153846154 0.02403846153846154
0 0.057692307692307696 0.7740384615384616 0.02403846153846154 0.02403846153846154
0 0.25 0.7427884615384616 0.02403846153846154 0.02403846153846154
0 0.31730769230769235 0.733173076923077 0.02403846153846154 0.02403846153846154
0 0.7716346153846154 0.7115384615384616 0.02403846153846154 0.02403846153846154
0 0.25961538461538464 0.7091346153846154 0.02403846153846154 0.02403846153846154
0 0.04567307692307693 0.6971153846153847 0.02403846153846154 0.02403846153846154
0 0.22355769230769232 0.6899038461538461 0.02403846153846154 0.02403846153846154
0 0.858173076923077 0.6875 0.02403846153846154 0.02403846153846154
0 0.7548076923076924 0.6875 0.02403846153846154 0.02403846153846154
0 0.03125 0.6778846153846154 0.02403846153846154 0.02403846153846154
0 0.9158653846153847 0.6682692307692308 0.02403846153846154 0.02403846153846154
0 0.6105769230769231 0.6586538461538461 0.02403846153846154 0.02403846153846154
0 0.28605769230769235 0.6466346153846154 0.02403846153846154 0.02403846153846154
0 0.8461538461538463 0.6442307692307693 0.02403846153846154 0.02403846153846154
0 0.4206730769230769 0.6418269230769231 0.02403846153846154 0.02403846153846154
0 0.5 0.6346153846153847 0.02403846153846154 0.02403846153846154
0 0.3822115384615385 0.6322115384615385 0.02403846153846154 0.02403846153846154
0 0.6057692307692308 0.6298076923076923 0.02403846153846154 0.02403846153846154
0 0.8149038461538461 0.625 0.02403846153846154 0.02403846153846154
0 0.16586538461538464 0.6105769230769231 0.02403846153846154 0.02403846153846154
0 0.19230769230769232 0.6033653846153847 0.02403846153846154 0.02403846153846154
0 0.4206730769230769 0.5961538461538461 0.02403846153846154 0.02403846153846154
0 0.48557692307692313 0.5865384615384616 0.02403846153846154 0.02403846153846154
0 0.4278846153846154 0.5841346153846154 0.02403846153846154 0.02403846153846154
0 0.3293269230769231 0.5745192307692308 0.02403846153846154 0.02403846153846154
0 0.2692307692307693 0.5432692307692308 0.02403846153846154 0.02403846153846154
0 0.18509615384615385 0.5384615384615385 0.02403846153846154 0.02403846153846154
0 0.20192307692307693 0.5264423076923077 0.02403846153846154 0.02403846153846154
0 0.7403846153846154 0.5072115384615384 0.02403846153846154 0.02403846153846154
0 0.7860576923076924 0.49759615384615385 0.02403846153846154 0.02403846153846154
0 0.12259615384615385 0.47355769230769235 0.02403846153846154 0.02403846153846154
0 0.7139423076923077 0.46875 0.02403846153846154 0.02403846153846154
0 0.09855769230769232 0.46153846153846156 0.02403846153846154 0.02403846153846154
0 0.2644230769230769 0.4591346153846154 0.02403846153846154 0.02403846153846154
0 0.6586538461538461 0.44230769230769235 0.02403846153846154 0.02403846153846154
0 0.6875 0.43509615384615385 0.02403846153846154 0.02403846153846154
0 0.5576923076923077 0.4254807692307693 0.02403846153846154 0.02403846153846154
0 0.3389423076923077 0.4134615384615385 0.02403846153846154 0.02403846153846154
0 0.3125 0.3942307692307693 0.02403846153846154 0.02403846153846154
0 0.13942307692307693 0.3894230769230769 0.02403846153846154 0.02403846153846154
0 0.7620192307692308 0.3774038461538462 0.02403846153846154 0.02403846153846154
0 0.5288461538461539 0.3509615384615385 0.02403846153846154 0.02403846153846154
0 0.34615384615384615 0.3509615384615385 0.02403846153846154 0.02403846153846154
0 0.6129807692307693 0.34855769230769235 0.02403846153846154 0.02403846153846154
0 0.1514423076923077 0.34615384615384615 0.02403846153846154 0.02403846153846154
0 0.46875 0.3389423076923077 0.02403846153846154 0.02403846153846154
0 0.7259615384615385 0.3197115384615385 0.02403846153846154 0.02403846153846154
0 0.45432692307692313 0.3004807692307693 0.02403846153846154 0.02403846153846154
0 0.5649038461538461 0.28365384615384615 0.02403846153846154 0.02403846153846154
0 0.4399038461538462 0.27884615384615385 0.02403846153846154 0.02403846153846154
0 0.32211538461538464 0.27403846153846156 0.02403846153846154 0.02403846153846154
0 0.5649038461538461 0.25480769230769235 0.02403846153846154 0.02403846153846154
0 0.375 0.25240384615384615 0.02403846153846154 0.02403846153846154
0 0.5192307692307693 0.2451923076923077 0.02403846153846154 0.02403846153846154
0 0.7379807692307693 0.23798076923076925 0.02403846153846154 0.02403846153846154
0 0.3317307692307693 0.21634615384615385 0.02403846153846154 0.02403846153846154
0 0.23317307692307693 0.21153846153846156 0.02403846153846154 0.02403846153846154
0 0.2644230769230769 0.20673076923076925 0.02403846153846154 0.02403846153846154
0 0.11298076923076923 0.18990384615384617 0.02403846153846154 0.02403846153846154
0 0.8942307692307693 0.18509615384615385 0.02403846153846154 0.02403846153846154
0 0.6971153846153847 0.18509615384615385 0.02403846153846154 0.02403846153846154
0 0.5240384615384616 0.18509615384615385 0.02403846153846154 0.02403846153846154
0 0.23798076923076925 0.18509615384615385 0.02403846153846154 0.02403846153846154
0 0.8293269230769231 0.17548076923076925 0.02403846153846154 0.02403846153846154
0 0.3894230769230769 0.17307692307692307 0.02403846153846154 0.02403846153846154
0 0.3653846153846154 0.17307692307692307 0.02403846153846154 0.02403846153846154
0 0.2572115384615385 0.17307692307692307 0.02403846153846154 0.02403846153846154
0 0.25961538461538464 0.14903846153846154 0.02403846153846154 0.02403846153846154
0 0.47355769230769235 0.14182692307692307 0.02403846153846154 0.02403846153846154
0 0.040865384615384616 0.13942307692307693 0.02403846153846154 0.02403846153846154
0 0.5576923076923077 0.13701923076923078 0.02403846153846154 0.02403846153846154
0 0.6033653846153847 0.13221153846153846 0.02403846153846154 0.02403846153846154
0 0.5408653846153847 0.11778846153846155 0.02403846153846154 0.02403846153846154
0 0.39903846153846156 0.05528846153846154 0.02403846153846154 0.02403846153846154
0 0.9038461538461539 0.03365384615384616 0.02403846153846154 0.02403846153846154
0 0.4759615384615385 0.03125 0.02403846153846154 0.02403846153846154
0 0.1778846153846154 0.10576923076923078 0.02403846153846154 0.02403846153846154
0 0.3509615384615385 0.10576923076923078 0.02403846153846154 0.02403846153846154
0 0.6490384615384616 0.038461538461538464 0.02403846153846154 0.02403846153846154
0 0.6033653846153847 0.03365384615384616 0.02403846153846154 0.02403846153846154
0 0.59375 0.09375 0.02403846153846154 0.02403846153846154
0 0.5625 0.07211538461538462 0.02403846153846154 0.02403846153846154
0 0.78125 0.14903846153846154 0.02403846153846154 0.02403846153846154
0 0.8870192307692308 0.06009615384615385 0.02403846153846154 0.02403846153846154
0 0.9158653846153847 0.2716346153846154 0.02403846153846154 0.02403846153846154
0 0.9110576923076924 0.23076923076923078 0.02403846153846154 0.02403846153846154
0 0.9158653846153847 0.4182692307692308 0.02403846153846154 0.02403846153846154
0 0.9302884615384616 0.5552884615384616 0.02403846153846154 0.02403846153846154
0 0.78125 0.8365384615384616 0.02403846153846154 0.02403846153846154
0 0.6634615384615385 0.9230769230769231 0.02403846153846154 0.02403846153846154
0 0.6466346153846154 0.8701923076923077 0.02403846153846154 0.02403846153846154
0 0.4375 0.9158653846153847 0.02403846153846154 0.02403846153846154
0 0.5096153846153847 0.8317307692307693 0.02403846153846154 0.02403846153846154
0 0.42307692307692313 0.8605769230769231 0.02403846153846154 0.02403846153846154
0 0.5384615384615385 0.6802884615384616 0.02403846153846154 0.02403846153846154
0 0.8004807692307693 0.6514423076923077 0.02403846153846154 0.02403846153846154
0 0.8413461538461539 0.6105769230769231 0.02403846153846154 0.02403846153846154
0 0.9110576923076924 0.5216346153846154 0.02403846153846154 0.02403846153846154
0 0.8245192307692308 0.3822115384615385 0.02403846153846154 0.02403846153846154
0 0.7379807692307693 0.43028846153846156 0.02403846153846154 0.02403846153846154
0 0.701923076923077 0.3557692307692308 0.02403846153846154 0.02403846153846154
0 0.6658653846153847 0.3605769230769231 0.02403846153846154 0.02403846153846154
0 0.6418269230769231 0.38461538461538464 0.02403846153846154 0.02403846153846154
0 0.6514423076923077 0.31490384615384615 0.02403846153846154 0.02403846153846154
0 0.625 0.22355769230769232 0.02403846153846154 0.02403846153846154
0 0.6009615384615385 0.24278846153846156 0.02403846153846154 0.02403846153846154
0 0.4951923076923077 0.2043269230769231 0.02403846153846154 0.02403846153846154
0 0.5360576923076923 0.31490384615384615 0.02403846153846154 0.02403846153846154
0 0.5240384615384616 0.3125 0.02403846153846154 0.02403846153846154
0 0.5961538461538461 0.4807692307692308 0.02403846153846154 0.02403846153846154
0 0.5697115384615385 0.4807692307692308 0.02403846153846154 0.02403846153846154
0 0.5697115384615385 0.3918269230769231 0.02403846153846154 0.02403846153846154
0 0.5528846153846154 0.3918269230769231 0.02403846153846154 0.02403846153846154
0 0.44230769230769235 0.34375 0.02403846153846154 0.02403846153846154
0 0.3581730769230769 0.2043269230769231 0.02403846153846154 0.02403846153846154
0 0.2644230769230769 0.3293269230769231 0.02403846153846154 0.02403846153846154
0 0.25 0.36778846153846156 0.02403846153846154 0.02403846153846154
0 0.43509615384615385 0.4326923076923077 0.02403846153846154 0.02403846153846154
0 0.46634615384615385 0.46634615384615385 0.02403846153846154 0.02403846153846154
0 0.4903846153846154 0.5240384615384616 0.02403846153846154 0.02403846153846154
0 0.5120192307692308 0.5697115384615385 0.02403846153846154 0.02403846153846154
0 0.5600961538461539 0.5552884615384616 0.02403846153846154 0.02403846153846154
0 0.3269230769230769 0.47355769230769235 0.02403846153846154 0.02403846153846154
0 0.3774038461538462 0.4447115384615385 0.02403846153846154 0.02403846153846154
0 0.3629807692307693 0.4182692307692308 0.02403846153846154 0.02403846153846154
0 0.34615384615384615 0.5528846153846154 0.02403846153846154 0.02403846153846154
0 0.3918269230769231 0.6538461538461539 0.02403846153846154 0.02403846153846154
0 0.21634615384615385 0.7235576923076924 0.02403846153846154 0.02403846153846154
0 0.12259615384615385 0.7139423076923077 0.02403846153846154 0.02403846153846154
0 0.17067307692307693 0.6370192307692308 0.02403846153846154 0.02403846153846154
0 0.09615384615384616 0.5384615384615385 0.02403846153846154 0.02403846153846154
0 0.028846153846153848 0.14423076923076925 0.02403846153846154 0.02403846153846154
0 0.29086538461538464 0.53125 0.02403846153846154 0.02403846153846154
0 0.028846153846153848 0.7548076923076924 0.02403846153846154 0.02403846153846154
0 0.10096153846153846 0.6298076923076923 0.02403846153846154 0.02403846153846154
