0 0.7668269230769231 0.028846153846153848 0.02403846153846154 0.02403846153846154
0 0.9471153846153847 0.1826923076923077 0.02403846153846154 0.02403846153846154
0 0.858173076923077 0.14903846153846154 0.02403846153846154 0.02403846153846154
0 0.826923076923077 0.2932692307692308 0.02403846153846154 0.02403846153846154
0 0.7139423076923077 0.31490384615384615 0.02403846153846154 0.02403846153846154
0 0.6875 0.28365384615384615 0.02403846153846154 0.02403846153846154
0 0.6634615384615385 0.28605769230769235 0.02403846153846154 0.02403846153846154
0 0.5985576923076923 0.30528846153846156 0.02403846153846154 0.02403846153846154
0 0.5336538461538461 0.3870192307692308 0.02403846153846154 0.02403846153846154
0 0.5600961538461539 0.75 0.02403846153846154 0.02403846153846154
0 0.8557692307692308 0.03125 0.02403846153846154 0.02403846153846154
0 0.9110576923076924 0.04567307692307693 0.02403846153846154 0.02403846153846154
0 0.7620192307692308 0.06730769230769232 0.02403846153846154 0.02403846153846154
0 0.7235576923076924 0.09375 0.02403846153846154 0.02403846153846154
0 0.7139423076923077 0.11538461538461539 0.02403846153846154 0.02403846153846154
0 0.8028846153846154 0.03125 0.02403846153846154 0.02403846153846154
0 0.53125 0.13701923076923078 0.02403846153846154 0.02403846153846154
0 0.2139423076923077 0.19951923076923078 0.02403846153846154 0.02403846153846154
0 0.6514423076923077 0.23076923076923078 0.02403846153846154 0.02403846153846154
