0 0.8822115384615385 0.9302884615384616 0.02403846153846154 0.02403846153846154
0 0.1875 0.9182692307692308 0.02403846153846154 0.02403846153846154
0 0.5745192307692308 0.90625 0.02403846153846154 0.02403846153846154
0 0.7764423076923077 0.8990384615384616 0.02403846153846154 0.02403846153846154
0 0.7211538461538461 0.8990384615384616 0.02403846153846154 0.02403846153846154
0 0.6298076923076923 0.8966346153846154 0.02403846153846154 0.02403846153846154
0 0.6322115384615385 0.8774038461538463 0.02403846153846154 0.02403846153846154
0 0.13701923076923078 0.8653846153846154 0.02403846153846154 0.02403846153846154
0 0.7572115384615385 0.8557692307692308 0.02403846153846154 0.02403846153846154
0 0.7235576923076924 0.858173076923077 0.02403846153846154 0.02403846153846154
0 0.2355769230769231 0.8125 0.02403846153846154 0.02403846153846154
0 0.3245192307692308 0.7932692307692308 0.02403846153846154 0.02403846153846154
0 0.9591346153846154 0.7716346153846154 0.02403846153846154 0.02403846153846154
0 0.6370192307692308 0.7307692307692308 0.02403846153846154 0.02403846153846154
0 0.28605769230769235 0.7115384615384616 0.02403846153846154 0.02403846153846154
0 0.5865384615384616 0.7043269230769231 0.02403846153846154 0.02403846153846154
0 0.8293269230769231 0.6995192307692308 0.02403846153846154 0.02403846153846154
0 0.3557692307692308 0.6947115384615385 0.02403846153846154 0.02403846153846154
0 0.8966346153846154 0.6899038461538461 0.02403846153846154 0.02403846153846154
0 0.2764423076923077 0.6850961538461539 0.02403846153846154 0.02403846153846154
0 0.8389423076923077 0.6658653846153847 0.02403846153846154 0.02403846153846154
0 0.5961538461538461 0.6658653846153847 0.02403846153846154 0.02403846153846154
0 0.625 0.6538461538461539 0.02403846153846154 0.02403846153846154
0 0.8028846153846154 0.6466346153846154 0.02403846153846154 0.02403846153846154
0 0.18990384615384617 0.6442307692307693 0.02403846153846154 0.02403846153846154
0 0.28605769230769235 0.6370192307692308 0.02403846153846154 0.02403846153846154
0 0.6105769230769231 0.6346153846153847 0.02403846153846154 0.02403846153846154
0 0.8653846153846154 0.6033653846153847 0.02403846153846154 0.02403846153846154
0 0.25240384615384615 0.6057692307692308 0.02403846153846154 0.02403846153846154
0 0.9615384615384616 0.5889423076923077 0.02403846153846154 0.02403846153846154
0 0.05048076923076923 0.576923076923077 0.02403846153846154 0.02403846153846154
0 0.46875 0.5697115384615385 0.02403846153846154 0.02403846153846154
0 0.7451923076923077 0.5673076923076923 0.02403846153846154 0.02403846153846154
0 0.7716346153846154 0.5600961538461539 0.02403846153846154 0.02403846153846154
0 0.28365384615384615 0.5408653846153847 0.02403846153846154 0.02403846153846154
0 0.9086538461538463 0.53125 0.02403846153846154 0.02403846153846154
0 0.4014423076923077 0.5048076923076923 0.02403846153846154 0.02403846153846154
0 0.8485576923076924 0.5 0.02403846153846154 0.02403846153846154
0 0.764423076923077 0.4951923076923077 0.02403846153846154 0.02403846153846154
0 0.27403846153846156 0.49278846153846156 0.02403846153846154 0.02403846153846154
0 0.5552884615384616 0.4879807692307693 0.02403846153846154 0.02403846153846154
0 0.78125 0.4831730769230769 0.02403846153846154 0.02403846153846154
0 0.40625 0.4807692307692308 0.02403846153846154 0.02403846153846154
0 0.5024038461538461 0.4711538461538462 0.02403846153846154 0.02403846153846154
0 0.16346153846153846 0.4567307692307693 0.02403846153846154 0.02403846153846154
0 0.19471153846153846 0.45432692307692313 0.02403846153846154 0.02403846153846154
0 0.701923076923077 0.43028846153846156 0.02403846153846154 0.02403846153846154
0 0.07451923076923077 0.4206730769230769 0.02403846153846154 0.02403846153846154
0 0.6778846153846154 0.4182692307692308 0.02403846153846154 0.02403846153846154
0 0.84375 0.41586538461538464 0.02403846153846154 0.02403846153846154
0 0.34134615384615385 0.40625 0.02403846153846154 0.02403846153846154
0 0.05528846153846154 0.40384615384615385 0.02403846153846154 0.02403846153846154
0 0.9182692307692308 0.3701923076923077 0.02403846153846154 0.02403846153846154
0 0.12740384615384617 0.3701923076923077 0.02403846153846154 0.02403846153846154
0 0.8918269230769231 0.3509615384615385 0.02403846153846154 0.02403846153846154
0 0.71875 0.34615384615384615 0.02403846153846154 0.02403846153846154
0 0.44711538461538464 0.34375 0.02403846153846154 0.02403846153846154
0 0.9254807692307693 0.3076923076923077 0.02403846153846154 0.02403846153846154
0 0.1466346153846154 0.3076923076923077 0.02403846153846154 0.02403846153846154
0 0.7307692307692308 0.3028846153846154 0.02403846153846154 0.02403846153846154
0 0.2043269230769231 0.30528846153846156 0.02403846153846154 0.02403846153846154
0 0.5504807692307693 0.29086538461538464 0.02403846153846154 0.02403846153846154
0 0.2932692307692308 0.28365384615384615 0.02403846153846154 0.02403846153846154
0 0.3774038461538462 0.27884615384615385 0.02403846153846154 0.02403846153846154
0 0.19471153846153846 0.27403846153846156 0.02403846153846154 0.02403846153846154
0 0.4567307692307693 0.2620192307692308 0.02403846153846154 0.02403846153846154
0 0.45432692307692313 0.2403846153846154 0.02403846153846154 0.02403846153846154
0 0.03605769230769231 0.2355769230769231 0.02403846153846154 0.02403846153846154
0 0.3894230769230769 0.23317307692307693 0.02403846153846154 0.02403846153846154
0 0.9014423076923077 0.23076923076923078 0.02403846153846154 0.02403846153846154
0 0.9543269230769231 0.2091346153846154 0.02403846153846154 0.02403846153846154
0 0.5552884615384616 0.19711538461538464 0.02403846153846154 0.02403846153846154
0 0.5192307692307693 0.18990384615384617 0.02403846153846154 0.02403846153846154
0 0.09134615384615385 0.1875 0.02403846153846154 0.02403846153846154
0 0.46875 0.1826923076923077 0.02403846153846154 0.02403846153846154
0 0.2139423076923077 0.18509615384615385 0.02403846153846154 0.02403846153846154
0 0.9110576923076924 0.17307692307692307 0.02403846153846154 0.02403846153846154
0 0.8125 0.16826923076923078 0.02403846153846154 0.02403846153846154
0 0.5552884615384616 0.16586538461538464 0.02403846153846154 0.02403846153846154
0 0.1514423076923077 0.16826923076923078 0.02403846153846154 0.02403846153846154
0 0.84375 0.16346153846153846 0.02403846153846154 0.02403846153846154
0 0.6923076923076923 0.1466346153846154 0.02403846153846154 0.02403846153846154
0 0.8173076923076924 0.14182692307692307 0.02403846153846154 0.02403846153846154
0 0.96875 0.12980769230769232 0.02403846153846154 0.02403846153846154
0 0.9447115384615385 0.12980769230769232 0.02403846153846154 0.02403846153846154
0 0.8365384615384616 0.12980769230769232 0.02403846153846154 0.02403846153846154
0 0.24278846153846156 0.12740384615384617 0.02403846153846154 0.02403846153846154
0 0.34615384615384615 0.11298076923076923 0.02403846153846154 0.02403846153846154
0 0.14423076923076925 0.11057692307692309 0.02403846153846154 0.02403846153846154
0 0.8389423076923077 0.10576923076923078 0.02403846153846154 0.02403846153846154
0 0.6201923076923077 0.09615384615384616 0.02403846153846154 0.02403846153846154
0 0.2932692307692308 0.08413461538461539 0.02403846153846154 0.02403846153846154
0 0.4711538461538462 0.06009615384615385 0.02403846153846154 0.02403846153846154
0 0.5985576923076923 0.026442307692307696 0.02403846153846154 0.02403846153846154
0 0.22115384615384617 0.028846153846153848 0.02403846153846154 0.02403846153846154
0 0.3581730769230769 0.057692307692307696 0.02403846153846154 0.02403846153846154
0 0.7572115384615385 0.0625 0.02403846153846154 0.02403846153846154
0 0.9302884615384616 0.0625 0.02403846153846154 0.02403846153846154
0 0.9375 0.16105769230769232 0.02403846153846154 0.02403846153846154
0 0.84375 0.28605769230769235 0.02403846153846154 0.02403846153846154
0 0.8293269230769231 0.3245192307692308 0.02403846153846154 0.02403846153846154
0 0.90625 0.43028846153846156 0.02403846153846154 0.02403846153846154
0 0.9567307692307693 0.4014423076923077 0.02403846153846154 0.02403846153846154
0 0.9423076923076924 0.375 0.02403846153846154 0.02403846153846154
0 0.9254807692307693 0.5096153846153847 0.02403846153846154 0.02403846153846154
0 0.9711538461538463 0.6105769230769231 0.02403846153846154 0.02403846153846154
0 0.795673076923077 0.6802884615384616 0.02403846153846154 0.02403846153846154
0 0.701923076923077 0.670673076923077 0.02403846153846154 0.02403846153846154
0 0.75 0.59375 0.02403846153846154 0.02403846153846154
0 0.6754807692307693 0.4951923076923077 0.02403846153846154 0.02403846153846154
0 0.5600961538461539 0.46153846153846156 0.02403846153846154 0.02403846153846154
0 0.49759615384615385 0.7211538461538461 0.02403846153846154 0.02403846153846154
0 0.3197115384615385 0.6947115384615385 0.02403846153846154 0.02403846153846154
0 0.34615384615384615 0.5600961538461539 0.02403846153846154 0.02403846153846154
0 0.38461538461538464 0.5216346153846154 0.02403846153846154 0.02403846153846154
0 0.24278846153846156 0.5168269230769231 0.02403846153846154 0.02403846153846154
0 0.19230769230769232 0.5793269230769231 0.02403846153846154 0.02403846153846154
0 0.14182692307692307 0.5817307692307693 0.02403846153846154 0.02403846153846154
0 0.13942307692307693 0.5961538461538461 0.02403846153846154 0.02403846153846154
0 0.22836538461538464 0.6346153846153847 0.02403846153846154 0.02403846153846154
0 0.19951923076923078 0.7355769230769231 0.02403846153846154 0.02403846153846154
0 0.18509615384615385 0.6923076923076923 0.02403846153846154 0.02403846153846154
0 0.13701923076923078 0.6826923076923077 0.02403846153846154 0.02403846153846154
0 0.13942307692307693 0.7043269230769231 0.02403846153846154 0.02403846153846154
0 0.05528846153846154 0.6466346153846154 0.02403846153846154 0.02403846153846154
0 0.09134615384615385 0.44230769230769235 0.02403846153846154 0.02403846153846154
0 0.08653846153846154 0.34615384615384615 0.02403846153846154 0.02403846153846154
0 0.08173076923076923 0.2716346153846154 0.02403846153846154 0.02403846153846154
0 0.17548076923076925 0.30528846153846156 0.02403846153846154 0.02403846153846154
0 0.2716346153846154 0.3389423076923077 0.02403846153846154 0.02403846153846154
0 0.21634615384615385 0.2139423076923077 0.02403846153846154 0.02403846153846154
0 0.2620192307692308 0.22355769230769232 0.02403846153846154 0.02403846153846154
0 0.3605769230769231 0.22115384615384617 0.02403846153846154 0.02403846153846154
0 0.41105769230769235 0.10817307692307693 0.02403846153846154 0.02403846153846154
0 0.45432692307692313 0.14182692307692307 0.02403846153846154 0.02403846153846154
0 0.5048076923076923 0.19951923076923078 0.02403846153846154 0.02403846153846154
0 0.5072115384615384 0.23798076923076925 0.02403846153846154 0.02403846153846154
0 0.5024038461538461 0.28365384615384615 0.02403846153846154 0.02403846153846154
0 0.47836538461538464 0.24278846153846156 0.02403846153846154 0.02403846153846154
0 0.4759615384615385 0.23317307692307693 0.02403846153846154 0.02403846153846154
0 0.608173076923077 0.10096153846153846 0.02403846153846154 0.02403846153846154
0 0.5697115384615385 0.028846153846153848 0.02403846153846154 0.02403846153846154
0 0.4879807692307693 0.07451923076923077 0.02403846153846154 0.02403846153846154
0 0.8701923076923077 0.4879807692307693 0.02403846153846154 0.02403846153846154
0 0.608173076923077 0.7115384615384616 0.02403846153846154 0.02403846153846154
0 0.34855769230769235 0.8341346153846154 0.02403846153846154 0.02403846153846154
0 0.28125 0.8461538461538463 0.02403846153846154 0.02403846153846154
0 0.2139423076923077 0.9471153846153847 0.02403846153846154 0.02403846153846154
0 0.13221153846153846 0.8317307692307693 0.02403846153846154 0.02403846153846154
0 0.08653846153846154 0.826923076923077 0.02403846153846154 0.02403846153846154
0 0.06730769230769232 0.8629807692307693 0.02403846153846154 0.02403846153846154
0 0.03605769230769231 0.8076923076923077 0.02403846153846154 0.02403846153846154
0 0.6802884615384616 0.5865384615384616 0.02403846153846154 0.02403846153846154
