0 0.8990384615384616 0.9615384615384616 0.02403846153846154 0.02403846153846154
0 0.9567307692307693 0.9591346153846154 0.02403846153846154 0.02403846153846154
0 0.5 0.9471153846153847 0.02403846153846154 0.02403846153846154
0 0.9471153846153847 0.9278846153846154 0.02403846153846154 0.02403846153846154
0 0.7572115384615385 0.8990384615384616 0.02403846153846154 0.02403846153846154
0 0.7884615384615385 0.889423076923077 0.02403846153846154 0.02403846153846154
0 0.5192307692307693 0.875 0.02403846153846154 0.02403846153846154
0 0.6971153846153847 0.8629807692307693 0.02403846153846154 0.02403846153846154
0 0.7403846153846154 0.8461538461538463 0.02403846153846154 0.02403846153846154
0 0.84375 0.8413461538461539 0.02403846153846154 0.02403846153846154
0 0.9663461538461539 0.8389423076923077 0.02403846153846154 0.02403846153846154
0 0.9038461538461539 0.8221153846153847 0.02403846153846154 0.02403846153846154
0 0.47355769230769235 0.8149038461538461 0.02403846153846154 0.02403846153846154
0 0.75 0.7692307692307693 0.02403846153846154 0.02403846153846154
0 0.8966346153846154 0.764423076923077 0.02403846153846154 0.02403846153846154
0 0.23798076923076925 0.7259615384615385 0.02403846153846154 0.02403846153846154
0 0.9158653846153847 0.6514423076923077 0.02403846153846154 0.02403846153846154
0 0.22355769230769232 0.6418269230769231 0.02403846153846154 0.02403846153846154
0 0.5408653846153847 0.5961538461538461 0.02403846153846154 0.02403846153846154
0 0.2884615384615385 0.5985576923076923 0.02403846153846154 0.02403846153846154
0 0.875 0.5625 0.02403846153846154 0.02403846153846154
0 0.6129807692307693 0.5408653846153847 0.02403846153846154 0.02403846153846154
0 0.9110576923076924 0.53125 0.02403846153846154 0.02403846153846154
0 0.8149038461538461 0.5072115384615384 0.02403846153846154 0.02403846153846154
0 0.7548076923076924 0.46153846153846156 0.02403846153846154 0.02403846153846154
0 0.8245192307692308 0.4399038461538462 0.02403846153846154 0.02403846153846154
0 0.7451923076923077 0.41105769230769235 0.02403846153846154 0.02403846153846154
0 0.6177884615384616 0.3774038461538462 0.02403846153846154 0.02403846153846154
0 0.951923076923077 0.3653846153846154 0.02403846153846154 0.02403846153846154
0 0.5192307692307693 0.33653846153846156 0.02403846153846154 0.02403846153846154
0 0.7451923076923077 0.3317307692307693 0.02403846153846154 0.02403846153846154
0 0.6370192307692308 0.3197115384615385 0.02403846153846154 0.02403846153846154
0 0.42307692307692313 0.2884615384615385 0.02403846153846154 0.02403846153846154
0 0.9471153846153847 0.2692307692307693 0.02403846153846154 0.02403846153846154
0 0.7692307692307693 0.2692307692307693 0.02403846153846154 0.02403846153846154
0 0.27403846153846156 0.11538461538461539 0.02403846153846154 0.02403846153846154
0 0.1778846153846154 0.125 0.02403846153846154 0.02403846153846154
0 0.16586538461538464 0.16826923076923078 0.02403846153846154 0.02403846153846154
0 0.19951923076923078 0.17067307692307693 0.02403846153846154 0.02403846153846154
0 0.22355769230769232 0.13221153846153846 0.02403846153846154 0.02403846153846154
0 0.3581730769230769 0.18028846153846154 0.02403846153846154 0.02403846153846154
0 0.4903846153846154 0.15865384615384617 0.02403846153846154 0.02403846153846154
0 0.5625 0.19471153846153846 0.02403846153846154 0.02403846153846154
0 0.43509615384615385 0.3125 0.02403846153846154 0.02403846153846154
0 0.5216346153846154 0.3509615384615385 0.02403846153846154 0.02403846153846154
0 0.576923076923077 0.4182692307692308 0.02403846153846154 0.02403846153846154
0 0.6033653846153847 0.43509615384615385 0.02403846153846154 0.02403846153846154
0 0.6057692307692308 0.46875 0.02403846153846154 0.02403846153846154
0 0.5985576923076923 0.5048076923076923 0.02403846153846154 0.02403846153846154
0 0.5913461538461539 0.5192307692307693 0.02403846153846154 0.02403846153846154
0 0.71875 0.5600961538461539 0.02403846153846154 0.02403846153846154
0 0.7836538461538461 0.5865384615384616 0.02403846153846154 0.02403846153846154
0 0.6658653846153847 0.6057692307692308 0.02403846153846154 0.02403846153846154
0 0.6274038461538461 0.5817307692307693 0.02403846153846154 0.02403846153846154
0 0.6538461538461539 0.6586538461538461 0.02403846153846154 0.02403846153846154
0 0.5600961538461539 0.6538461538461539 0.02403846153846154 0.02403846153846154
0 0.5504807692307693 0.5841346153846154 0.02403846153846154 0.02403846153846154
0 0.5048076923076923 0.6057692307692308 0.02403846153846154 0.02403846153846154
0 0.5649038461538461 0.7668269230769231 0.02403846153846154 0.02403846153846154
0 0.9447115384615385 0.5817307692307693 0.02403846153846154 0.02403846153846154
0 0.8509615384615385 0.46153846153846156 0.02403846153846154 0.02403846153846154
0 0.8341346153846154 0.9254807692307693 0.02403846153846154 0.02403846153846154
0 0.9278846153846154 0.9591346153846154 0.02403846153846154 0.02403846153846154
0 0.96875 0.8677884615384616 0.02403846153846154 0.02403846153846154
0 0.670673076923077 0.9399038461538463 0.02403846153846154 0.02403846153846154
0 0.6442307692307693 0.9423076923076924 0.02403846153846154 0.02403846153846154
0 0.6466346153846154 0.9663461538461539 0.02403846153846154 0.02403846153846154
0 0.5673076923076923 0.9399038461538463 0.02403846153846154 0.02403846153846154
0 0.5793269230769231 0.8942307692307693 0.02403846153846154 0.02403846153846154
0 0.44711538461538464 0.8701923076923077 0.02403846153846154 0.02403846153846154
0 0.4278846153846154 0.8389423076923077 0.02403846153846154 0.02403846153846154
0 0.4326923076923077 0.8221153846153847 0.02403846153846154 0.02403846153846154
0 0.4495192307692308 0.7620192307692308 0.02403846153846154 0.02403846153846154
0 0.40384615384615385 0.6971153846153847 0.02403846153846154 0.02403846153846154
0 0.4182692307692308 0.7235576923076924 0.02403846153846154 0.02403846153846154
0 0.3894230769230769 0.764423076923077 0.02403846153846154 0.02403846153846154
0 0.3557692307692308 0.8100961538461539 0.02403846153846154 0.02403846153846154
0 0.3269230769230769 0.8725961538461539 0.02403846153846154 0.02403846153846154
0 0.22115384615384617 0.9278846153846154 0.02403846153846154 0.02403846153846154
0 0.14903846153846154 0.9350961538461539 0.02403846153846154 0.02403846153846154
0 0.27884615384615385 0.8100961538461539 0.02403846153846154 0.02403846153846154
0 0.28365384615384615 0.7716346153846154 0.02403846153846154 0.02403846153846154
0 0.3004807692307693 0.6586538461538461 0.02403846153846154 0.02403846153846154
0 0.28365384615384615 0.6370192307692308 0.02403846153846154 0.02403846153846154
0 0.3004807692307693 0.6274038461538461 0.02403846153846154 0.02403846153846154
0 0.37980769230769235 0.5817307692307693 0.02403846153846154 0.02403846153846154
0 0.34855769230769235 0.514423076923077 0.02403846153846154 0.02403846153846154
0 0.09855769230769232 0.6850961538461539 0.02403846153846154 0.02403846153846154
0 0.16586538461538464 0.7379807692307693 0.02403846153846154 0.02403846153846154
0 0.11057692307692309 0.8317307692307693 0.02403846153846154 0.02403846153846154
0 0.04567307692307693 0.826923076923077 0.02403846153846154 0.02403846153846154
0 0.03605769230769231 0.4375 0.02403846153846154 0.02403846153846154
0 0.06971153846153846 0.2716346153846154 0.02403846153846154 0.02403846153846154
0 0.07211538461538462 0.23798076923076925 0.02403846153846154 0.02403846153846154
0 0.17307692307692307 0.2572115384615385 0.02403846153846154 0.02403846153846154
0 0.21634615384615385 0.22836538461538464 0.02403846153846154 0.02403846153846154
0 0.3197115384615385 0.3197115384615385 0.02403846153846154 0.02403846153846154
0 0.28125 0.2980769230769231 0.02403846153846154 0.02403846153846154
0 0.30528846153846156 0.4206730769230769 0.02403846153846154 0.02403846153846154
0 0.3076923076923077 0.3701923076923077 0.02403846153846154 0.02403846153846154
0 0.2572115384615385 0.4375 0.02403846153846154 0.02403846153846154
0 0.1514423076923077 0.46634615384615385 0.02403846153846154 0.02403846153846154
0 0.24278846153846156 0.5480769230769231 0.02403846153846154 0.02403846153846154
0 0.18509615384615385 0.5240384615384616 0.02403846153846154 0.02403846153846154
