0 0.8341346153846154 0.9038461538461539 0.02403846153846154 0.02403846153846154
0 0.8942307692307693 0.875 0.02403846153846154 0.02403846153846154
0 0.7932692307692308 0.7692307692307693 0.02403846153846154 0.02403846153846154
0 0.9134615384615385 0.6682692307692308 0.02403846153846154 0.02403846153846154
0 0.9326923076923077 0.5961538461538461 0.02403846153846154 0.02403846153846154
0 0.8870192307692308 0.5360576923076923 0.02403846153846154 0.02403846153846154
0 0.6514423076923077 0.44711538461538464 0.02403846153846154 0.02403846153846154
0 0.6370192307692308 0.3629807692307693 0.02403846153846154 0.02403846153846154
0 0.9543269230769231 0.31730769230769235 0.02403846153846154 0.02403846153846154
0 0.701923076923077 0.3197115384615385 0.02403846153846154 0.02403846153846154
0 0.9326923076923077 0.057692307692307696 0.02403846153846154 0.02403846153846154
0 0.8485576923076924 0.03365384615384616 0.02403846153846154 0.02403846153846154
0 0.9350961538461539 0.07211538461538462 0.02403846153846154 0.02403846153846154
0 0.9639423076923077 0.30528846153846156 0.02403846153846154 0.02403846153846154
0 0.9182692307692308 0.3269230769230769 0.02403846153846154 0.02403846153846154
0 0.9639423076923077 0.7043269230769231 0.02403846153846154 0.02403846153846154
0 0.9423076923076924 0.6971153846153847 0.02403846153846154 0.02403846153846154
0 0.9543269230769231 0.7884615384615385 0.02403846153846154 0.02403846153846154
0 0.8990384615384616 0.8221153846153847 0.02403846153846154 0.02403846153846154
0 0.9158653846153847 0.8701923076923077 0.02403846153846154 0.02403846153846154
0 0.9230769230769231 0.90625 0.02403846153846154 0.02403846153846154
0 0.8293269230769231 0.9423076923076924 0.02403846153846154 0.02403846153846154
0 0.7908653846153847 0.96875 0.02403846153846154 0.02403846153846154
0 0.8701923076923077 0.90625 0.02403846153846154 0.02403846153846154
0 0.8461538461538463 0.7427884615384616 0.02403846153846154 0.02403846153846154
0 0.8221153846153847 0.7475961538461539 0.02403846153846154 0.02403846153846154
0 0.8605769230769231 0.5913461538461539 0.02403846153846154 0.02403846153846154
0 0.8413461538461539 0.5600961538461539 0.02403846153846154 0.02403846153846154
0 0.8461538461538463 0.5432692307692308 0.02403846153846154 0.02403846153846154
0 0.8629807692307693 0.4831730769230769 0.02403846153846154 0.02403846153846154
0 0.8173076923076924 0.4182692307692308 0.02403846153846154 0.02403846153846154
0 0.8317307692307693 0.4447115384615385 0.02403846153846154 0.02403846153846154
0 0.8028846153846154 0.48557692307692313 0.02403846153846154 0.02403846153846154
0 0.7692307692307693 0.53125 0.02403846153846154 0.02403846153846154
0 0.7403846153846154 0.59375 0.02403846153846154 0.02403846153846154
0 0.6899038461538461 0.71875 0.02403846153846154 0.02403846153846154
0 0.6947115384615385 0.8557692307692308 0.02403846153846154 0.02403846153846154
0 0.6610576923076923 0.78125 0.02403846153846154 0.02403846153846154
0 0.6778846153846154 0.7524038461538461 0.02403846153846154 0.02403846153846154
0 0.6658653846153847 0.6995192307692308 0.02403846153846154 0.02403846153846154
0 0.6346153846153847 0.6490384615384616 0.02403846153846154 0.02403846153846154
0 0.5625 0.65625 0.02403846153846154 0.02403846153846154
0 0.6923076923076923 0.53125 0.02403846153846154 0.02403846153846154
0 0.6971153846153847 0.49278846153846156 0.02403846153846154 0.02403846153846154
0 0.7139423076923077 0.37980769230769235 0.02403846153846154 0.02403846153846154
0 0.6971153846153847 0.3581730769230769 0.02403846153846154 0.02403846153846154
0 0.7139423076923077 0.34855769230769235 0.02403846153846154 0.02403846153846154
0 0.7932692307692308 0.3028846153846154 0.02403846153846154 0.02403846153846154
0 0.7620192307692308 0.2355769230769231 0.02403846153846154 0.02403846153846154
0 0.3653846153846154 0.8653846153846154 0.02403846153846154 0.02403846153846154
0 0.34615384615384615 0.8125 0.02403846153846154 0.02403846153846154
0 0.38461538461538464 0.45432692307692313 0.02403846153846154 0.02403846153846154
0 0.4206730769230769 0.40384615384615385 0.02403846153846154 0.02403846153846154
0 0.3629807692307693 0.3701923076923077 0.02403846153846154 0.02403846153846154
0 0.5120192307692308 0.40625 0.02403846153846154 0.02403846153846154
0 0.5793269230769231 0.4591346153846154 0.02403846153846154 0.02403846153846154
0 0.5240384615384616 0.5528846153846154 0.02403846153846154 0.02403846153846154
0 0.4591346153846154 0.5480769230769231 0.02403846153846154 0.02403846153846154
0 0.4086538461538462 0.5793269230769231 0.02403846153846154 0.02403846153846154
0 0.3341346153846154 0.47836538461538464 0.02403846153846154 0.02403846153846154
0 0.27884615384615385 0.22115384615384617 0.02403846153846154 0.02403846153846154
0 0.4495192307692308 0.15865384615384617 0.02403846153846154 0.02403846153846154
0 0.733173076923077 0.040865384615384616 0.02403846153846154 0.02403846153846154
0 0.71875 0.14182692307692307 0.02403846153846154 0.02403846153846154
0 0.7211538461538461 0.09134615384615385 0.02403846153846154 0.02403846153846154
0 0.670673076923077 0.15865384615384617 0.02403846153846154 0.02403846153846154
0 0.5649038461538461 0.1875 0.02403846153846154 0.02403846153846154
0 0.65625 0.2692307692307693 0.02403846153846154 0.02403846153846154
0 0.5985576923076923 0.2451923076923077 0.02403846153846154 0.02403846153846154
0 0.27884615384615385 0.3245192307692308 0.02403846153846154 0.02403846153846154
0 0.12259615384615385 0.7980769230769231 0.02403846153846154 0.02403846153846154
