0 0.2139423076923077 0.701923076923077 0.02403846153846154 0.02403846153846154
0 0.06971153846153846 0.5649038461538461 0.02403846153846154 0.02403846153846154
0 0.858173076923077 0.5552884615384616 0.02403846153846154 0.02403846153846154
0 0.4447115384615385 0.5408653846153847 0.02403846153846154 0.02403846153846154
0 0.9254807692307693 0.4399038461538462 0.02403846153846154 0.02403846153846154
0 0.3629807692307693 0.3509615384615385 0.02403846153846154 0.02403846153846154
0 0.4711538461538462 0.23317307692307693 0.02403846153846154 0.02403846153846154
0 0.3293269230769231 0.2139423076923077 0.02403846153846154 0.02403846153846154
0 0.42307692307692313 0.19711538461538464 0.02403846153846154 0.02403846153846154
0 0.2043269230769231 0.14903846153846154 0.02403846153846154 0.02403846153846154
0 0.6129807692307693 0.12980769230769232 0.02403846153846154 0.02403846153846154
0 0.23317307692307693 0.12259615384615385 0.02403846153846154 0.02403846153846154
0 0.8822115384615385 0.2956730769230769 0.02403846153846154 0.02403846153846154
0 0.6754807692307693 0.5192307692307693 0.02403846153846154 0.02403846153846154
0 0.49278846153846156 0.5889423076923077 0.02403846153846154 0.02403846153846154
0 0.7427884615384616 0.05528846153846154 0.02403846153846154 0.02403846153846154
0 0.04807692307692308 0.05048076923076923 0.02403846153846154 0.02403846153846154
0 0.8966346153846154 0.18509615384615385 0.02403846153846154 0.02403846153846154
