0 0.9711538461538463 0.8966346153846154 0.02403846153846154 0.02403846153846154
0 0.9230769230769231 0.7572115384615385 0.02403846153846154 0.02403846153846154
0 0.9086538461538463 0.7307692307692308 0.02403846153846154 0.02403846153846154
0 0.6225961538461539 0.6634615384615385 0.02403846153846154 0.02403846153846154
0 0.6826923076923077 0.6346153846153847 0.02403846153846154 0.02403846153846154
0 0.9567307692307693 0.6322115384615385 0.02403846153846154 0.02403846153846154
0 0.795673076923077 0.5336538461538461 0.02403846153846154 0.02403846153846154
0 0.5817307692307693 0.5288461538461539 0.02403846153846154 0.02403846153846154
0 0.84375 0.4711538461538462 0.02403846153846154 0.02403846153846154
0 0.701923076923077 0.4278846153846154 0.02403846153846154 0.02403846153846154
0 0.9591346153846154 0.37980769230769235 0.02403846153846154 0.02403846153846154
0 0.7211538461538461 0.3557692307692308 0.02403846153846154 0.02403846153846154
0 0.8990384615384616 0.34375 0.02403846153846154 0.02403846153846154
0 0.9423076923076924 0.3269230769230769 0.02403846153846154 0.02403846153846154
0 0.6754807692307693 0.2956730769230769 0.02403846153846154 0.02403846153846154
0 0.951923076923077 0.25 0.02403846153846154 0.02403846153846154
0 0.4399038461538462 0.20673076923076925 0.02403846153846154 0.02403846153846154
0 0.4254807692307693 0.12259615384615385 0.02403846153846154 0.02403846153846154
0 0.7427884615384616 0.07692307692307693 0.02403846153846154 0.02403846153846154
0 0.4903846153846154 0.07932692307692309 0.02403846153846154 0.02403846153846154
0 0.920673076923077 0.040865384615384616 0.02403846153846154 0.02403846153846154
0 0.8677884615384616 0.08653846153846154 0.02403846153846154 0.02403846153846154
0 0.8293269230769231 0.0625 0.02403846153846154 0.02403846153846154
0 0.8557692307692308 0.13942307692307693 0.02403846153846154 0.02403846153846154
0 0.7620192307692308 0.13461538461538464 0.02403846153846154 0.02403846153846154
0 0.7524038461538461 0.06490384615384616 0.02403846153846154 0.02403846153846154
0 0.7067307692307693 0.08653846153846154 0.02403846153846154 0.02403846153846154
0 0.7668269230769231 0.24759615384615385 0.02403846153846154 0.02403846153846154
0 0.8413461538461539 0.9423076923076924 0.02403846153846154 0.02403846153846154
0 0.8028846153846154 0.8173076923076924 0.02403846153846154 0.02403846153846154
0 0.7139423076923077 0.7836538461538461 0.02403846153846154 0.02403846153846154
0 0.6826923076923077 0.9278846153846154 0.02403846153846154 0.02403846153846154
0 0.5697115384615385 0.9495192307692308 0.02403846153846154 0.02403846153846154
0 0.5432692307692308 0.9182692307692308 0.02403846153846154 0.02403846153846154
0 0.5192307692307693 0.920673076923077 0.02403846153846154 0.02403846153846154
0 0.45432692307692313 0.9399038461538463 0.02403846153846154 0.02403846153846154
0 0.8725961538461539 0.4206730769230769 0.02403846153846154 0.02403846153846154
0 0.8461538461538463 0.42307692307692313 0.02403846153846154 0.02403846153846154
0 0.8485576923076924 0.44711538461538464 0.02403846153846154 0.02403846153846154
0 0.8557692307692308 0.545673076923077 0.02403846153846154 0.02403846153846154
0 0.9399038461538463 0.65625 0.02403846153846154 0.02403846153846154
0 0.875 0.6466346153846154 0.02403846153846154 0.02403846153846154
0 0.8533653846153847 0.6418269230769231 0.02403846153846154 0.02403846153846154
0 0.8245192307692308 0.625 0.02403846153846154 0.02403846153846154
0 0.8245192307692308 0.5889423076923077 0.02403846153846154 0.02403846153846154
0 0.7524038461538461 0.4639423076923077 0.02403846153846154 0.02403846153846154
0 0.7307692307692308 0.4567307692307693 0.02403846153846154 0.02403846153846154
0 0.7692307692307693 0.4206730769230769 0.02403846153846154 0.02403846153846154
0 0.78125 0.375 0.02403846153846154 0.02403846153846154
0 0.7427884615384616 0.5480769230769231 0.02403846153846154 0.02403846153846154
0 0.6875 0.5817307692307693 0.02403846153846154 0.02403846153846154
0 0.7043269230769231 0.6298076923076923 0.02403846153846154 0.02403846153846154
0 0.7115384615384616 0.6658653846153847 0.02403846153846154 0.02403846153846154
0 0.7668269230769231 0.6802884615384616 0.02403846153846154 0.02403846153846154
0 0.6177884615384616 0.701923076923077 0.02403846153846154 0.02403846153846154
0 0.5793269230769231 0.7283653846153847 0.02403846153846154 0.02403846153846154
0 0.5697115384615385 0.75 0.02403846153846154 0.02403846153846154
0 0.6586538461538461 0.6658653846153847 0.02403846153846154 0.02403846153846154
0 0.6346153846153847 0.5024038461538461 0.02403846153846154 0.02403846153846154
0 0.6105769230769231 0.5072115384615384 0.02403846153846154 0.02403846153846154
0 0.6490384615384616 0.3509615384615385 0.02403846153846154 0.02403846153846154
0 0.6298076923076923 0.3197115384615385 0.02403846153846154 0.02403846153846154
0 0.6346153846153847 0.3028846153846154 0.02403846153846154 0.02403846153846154
0 0.6514423076923077 0.24278846153846156 0.02403846153846154 0.02403846153846154
0 0.6057692307692308 0.1778846153846154 0.02403846153846154 0.02403846153846154
0 0.6201923076923077 0.2043269230769231 0.02403846153846154 0.02403846153846154
0 0.5913461538461539 0.2451923076923077 0.02403846153846154 0.02403846153846154
0 0.5576923076923077 0.29086538461538464 0.02403846153846154 0.02403846153846154
0 0.5288461538461539 0.35336538461538464 0.02403846153846154 0.02403846153846154
0 0.47836538461538464 0.47836538461538464 0.02403846153846154 0.02403846153846154
0 0.4831730769230769 0.6153846153846154 0.02403846153846154 0.02403846153846154
0 0.4495192307692308 0.5408653846153847 0.02403846153846154 0.02403846153846154
0 0.46634615384615385 0.5120192307692308 0.02403846153846154 0.02403846153846154
0 0.45432692307692313 0.4591346153846154 0.02403846153846154 0.02403846153846154
0 0.42307692307692313 0.4086538461538462 0.02403846153846154 0.02403846153846154
0 0.3509615384615385 0.41586538461538464 0.02403846153846154 0.02403846153846154
0 0.4807692307692308 0.29086538461538464 0.02403846153846154 0.02403846153846154
0 0.48557692307692313 0.25240384615384615 0.02403846153846154 0.02403846153846154
0 0.5024038461538461 0.13942307692307693 0.02403846153846154 0.02403846153846154
0 0.48557692307692313 0.11778846153846155 0.02403846153846154 0.02403846153846154
0 0.5024038461538461 0.10817307692307693 0.02403846153846154 0.02403846153846154
0 0.5817307692307693 0.0625 0.02403846153846154 0.02403846153846154
0 0.3870192307692308 0.7716346153846154 0.02403846153846154 0.02403846153846154
0 0.06971153846153846 0.8341346153846154 0.02403846153846154 0.02403846153846154
0 0.15384615384615385 0.625 0.02403846153846154 0.02403846153846154
0 0.13461538461538464 0.5721153846153847 0.02403846153846154 0.02403846153846154
0 0.17307692307692307 0.2139423076923077 0.02403846153846154 0.02403846153846154
0 0.2091346153846154 0.16346153846153846 0.02403846153846154 0.02403846153846154
0 0.1514423076923077 0.12980769230769232 0.02403846153846154 0.02403846153846154
0 0.3004807692307693 0.16586538461538464 0.02403846153846154 0.02403846153846154
0 0.36778846153846156 0.21875 0.02403846153846154 0.02403846153846154
0 0.3125 0.3125 0.02403846153846154 0.02403846153846154
0 0.24759615384615385 0.3076923076923077 0.02403846153846154 0.02403846153846154
0 0.19711538461538464 0.3389423076923077 0.02403846153846154 0.02403846153846154
0 0.12259615384615385 0.23798076923076925 0.02403846153846154 0.02403846153846154
0 0.4447115384615385 0.028846153846153848 0.02403846153846154 0.02403846153846154
0 0.06730769230769232 0.08413461538461539 0.02403846153846154 0.02403846153846154
0 0.5072115384615384 0.8653846153846154 0.02403846153846154 0.02403846153846154
