0 0.8004807692307693 0.9495192307692308 0.02403846153846154 0.02403846153846154
0 0.8197115384615385 0.8774038461538463 0.02403846153846154 0.02403846153846154
0 0.7740384615384616 0.8173076923076924 0.02403846153846154 0.02403846153846154
0 0.5384615384615385 0.7283653846153847 0.02403846153846154 0.02403846153846154
0 0.5240384615384616 0.6442307692307693 0.02403846153846154 0.02403846153846154
0 0.8413461538461539 0.5985576923076923 0.02403846153846154 0.02403846153846154
0 0.5889423076923077 0.6009615384615385 0.02403846153846154 0.02403846153846154
0 0.9134615384615385 0.5432692307692308 0.02403846153846154 0.02403846153846154
0 0.9182692307692308 0.37980769230769235 0.02403846153846154 0.02403846153846154
0 0.8197115384615385 0.3389423076923077 0.02403846153846154 0.02403846153846154
0 0.9375 0.32211538461538464 0.02403846153846154 0.02403846153846154
0 0.7235576923076924 0.29086538461538464 0.02403846153846154 0.02403846153846154
0 0.5745192307692308 0.11778846153846155 0.02403846153846154 0.02403846153846154
0 0.05048076923076923 0.08413461538461539 0.02403846153846154 0.02403846153846154
0 0.11778846153846155 0.13942307692307693 0.02403846153846154 0.02403846153846154
0 0.47836538461538464 0.12740384615384617 0.02403846153846154 0.02403846153846154
0 0.46634615384615385 0.17067307692307693 0.02403846153846154 0.02403846153846154
0 0.5 0.17307692307692307 0.02403846153846154 0.02403846153846154
0 0.5240384615384616 0.13461538461538464 0.02403846153846154 0.02403846153846154
0 0.6586538461538461 0.1826923076923077 0.02403846153846154 0.02403846153846154
0 0.7908653846153847 0.16105769230769232 0.02403846153846154 0.02403846153846154
0 0.8629807692307693 0.19711538461538464 0.02403846153846154 0.02403846153846154
0 0.7355769230769231 0.31490384615384615 0.02403846153846154 0.02403846153846154
0 0.8221153846153847 0.35336538461538464 0.02403846153846154 0.02403846153846154
0 0.8774038461538463 0.4206730769230769 0.02403846153846154 0.02403846153846154
0 0.9038461538461539 0.4375 0.02403846153846154 0.02403846153846154
0 0.90625 0.4711538461538462 0.02403846153846154 0.02403846153846154
0 0.8990384615384616 0.5072115384615384 0.02403846153846154 0.02403846153846154
0 0.8918269230769231 0.5216346153846154 0.02403846153846154 0.02403846153846154
0 0.9663461538461539 0.608173076923077 0.02403846153846154 0.02403846153846154
0 0.9278846153846154 0.5841346153846154 0.02403846153846154 0.02403846153846154
0 0.9543269230769231 0.6610576923076923 0.02403846153846154 0.02403846153846154
0 0.8605769230769231 0.65625 0.02403846153846154 0.02403846153846154
0 0.8509615384615385 0.5865384615384616 0.02403846153846154 0.02403846153846154
0 0.8052884615384616 0.608173076923077 0.02403846153846154 0.02403846153846154
0 0.8653846153846154 0.7692307692307693 0.02403846153846154 0.02403846153846154
0 0.9711538461538463 0.9423076923076924 0.02403846153846154 0.02403846153846154
0 0.9447115384615385 0.9447115384615385 0.02403846153846154 0.02403846153846154
0 0.9471153846153847 0.96875 0.02403846153846154 0.02403846153846154
0 0.8677884615384616 0.9423076923076924 0.02403846153846154 0.02403846153846154
0 0.8798076923076924 0.8966346153846154 0.02403846153846154 0.02403846153846154
0 0.7475961538461539 0.8725961538461539 0.02403846153846154 0.02403846153846154
0 0.7283653846153847 0.8413461538461539 0.02403846153846154 0.02403846153846154
0 0.733173076923077 0.8245192307692308 0.02403846153846154 0.02403846153846154
0 0.75 0.764423076923077 0.02403846153846154 0.02403846153846154
0 0.7043269230769231 0.6995192307692308 0.02403846153846154 0.02403846153846154
0 0.71875 0.7259615384615385 0.02403846153846154 0.02403846153846154
0 0.6899038461538461 0.7668269230769231 0.02403846153846154 0.02403846153846154
0 0.65625 0.8125 0.02403846153846154 0.02403846153846154
0 0.6274038461538461 0.875 0.02403846153846154 0.02403846153846154
0 0.5216346153846154 0.9302884615384616 0.02403846153846154 0.02403846153846154
0 0.4495192307692308 0.9375 0.02403846153846154 0.02403846153846154
0 0.5793269230769231 0.8125 0.02403846153846154 0.02403846153846154
0 0.5841346153846154 0.7740384615384616 0.02403846153846154 0.02403846153846154
0 0.6009615384615385 0.6610576923076923 0.02403846153846154 0.02403846153846154
0 0.5841346153846154 0.639423076923077 0.02403846153846154 0.02403846153846154
0 0.6009615384615385 0.6298076923076923 0.02403846153846154 0.02403846153846154
0 0.6802884615384616 0.5841346153846154 0.02403846153846154 0.02403846153846154
0 0.6490384615384616 0.5168269230769231 0.02403846153846154 0.02403846153846154
0 0.2716346153846154 0.7355769230769231 0.02403846153846154 0.02403846153846154
0 0.3076923076923077 0.6850961538461539 0.02403846153846154 0.02403846153846154
0 0.25 0.6514423076923077 0.02403846153846154 0.02403846153846154
0 0.39903846153846156 0.6875 0.02403846153846154 0.02403846153846154
0 0.46634615384615385 0.7403846153846154 0.02403846153846154 0.02403846153846154
0 0.41105769230769235 0.8341346153846154 0.02403846153846154 0.02403846153846154
0 0.34615384615384615 0.8293269230769231 0.02403846153846154 0.02403846153846154
0 0.2956730769230769 0.8605769230769231 0.02403846153846154 0.02403846153846154
0 0.22115384615384617 0.7596153846153847 0.02403846153846154 0.02403846153846154
0 0.16586538461538464 0.5024038461538461 0.02403846153846154 0.02403846153846154
0 0.33653846153846156 0.4399038461538462 0.02403846153846154 0.02403846153846154
0 0.2451923076923077 0.2644230769230769 0.02403846153846154 0.02403846153846154
0 0.3701923076923077 0.27403846153846156 0.02403846153846154 0.02403846153846154
0 0.37259615384615385 0.2403846153846154 0.02403846153846154 0.02403846153846154
0 0.47355769230769235 0.25961538461538464 0.02403846153846154 0.02403846153846154
0 0.5168269230769231 0.23076923076923078 0.02403846153846154 0.02403846153846154
0 0.6201923076923077 0.32211538461538464 0.02403846153846154 0.02403846153846154
0 0.5817307692307693 0.3004807692307693 0.02403846153846154 0.02403846153846154
0 0.6057692307692308 0.42307692307692313 0.02403846153846154 0.02403846153846154
0 0.608173076923077 0.37259615384615385 0.02403846153846154 0.02403846153846154
0 0.5576923076923077 0.4399038461538462 0.02403846153846154 0.02403846153846154
0 0.4519230769230769 0.46875 0.02403846153846154 0.02403846153846154
0 0.5432692307692308 0.5504807692307693 0.02403846153846154 0.02403846153846154
0 0.48557692307692313 0.5264423076923077 0.02403846153846154 0.02403846153846154
0 0.16586538461538464 0.6057692307692308 0.02403846153846154 0.02403846153846154
