0 0.22355769230769232 0.9711538461538463 0.02403846153846154 0.02403846153846154
0 0.8149038461538461 0.951923076923077 0.02403846153846154 0.02403846153846154
0 0.9615384615384616 0.9447115384615385 0.02403846153846154 0.02403846153846154
0 0.670673076923077 0.9350961538461539 0.02403846153846154 0.02403846153846154
0 0.8701923076923077 0.9158653846153847 0.02403846153846154 0.02403846153846154
0 0.8413461538461539 0.90625 0.02403846153846154 0.02403846153846154
0 0.7692307692307693 0.9014423076923077 0.02403846153846154 0.02403846153846154
0 0.9591346153846154 0.8990384615384616 0.02403846153846154 0.02403846153846154
0 0.639423076923077 0.8846153846153847 0.02403846153846154 0.02403846153846154
0 0.47355769230769235 0.8485576923076924 0.02403846153846154 0.02403846153846154
0 0.5817307692307693 0.8173076923076924 0.02403846153846154 0.02403846153846154
0 0.8629807692307693 0.7932692307692308 0.02403846153846154 0.02403846153846154
0 0.3076923076923077 0.7884615384615385 0.02403846153846154 0.02403846153846154
0 0.6634615384615385 0.7740384615384616 0.02403846153846154 0.02403846153846154
0 0.6177884615384616 0.7475961538461539 0.02403846153846154 0.02403846153846154
0 0.3317307692307693 0.7427884615384616 0.02403846153846154 0.02403846153846154
0 0.4759615384615385 0.7235576923076924 0.02403846153846154 0.02403846153846154
0 0.5817307692307693 0.7139423076923077 0.02403846153846154 0.02403846153846154
0 0.1201923076923077 0.7091346153846154 0.02403846153846154 0.02403846153846154
0 0.71875 0.6947115384615385 0.02403846153846154 0.02403846153846154
0 0.6826923076923077 0.6658653846153847 0.02403846153846154 0.02403846153846154
0 0.15384615384615385 0.6610576923076923 0.02403846153846154 0.02403846153846154
0 0.21153846153846156 0.65625 0.02403846153846154 0.02403846153846154
0 0.5961538461538461 0.6370192307692308 0.02403846153846154 0.02403846153846154
0 0.6754807692307693 0.6129807692307693 0.02403846153846154 0.02403846153846154
0 0.31730769230769235 0.6033653846153847 0.02403846153846154 0.02403846153846154
0 0.6274038461538461 0.6009615384615385 0.02403846153846154 0.02403846153846154
0 0.639423076923077 0.576923076923077 0.02403846153846154 0.02403846153846154
0 0.84375 0.5673076923076923 0.02403846153846154 0.02403846153846154
0 0.10576923076923078 0.5721153846153847 0.02403846153846154 0.02403846153846154
0 0.25961538461538464 0.5673076923076923 0.02403846153846154 0.02403846153846154
0 0.3341346153846154 0.5649038461538461 0.02403846153846154 0.02403846153846154
0 0.20192307692307693 0.5552884615384616 0.02403846153846154 0.02403846153846154
0 0.5240384615384616 0.5600961538461539 0.02403846153846154 0.02403846153846154
0 0.5793269230769231 0.5480769230769231 0.02403846153846154 0.02403846153846154
0 0.7524038461538461 0.53125 0.02403846153846154 0.02403846153846154
0 0.4086538461538462 0.5240384615384616 0.02403846153846154 0.02403846153846154
0 0.6730769230769231 0.5120192307692308 0.02403846153846154 0.02403846153846154
0 0.31730769230769235 0.4903846153846154 0.02403846153846154 0.02403846153846154
0 0.733173076923077 0.4711538461538462 0.02403846153846154 0.02403846153846154
0 0.3894230769230769 0.46153846153846156 0.02403846153846154 0.02403846153846154
0 0.49278846153846156 0.4591346153846154 0.02403846153846154 0.02403846153846154
0 0.4519230769230769 0.4567307692307693 0.02403846153846154 0.02403846153846154
0 0.8076923076923077 0.44230769230769235 0.02403846153846154 0.02403846153846154
0 0.6634615384615385 0.44230769230769235 0.02403846153846154 0.02403846153846154
0 0.4711538461538462 0.43509615384615385 0.02403846153846154 0.02403846153846154
0 0.951923076923077 0.4014423076923077 0.02403846153846154 0.02403846153846154
0 0.78125 0.3942307692307693 0.02403846153846154 0.02403846153846154
0 0.7259615384615385 0.3894230769230769 0.02403846153846154 0.02403846153846154
0 0.5168269230769231 0.3701923076923077 0.02403846153846154 0.02403846153846154
0 0.15384615384615385 0.37259615384615385 0.02403846153846154 0.02403846153846154
0 0.23798076923076925 0.3653846153846154 0.02403846153846154 0.02403846153846154
0 0.8100961538461539 0.3605769230769231 0.02403846153846154 0.02403846153846154
0 0.6875 0.34615384615384615 0.02403846153846154 0.02403846153846154
0 0.3966346153846154 0.3341346153846154 0.02403846153846154 0.02403846153846154
0 0.90625 0.32211538461538464 0.02403846153846154 0.02403846153846154
0 0.6850961538461539 0.31009615384615385 0.02403846153846154 0.02403846153846154
0 0.75 0.3076923076923077 0.02403846153846154 0.02403846153846154
0 0.14423076923076925 0.3076923076923077 0.02403846153846154 0.02403846153846154
0 0.6225961538461539 0.3028846153846154 0.02403846153846154 0.02403846153846154
0 0.4206730769230769 0.2764423076923077 0.02403846153846154 0.02403846153846154
0 0.3629807692307693 0.2620192307692308 0.02403846153846154 0.02403846153846154
0 0.7596153846153847 0.25961538461538464 0.02403846153846154 0.02403846153846154
0 0.13461538461538464 0.2620192307692308 0.02403846153846154 0.02403846153846154
0 0.8701923076923077 0.25480769230769235 0.02403846153846154 0.02403846153846154
0 0.2043269230769231 0.25 0.02403846153846154 0.02403846153846154
0 0.5721153846153847 0.24759615384615385 0.02403846153846154 0.02403846153846154
0 0.889423076923077 0.2451923076923077 0.02403846153846154 0.02403846153846154
0 0.7908653846153847 0.24759615384615385 0.02403846153846154 0.02403846153846154
0 0.4711538461538462 0.23076923076923078 0.02403846153846154 0.02403846153846154
0 0.8677884615384616 0.22836538461538464 0.02403846153846154 0.02403846153846154
0 0.71875 0.20673076923076925 0.02403846153846154 0.02403846153846154
0 0.6778846153846154 0.19711538461538464 0.02403846153846154 0.02403846153846154
0 0.8822115384615385 0.19471153846153846 0.02403846153846154 0.02403846153846154
0 0.625 0.18990384615384617 0.02403846153846154 0.02403846153846154
0 0.3557692307692308 0.18990384615384617 0.02403846153846154 0.02403846153846154
0 0.9278846153846154 0.16105769230769232 0.02403846153846154 0.02403846153846154
0 0.44230769230769235 0.15865384615384617 0.02403846153846154 0.02403846153846154
0 0.34134615384615385 0.14182692307692307 0.02403846153846154 0.02403846153846154
0 0.27403846153846156 0.13942307692307693 0.02403846153846154 0.02403846153846154
0 0.41105769230769235 0.13701923076923078 0.02403846153846154 0.02403846153846154
0 0.7884615384615385 0.12740384615384617 0.02403846153846154 0.02403846153846154
0 0.8509615384615385 0.12259615384615385 0.02403846153846154 0.02403846153846154
0 0.3605769230769231 0.12259615384615385 0.02403846153846154 0.02403846153846154
0 0.5673076923076923 0.08653846153846154 0.02403846153846154 0.02403846153846154
0 0.25961538461538464 0.06971153846153846 0.02403846153846154 0.02403846153846154
0 0.8149038461538461 0.0625 0.02403846153846154 0.02403846153846154
0 0.6995192307692308 0.06009615384615385 0.02403846153846154 0.02403846153846154
0 0.3197115384615385 0.04567307692307693 0.02403846153846154 0.02403846153846154
0 0.59375 0.038461538461538464 0.02403846153846154 0.02403846153846154
0 0.2980769230769231 0.03125 0.02403846153846154 0.02403846153846154
0 0.670673076923077 0.05528846153846154 0.02403846153846154 0.02403846153846154
0 0.9326923076923077 0.08413461538461539 0.02403846153846154 0.02403846153846154
0 0.9326923076923077 0.31730769230769235 0.02403846153846154 0.02403846153846154
0 0.90625 0.3822115384615385 0.02403846153846154 0.02403846153846154
0 0.9663461538461539 0.9230769230769231 0.02403846153846154 0.02403846153846154
0 0.5673076923076923 0.9182692307692308 0.02403846153846154 0.02403846153846154
0 0.4375 0.9591346153846154 0.02403846153846154 0.02403846153846154
0 0.4879807692307693 0.9230769230769231 0.02403846153846154 0.02403846153846154
0 0.5192307692307693 0.9038461538461539 0.02403846153846154 0.02403846153846154
0 0.5408653846153847 0.8990384615384616 0.02403846153846154 0.02403846153846154
0 0.5480769230769231 0.8725961538461539 0.02403846153846154 0.02403846153846154
0 0.6322115384615385 0.7788461538461539 0.02403846153846154 0.02403846153846154
0 0.8125 0.7403846153846154 0.02403846153846154 0.02403846153846154
0 0.7548076923076924 0.7139423076923077 0.02403846153846154 0.02403846153846154
0 0.9086538461538463 0.5817307692307693 0.02403846153846154 0.02403846153846154
0 0.7932692307692308 0.5745192307692308 0.02403846153846154 0.02403846153846154
0 0.7427884615384616 0.59375 0.02403846153846154 0.02403846153846154
0 0.5600961538461539 0.6754807692307693 0.02403846153846154 0.02403846153846154
0 0.5889423076923077 0.6850961538461539 0.02403846153846154 0.02403846153846154
0 0.5024038461538461 0.6971153846153847 0.02403846153846154 0.02403846153846154
0 0.44230769230769235 0.7451923076923077 0.02403846153846154 0.02403846153846154
0 0.6225961538461539 0.625 0.02403846153846154 0.02403846153846154
0 0.6490384615384616 0.5240384615384616 0.02403846153846154 0.02403846153846154
0 0.6826923076923077 0.4206730769230769 0.02403846153846154 0.02403846153846154
0 0.6610576923076923 0.4134615384615385 0.02403846153846154 0.02403846153846154
0 0.49278846153846156 0.5480769230769231 0.02403846153846154 0.02403846153846154
0 0.5288461538461539 0.5745192307692308 0.02403846153846154 0.02403846153846154
0 0.46634615384615385 0.31490384615384615 0.02403846153846154 0.02403846153846154
0 0.5841346153846154 0.34615384615384615 0.02403846153846154 0.02403846153846154
0 0.6177884615384616 0.2692307692307693 0.02403846153846154 0.02403846153846154
0 0.3701923076923077 0.3581730769230769 0.02403846153846154 0.02403846153846154
0 0.33653846153846156 0.3870192307692308 0.02403846153846154 0.02403846153846154
0 0.39903846153846156 0.28605769230769235 0.02403846153846154 0.02403846153846154
0 0.28125 0.4807692307692308 0.02403846153846154 0.02403846153846154
0 0.25961538461538464 0.514423076923077 0.02403846153846154 0.02403846153846154
0 0.2355769230769231 0.5528846153846154 0.02403846153846154 0.02403846153846154
0 0.20192307692307693 0.7067307692307693 0.02403846153846154 0.02403846153846154
0 0.22596153846153846 0.639423076923077 0.02403846153846154 0.02403846153846154
0 0.18509615384615385 0.6201923076923077 0.02403846153846154 0.02403846153846154
0 0.1875 0.5528846153846154 0.02403846153846154 0.02403846153846154
0 0.14423076923076925 0.3942307692307693 0.02403846153846154 0.02403846153846154
0 0.24759615384615385 0.28125 0.02403846153846154 0.02403846153846154
0 0.07932692307692309 0.5264423076923077 0.02403846153846154 0.02403846153846154
0 0.03365384615384616 0.514423076923077 0.02403846153846154 0.02403846153846154
0 0.06971153846153846 0.8341346153846154 0.02403846153846154 0.02403846153846154
