0 0.6009615384615385 0.9711538461538463 0.02403846153846154 0.02403846153846154
0 0.3004807692307693 0.9711538461538463 0.02403846153846154 0.02403846153846154
0 0.8076923076923077 0.96875 0.02403846153846154 0.02403846153846154
0 0.25240384615384615 0.9591346153846154 0.02403846153846154 0.02403846153846154
0 0.8774038461538463 0.9543269230769231 0.02403846153846154 0.02403846153846154
0 0.8004807692307693 0.9423076923076924 0.02403846153846154 0.02403846153846154
0 0.9375 0.9375 0.02403846153846154 0.02403846153846154
0 0.7139423076923077 0.9375 0.02403846153846154 0.02403846153846154
0 0.2644230769230769 0.9350961538461539 0.02403846153846154 0.02403846153846154
0 0.46875 0.9254807692307693 0.02403846153846154 0.02403846153846154
0 0.6490384615384616 0.90625 0.02403846153846154 0.02403846153846154
0 0.14903846153846154 0.9182692307692308 0.02403846153846154 0.02403846153846154
0 0.2043269230769231 0.90625 0.02403846153846154 0.02403846153846154
0 0.3774038461538462 0.889423076923077 0.02403846153846154 0.02403846153846154
0 0.03365384615384616 0.8822115384615385 0.02403846153846154 0.02403846153846154
0 0.8725961538461539 0.8798076923076924 0.02403846153846154 0.02403846153846154
0 0.6682692307692308 0.8725961538461539 0.02403846153846154 0.02403846153846154
0 0.2980769230769231 0.8701923076923077 0.02403846153846154 0.02403846153846154
0 0.9495192307692308 0.8605769230769231 0.02403846153846154 0.02403846153846154
0 0.84375 0.8317307692307693 0.02403846153846154 0.02403846153846154
0 0.6057692307692308 0.826923076923077 0.02403846153846154 0.02403846153846154
0 0.3581730769230769 0.8293269230769231 0.02403846153846154 0.02403846153846154
0 0.11778846153846155 0.8173076923076924 0.02403846153846154 0.02403846153846154
0 0.9134615384615385 0.8125 0.02403846153846154 0.02403846153846154
0 0.07692307692307693 0.8149038461538461 0.02403846153846154 0.02403846153846154
0 0.6730769230769231 0.8028846153846154 0.02403846153846154 0.02403846153846154
0 0.4326923076923077 0.8004807692307693 0.02403846153846154 0.02403846153846154
0 0.2884615384615385 0.8004807692307693 0.02403846153846154 0.02403846153846154
0 0.09615384615384616 0.7932692307692308 0.02403846153846154 0.02403846153846154
0 0.875 0.7908653846153847 0.02403846153846154 0.02403846153846154
0 0.96875 0.795673076923077 0.02403846153846154 0.02403846153846154
0 0.8149038461538461 0.7860576923076924 0.02403846153846154 0.02403846153846154
0 0.576923076923077 0.7596153846153847 0.02403846153846154 0.02403846153846154
0 0.40625 0.7524038461538461 0.02403846153846154 0.02403846153846154
0 0.6514423076923077 0.7475961538461539 0.02403846153846154 0.02403846153846154
0 0.3509615384615385 0.7475961538461539 0.02403846153846154 0.02403846153846154
0 0.7764423076923077 0.7355769230769231 0.02403846153846154 0.02403846153846154
0 0.7379807692307693 0.733173076923077 0.02403846153846154 0.02403846153846154
0 0.14182692307692307 0.7283653846153847 0.02403846153846154 0.02403846153846154
0 0.43509615384615385 0.71875 0.02403846153846154 0.02403846153846154
0 0.6850961538461539 0.7043269230769231 0.02403846153846154 0.02403846153846154
0 0.3125 0.7043269230769231 0.02403846153846154 0.02403846153846154
0 0.6538461538461539 0.6971153846153847 0.02403846153846154 0.02403846153846154
0 0.6754807692307693 0.6899038461538461 0.02403846153846154 0.02403846153846154
0 0.53125 0.6802884615384616 0.02403846153846154 0.02403846153846154
0 0.6899038461538461 0.6778846153846154 0.02403846153846154 0.02403846153846154
0 0.8774038461538463 0.6730769230769231 0.02403846153846154 0.02403846153846154
0 0.31009615384615385 0.6682692307692308 0.02403846153846154 0.02403846153846154
0 0.375 0.6658653846153847 0.02403846153846154 0.02403846153846154
0 0.24759615384615385 0.6610576923076923 0.02403846153846154 0.02403846153846154
0 0.04567307692307693 0.6346153846153847 0.02403846153846154 0.02403846153846154
0 0.7283653846153847 0.6322115384615385 0.02403846153846154 0.02403846153846154
0 0.9326923076923077 0.6201923076923077 0.02403846153846154 0.02403846153846154
0 0.7427884615384616 0.6201923076923077 0.02403846153846154 0.02403846153846154
0 0.38461538461538464 0.6177884615384616 0.02403846153846154 0.02403846153846154
0 0.4951923076923077 0.6129807692307693 0.02403846153846154 0.02403846153846154
0 0.19711538461538464 0.6057692307692308 0.02403846153846154 0.02403846153846154
0 0.514423076923077 0.6033653846153847 0.02403846153846154 0.02403846153846154
0 0.41586538461538464 0.6057692307692308 0.02403846153846154 0.02403846153846154
0 0.9086538461538463 0.6009615384615385 0.02403846153846154 0.02403846153846154
0 0.09615384615384616 0.5889423076923077 0.02403846153846154 0.02403846153846154
0 0.49278846153846156 0.5865384615384616 0.02403846153846154 0.02403846153846154
0 0.8052884615384616 0.5841346153846154 0.02403846153846154 0.02403846153846154
0 0.34375 0.5649038461538461 0.02403846153846154 0.02403846153846154
0 0.6009615384615385 0.5552884615384616 0.02403846153846154 0.02403846153846154
0 0.3028846153846154 0.5552884615384616 0.02403846153846154 0.02403846153846154
0 0.5072115384615384 0.5528846153846154 0.02403846153846154 0.02403846153846154
0 0.25 0.5480769230769231 0.02403846153846154 0.02403846153846154
0 0.6610576923076923 0.5432692307692308 0.02403846153846154 0.02403846153846154
0 0.5528846153846154 0.5192307692307693 0.02403846153846154 0.02403846153846154
0 0.06730769230769232 0.5168269230769231 0.02403846153846154 0.02403846153846154
0 0.7620192307692308 0.5120192307692308 0.02403846153846154 0.02403846153846154
0 0.8990384615384616 0.514423076923077 0.02403846153846154 0.02403846153846154
0 0.8341346153846154 0.5048076923076923 0.02403846153846154 0.02403846153846154
0 0.03605769230769231 0.4951923076923077 0.02403846153846154 0.02403846153846154
0 0.9182692307692308 0.48557692307692313 0.02403846153846154 0.02403846153846154
0 0.4134615384615385 0.48557692307692313 0.02403846153846154 0.02403846153846154
0 0.6923076923076923 0.4831730769230769 0.02403846153846154 0.02403846153846154
0 0.4759615384615385 0.4807692307692308 0.02403846153846154 0.02403846153846154
0 0.7668269230769231 0.4759615384615385 0.02403846153846154 0.02403846153846154
0 0.7163461538461539 0.4759615384615385 0.02403846153846154 0.02403846153846154
0 0.19230769230769232 0.4447115384615385 0.02403846153846154 0.02403846153846154
0 0.4399038461538462 0.4206730769230769 0.02403846153846154 0.02403846153846154
0 0.3245192307692308 0.4182692307692308 0.02403846153846154 0.02403846153846154
0 0.21875 0.3966346153846154 0.02403846153846154 0.02403846153846154
0 0.7980769230769231 0.3966346153846154 0.02403846153846154 0.02403846153846154
0 0.639423076923077 0.3918269230769231 0.02403846153846154 0.02403846153846154
0 0.9495192307692308 0.375 0.02403846153846154 0.02403846153846154
0 0.1466346153846154 0.37980769230769235 0.02403846153846154 0.02403846153846154
0 0.8725961538461539 0.36778846153846156 0.02403846153846154 0.02403846153846154
0 0.5072115384615384 0.3605769230769231 0.02403846153846154 0.02403846153846154
0 0.7259615384615385 0.33653846153846156 0.02403846153846154 0.02403846153846154
0 0.7980769230769231 0.3341346153846154 0.02403846153846154 0.02403846153846154
0 0.670673076923077 0.3125 0.02403846153846154 0.02403846153846154
0 0.951923076923077 0.3076923076923077 0.02403846153846154 0.02403846153846154
0 0.7716346153846154 0.2980769230769231 0.02403846153846154 0.02403846153846154
0 0.18509615384615385 0.2956730769230769 0.02403846153846154 0.02403846153846154
0 0.39903846153846156 0.2716346153846154 0.02403846153846154 0.02403846153846154
0 0.4639423076923077 0.22115384615384617 0.02403846153846154 0.02403846153846154
0 0.6153846153846154 0.21153846153846156 0.02403846153846154 0.02403846153846154
0 0.6610576923076923 0.20192307692307693 0.02403846153846154 0.02403846153846154
0 0.3269230769230769 0.1875 0.02403846153846154 0.02403846153846154
0 0.23317307692307693 0.1778846153846154 0.02403846153846154 0.02403846153846154
0 0.4567307692307693 0.1778846153846154 0.02403846153846154 0.02403846153846154
0 0.7932692307692308 0.15865384615384617 0.02403846153846154 0.02403846153846154
0 0.6490384615384616 0.1466346153846154 0.02403846153846154 0.02403846153846154
0 0.36778846153846156 0.13461538461538464 0.02403846153846154 0.02403846153846154
0 0.7139423076923077 0.12259615384615385 0.02403846153846154 0.02403846153846154
0 0.7043269230769231 0.08173076923076923 0.02403846153846154 0.02403846153846154
0 0.6442307692307693 0.07211538461538462 0.02403846153846154 0.02403846153846154
0 0.7211538461538461 0.06971153846153846 0.02403846153846154 0.02403846153846154
0 0.4495192307692308 0.06730769230769232 0.02403846153846154 0.02403846153846154
0 0.13942307692307693 0.0625 0.02403846153846154 0.02403846153846154
0 0.608173076923077 0.05528846153846154 0.02403846153846154 0.02403846153846154
0 0.8052884615384616 0.04567307692307693 0.02403846153846154 0.02403846153846154
0 0.2091346153846154 0.21875 0.02403846153846154 0.02403846153846154
0 0.07692307692307693 0.21875 0.02403846153846154 0.02403846153846154
0 0.06730769230769232 0.2668269230769231 0.02403846153846154 0.02403846153846154
0 0.11298076923076923 0.29086538461538464 0.02403846153846154 0.02403846153846154
0 0.09615384615384616 0.2644230769230769 0.02403846153846154 0.02403846153846154
0 0.13461538461538464 0.3509615384615385 0.02403846153846154 0.02403846153846154
0 0.2764423076923077 0.3653846153846154 0.02403846153846154 0.02403846153846154
0 0.2956730769230769 0.4134615384615385 0.02403846153846154 0.02403846153846154
0 0.4206730769230769 0.3004807692307693 0.02403846153846154 0.02403846153846154
0 0.33653846153846156 0.20192307692307693 0.02403846153846154 0.02403846153846154
0 0.34855769230769235 0.25 0.02403846153846154 0.02403846153846154
0 0.4206730769230769 0.20673076923076925 0.02403846153846154 0.02403846153846154
0 0.43028846153846156 0.13942307692307693 0.02403846153846154 0.02403846153846154
0 0.5793269230769231 0.2403846153846154 0.02403846153846154 0.02403846153846154
0 0.9471153846153847 0.3389423076923077 0.02403846153846154 0.02403846153846154
0 0.795673076923077 0.5 0.02403846153846154 0.02403846153846154
0 0.625 0.4759615384615385 0.02403846153846154 0.02403846153846154
0 0.5576923076923077 0.44230769230769235 0.02403846153846154 0.02403846153846154
0 0.5576923076923077 0.6754807692307693 0.02403846153846154 0.02403846153846154
0 0.53125 0.7403846153846154 0.02403846153846154 0.02403846153846154
0 0.7788461538461539 0.6370192307692308 0.02403846153846154 0.02403846153846154
0 0.7692307692307693 0.8076923076923077 0.02403846153846154 0.02403846153846154
0 0.9254807692307693 0.8461538461538463 0.02403846153846154 0.02403846153846154
0 0.90625 0.9711538461538463 0.02403846153846154 0.02403846153846154
0 0.889423076923077 0.9615384615384616 0.02403846153846154 0.02403846153846154
0 0.6802884615384616 0.96875 0.02403846153846154 0.02403846153846154
0 0.7764423076923077 0.9543269230769231 0.02403846153846154 0.02403846153846154
0 0.5336538461538461 0.9399038461538463 0.02403846153846154 0.02403846153846154
0 0.4182692307692308 0.9326923076923077 0.02403846153846154 0.02403846153846154
0 0.36778846153846156 0.951923076923077 0.02403846153846154 0.02403846153846154
0 0.27403846153846156 0.8822115384615385 0.02403846153846154 0.02403846153846154
0 0.3076923076923077 0.7788461538461539 0.02403846153846154 0.02403846153846154
0 0.28605769230769235 0.7716346153846154 0.02403846153846154 0.02403846153846154
0 0.11778846153846155 0.90625 0.02403846153846154 0.02403846153846154
0 0.15384615384615385 0.9326923076923077 0.02403846153846154 0.02403846153846154
0 0.09134615384615385 0.6730769230769231 0.02403846153846154 0.02403846153846154
0 0.2091346153846154 0.7043269230769231 0.02403846153846154 0.02403846153846154
0 0.24278846153846156 0.6274038461538461 0.02403846153846154 0.02403846153846154
0 0.02403846153846154 0.6442307692307693 0.02403846153846154 0.02403846153846154
0 0.18509615384615385 0.2692307692307693 0.02403846153846154 0.02403846153846154
