0 0.6971153846153847 0.9639423076923077 0.02403846153846154 0.02403846153846154
0 0.6298076923076923 0.9615384615384616 0.02403846153846154 0.02403846153846154
0 0.7668269230769231 0.9591346153846154 0.02403846153846154 0.02403846153846154
0 0.34134615384615385 0.9591346153846154 0.02403846153846154 0.02403846153846154
0 0.7163461538461539 0.9447115384615385 0.02403846153846154 0.02403846153846154
0 0.3774038461538462 0.9182692307692308 0.02403846153846154 0.02403846153846154
0 0.9230769230769231 0.9086538461538463 0.02403846153846154 0.02403846153846154
0 0.6153846153846154 0.8918269230769231 0.02403846153846154 0.02403846153846154
0 0.6754807692307693 0.8677884615384616 0.02403846153846154 0.02403846153846154
0 0.9495192307692308 0.8605769230769231 0.02403846153846154 0.02403846153846154
0 0.6538461538461539 0.8533653846153847 0.02403846153846154 0.02403846153846154
0 0.8774038461538463 0.84375 0.02403846153846154 0.02403846153846154
0 0.7379807692307693 0.826923076923077 0.02403846153846154 0.02403846153846154
0 0.5504807692307693 0.8173076923076924 0.02403846153846154 0.02403846153846154
0 0.5913461538461539 0.7620192307692308 0.02403846153846154 0.02403846153846154
0 0.9158653846153847 0.7596153846153847 0.02403846153846154 0.02403846153846154
0 0.7115384615384616 0.7596153846153847 0.02403846153846154 0.02403846153846154
0 0.2884615384615385 0.7596153846153847 0.02403846153846154 0.02403846153846154
0 0.53125 0.7451923076923077 0.02403846153846154 0.02403846153846154
0 0.639423076923077 0.7091346153846154 0.02403846153846154 0.02403846153846154
0 0.639423076923077 0.6754807692307693 0.02403846153846154 0.02403846153846154
0 0.9639423076923077 0.6418269230769231 0.02403846153846154 0.02403846153846154
0 0.8701923076923077 0.5264423076923077 0.02403846153846154 0.02403846153846154
0 0.6274038461538461 0.5048076923076923 0.02403846153846154 0.02403846153846154
0 0.795673076923077 0.46153846153846156 0.02403846153846154 0.02403846153846154
0 0.9350961538461539 0.42307692307692313 0.02403846153846154 0.02403846153846154
0 0.8605769230769231 0.3822115384615385 0.02403846153846154 0.02403846153846154
0 0.8798076923076924 0.34615384615384615 0.02403846153846154 0.02403846153846154
0 0.12980769230769232 0.2980769230769231 0.02403846153846154 0.02403846153846154
0 0.8653846153846154 0.1466346153846154 0.02403846153846154 0.02403846153846154
0 0.9591346153846154 0.12980769230769232 0.02403846153846154 0.02403846153846154
0 0.5745192307692308 0.10817307692307693 0.02403846153846154 0.02403846153846154
0 0.4807692307692308 0.4182692307692308 0.02403846153846154 0.02403846153846154
0 0.43509615384615385 0.34855769230769235 0.02403846153846154 0.02403846153846154
0 0.4903846153846154 0.2572115384615385 0.02403846153846154 0.02403846153846154
0 0.6802884615384616 0.2956730769230769 0.02403846153846154 0.02403846153846154
0 0.6850961538461539 0.3269230769230769 0.02403846153846154 0.02403846153846154
0 0.6370192307692308 0.46634615384615385 0.02403846153846154 0.02403846153846154
0 0.48557692307692313 0.6754807692307693 0.02403846153846154 0.02403846153846154
0 0.3653846153846154 0.5961538461538461 0.02403846153846154 0.02403846153846154
0 0.37259615384615385 0.47836538461538464 0.02403846153846154 0.02403846153846154
0 0.9399038461538463 0.6826923076923077 0.02403846153846154 0.02403846153846154
0 0.8076923076923077 0.6826923076923077 0.02403846153846154 0.02403846153846154
0 0.7980769230769231 0.7307692307692308 0.02403846153846154 0.02403846153846154
0 0.84375 0.7548076923076924 0.02403846153846154 0.02403846153846154
0 0.826923076923077 0.7283653846153847 0.02403846153846154 0.02403846153846154
0 0.8653846153846154 0.8149038461538461 0.02403846153846154 0.02403846153846154
0 0.9158653846153847 0.733173076923077 0.02403846153846154 0.02403846153846154
0 0.6875 0.08653846153846154 0.02403846153846154 0.02403846153846154
0 0.3653846153846154 0.7548076923076924 0.02403846153846154 0.02403846153846154
0 0.43509615384615385 0.7980769230769231 0.02403846153846154 0.02403846153846154
0 0.47355769230769235 0.8317307692307693 0.02403846153846154 0.02403846153846154
0 0.5336538461538461 0.7764423076923077 0.02403846153846154 0.02403846153846154
0 0.5048076923076923 0.7548076923076924 0.02403846153846154 0.02403846153846154
