0 0.2355769230769231 0.9663461538461539 0.02403846153846154 0.02403846153846154
0 0.9543269230769231 0.9591346153846154 0.02403846153846154 0.02403846153846154
0 0.8918269230769231 0.9591346153846154 0.02403846153846154 0.02403846153846154
0 0.34134615384615385 0.9567307692307693 0.02403846153846154 0.02403846153846154
0 0.7836538461538461 0.9471153846153847 0.02403846153846154 0.02403846153846154
0 0.47836538461538464 0.9375 0.02403846153846154 0.02403846153846154
0 0.44230769230769235 0.9086538461538463 0.02403846153846154 0.02403846153846154
0 0.3557692307692308 0.8798076923076924 0.02403846153846154 0.02403846153846154
0 0.9326923076923077 0.8725961538461539 0.02403846153846154 0.02403846153846154
0 0.7355769230769231 0.8557692307692308 0.02403846153846154 0.02403846153846154
0 0.43509615384615385 0.8557692307692308 0.02403846153846154 0.02403846153846154
0 0.9423076923076924 0.8533653846153847 0.02403846153846154 0.02403846153846154
0 0.07692307692307693 0.8461538461538463 0.02403846153846154 0.02403846153846154
0 0.3870192307692308 0.84375 0.02403846153846154 0.02403846153846154
0 0.9350961538461539 0.826923076923077 0.02403846153846154 0.02403846153846154
0 0.8485576923076924 0.8221153846153847 0.02403846153846154 0.02403846153846154
0 0.39903846153846156 0.8197115384615385 0.02403846153846154 0.02403846153846154
0 0.6033653846153847 0.8100961538461539 0.02403846153846154 0.02403846153846154
0 0.09375 0.8076923076923077 0.02403846153846154 0.02403846153846154
0 0.7836538461538461 0.7908653846153847 0.02403846153846154 0.02403846153846154
0 0.28365384615384615 0.8028846153846154 0.02403846153846154 0.02403846153846154
0 0.3389423076923077 0.7908653846153847 0.02403846153846154 0.02403846153846154
0 0.5120192307692308 0.7740384615384616 0.02403846153846154 0.02403846153846154
0 0.16826923076923078 0.7668269230769231 0.02403846153846154 0.02403846153846154
0 0.8028846153846154 0.7572115384615385 0.02403846153846154 0.02403846153846154
0 0.4326923076923077 0.7548076923076924 0.02403846153846154 0.02403846153846154
0 0.07692307692307693 0.733173076923077 0.02403846153846154 0.02403846153846154
0 0.7403846153846154 0.7115384615384616 0.02403846153846154 0.02403846153846154
0 0.49278846153846156 0.7139423076923077 0.02403846153846154 0.02403846153846154
0 0.14903846153846154 0.7043269230769231 0.02403846153846154 0.02403846153846154
0 0.25240384615384615 0.701923076923077 0.02403846153846154 0.02403846153846154
0 0.21153846153846156 0.6995192307692308 0.02403846153846154 0.02403846153846154
0 0.8076923076923077 0.6875 0.02403846153846154 0.02403846153846154
0 0.5673076923076923 0.6850961538461539 0.02403846153846154 0.02403846153846154
0 0.42307692307692313 0.6850961538461539 0.02403846153846154 0.02403846153846154
0 0.23076923076923078 0.6778846153846154 0.02403846153846154 0.02403846153846154
0 0.9495192307692308 0.670673076923077 0.02403846153846154 0.02403846153846154
0 0.7115384615384616 0.6442307692307693 0.02403846153846154 0.02403846153846154
0 0.5408653846153847 0.6370192307692308 0.02403846153846154 0.02403846153846154
0 0.7860576923076924 0.6322115384615385 0.02403846153846154 0.02403846153846154
0 0.48557692307692313 0.6322115384615385 0.02403846153846154 0.02403846153846154
0 0.9110576923076924 0.6201923076923077 0.02403846153846154 0.02403846153846154
0 0.8725961538461539 0.6177884615384616 0.02403846153846154 0.02403846153846154
0 0.2764423076923077 0.6129807692307693 0.02403846153846154 0.02403846153846154
0 0.5697115384615385 0.6033653846153847 0.02403846153846154 0.02403846153846154
0 0.8197115384615385 0.5889423076923077 0.02403846153846154 0.02403846153846154
0 0.44711538461538464 0.5889423076923077 0.02403846153846154 0.02403846153846154
0 0.7884615384615385 0.5817307692307693 0.02403846153846154 0.02403846153846154
0 0.8100961538461539 0.5745192307692308 0.02403846153846154 0.02403846153846154
0 0.15625 0.576923076923077 0.02403846153846154 0.02403846153846154
0 0.6658653846153847 0.5649038461538461 0.02403846153846154 0.02403846153846154
0 0.8245192307692308 0.5625 0.02403846153846154 0.02403846153846154
0 0.4447115384615385 0.5528846153846154 0.02403846153846154 0.02403846153846154
0 0.5096153846153847 0.5504807692307693 0.02403846153846154 0.02403846153846154
0 0.3822115384615385 0.545673076923077 0.02403846153846154 0.02403846153846154
0 0.18028846153846154 0.5192307692307693 0.02403846153846154 0.02403846153846154
0 0.8629807692307693 0.5168269230769231 0.02403846153846154 0.02403846153846154
0 0.8774038461538463 0.5048076923076923 0.02403846153846154 0.02403846153846154
0 0.12259615384615385 0.5048076923076923 0.02403846153846154 0.02403846153846154
0 0.5192307692307693 0.5024038461538461 0.02403846153846154 0.02403846153846154
0 0.6298076923076923 0.49759615384615385 0.02403846153846154 0.02403846153846154
0 0.3317307692307693 0.4903846153846154 0.02403846153846154 0.02403846153846154
0 0.6490384615384616 0.4879807692307693 0.02403846153846154 0.02403846153846154
0 0.5504807692307693 0.4903846153846154 0.02403846153846154 0.02403846153846154
0 0.23076923076923078 0.47355769230769235 0.02403846153846154 0.02403846153846154
0 0.6274038461538461 0.4711538461538462 0.02403846153846154 0.02403846153846154
0 0.9399038461538463 0.46875 0.02403846153846154 0.02403846153846154
0 0.47836538461538464 0.4495192307692308 0.02403846153846154 0.02403846153846154
0 0.7355769230769231 0.4399038461538462 0.02403846153846154 0.02403846153846154
0 0.4375 0.4399038461538462 0.02403846153846154 0.02403846153846154
0 0.6418269230769231 0.4375 0.02403846153846154 0.02403846153846154
0 0.38461538461538464 0.4326923076923077 0.02403846153846154 0.02403846153846154
0 0.11538461538461539 0.4326923076923077 0.02403846153846154 0.02403846153846154
0 0.795673076923077 0.4278846153846154 0.02403846153846154 0.02403846153846154
0 0.6875 0.40384615384615385 0.02403846153846154 0.02403846153846154
0 0.20192307692307693 0.4014423076923077 0.02403846153846154 0.02403846153846154
0 0.8966346153846154 0.3966346153846154 0.02403846153846154 0.02403846153846154
0 0.96875 0.3894230769230769 0.02403846153846154 0.02403846153846154
0 0.10096153846153846 0.38461538461538464 0.02403846153846154 0.02403846153846154
0 0.03365384615384616 0.3822115384615385 0.02403846153846154 0.02403846153846154
0 0.17067307692307693 0.37980769230769235 0.02403846153846154 0.02403846153846154
0 0.5480769230769231 0.3701923076923077 0.02403846153846154 0.02403846153846154
0 0.826923076923077 0.36778846153846156 0.02403846153846154 0.02403846153846154
0 0.6105769230769231 0.3653846153846154 0.02403846153846154 0.02403846153846154
0 0.1201923076923077 0.3653846153846154 0.02403846153846154 0.02403846153846154
0 0.9014423076923077 0.3605769230769231 0.02403846153846154 0.02403846153846154
0 0.8509615384615385 0.3605769230769231 0.02403846153846154 0.02403846153846154
0 0.3269230769230769 0.3293269230769231 0.02403846153846154 0.02403846153846154
0 0.5745192307692308 0.30528846153846156 0.02403846153846154 0.02403846153846154
0 0.4591346153846154 0.3028846153846154 0.02403846153846154 0.02403846153846154
0 0.07932692307692309 0.2884615384615385 0.02403846153846154 0.02403846153846154
0 0.35336538461538464 0.28125 0.02403846153846154 0.02403846153846154
0 0.9326923076923077 0.28125 0.02403846153846154 0.02403846153846154
0 0.7740384615384616 0.2764423076923077 0.02403846153846154 0.02403846153846154
0 0.057692307692307696 0.27403846153846156 0.02403846153846154 0.02403846153846154
0 0.28125 0.2644230769230769 0.02403846153846154 0.02403846153846154
0 0.14182692307692307 0.24759615384615385 0.02403846153846154 0.02403846153846154
0 0.6418269230769231 0.2451923076923077 0.02403846153846154 0.02403846153846154
0 0.8605769230769231 0.22115384615384617 0.02403846153846154 0.02403846153846154
0 0.9326923076923077 0.21875 0.02403846153846154 0.02403846153846154
0 0.8052884615384616 0.19711538461538464 0.02403846153846154 0.02403846153846154
0 0.90625 0.1826923076923077 0.02403846153846154 0.02403846153846154
0 0.3197115384615385 0.18028846153846154 0.02403846153846154 0.02403846153846154
0 0.11538461538461539 0.18028846153846154 0.02403846153846154 0.02403846153846154
0 0.5336538461538461 0.15625 0.02403846153846154 0.02403846153846154
0 0.04326923076923077 0.12980769230769232 0.02403846153846154 0.02403846153846154
0 0.5985576923076923 0.10576923076923078 0.02403846153846154 0.02403846153846154
0 0.75 0.09615384615384616 0.02403846153846154 0.02403846153846154
0 0.04326923076923077 0.09615384615384616 0.02403846153846154 0.02403846153846154
0 0.795673076923077 0.08653846153846154 0.02403846153846154 0.02403846153846154
0 0.46153846153846156 0.07211538461538462 0.02403846153846154 0.02403846153846154
0 0.36778846153846156 0.0625 0.02403846153846154 0.02403846153846154
0 0.5913461538461539 0.0625 0.02403846153846154 0.02403846153846154
0 0.9278846153846154 0.04326923076923077 0.02403846153846154 0.02403846153846154
0 0.7836538461538461 0.03125 0.02403846153846154 0.02403846153846154
0 0.34375 0.10336538461538462 0.02403846153846154 0.02403846153846154
0 0.21153846153846156 0.10336538461538462 0.02403846153846154 0.02403846153846154
0 0.20192307692307693 0.1514423076923077 0.02403846153846154 0.02403846153846154
0 0.24759615384615385 0.17548076923076925 0.02403846153846154 0.02403846153846154
0 0.23076923076923078 0.14903846153846154 0.02403846153846154 0.02403846153846154
0 0.2692307692307693 0.2355769230769231 0.02403846153846154 0.02403846153846154
0 0.41105769230769235 0.25 0.02403846153846154 0.02403846153846154
0 0.43028846153846156 0.2980769230769231 0.02403846153846154 0.02403846153846154
0 0.5552884615384616 0.18509615384615385 0.02403846153846154 0.02403846153846154
0 0.4711538461538462 0.08653846153846154 0.02403846153846154 0.02403846153846154
0 0.4831730769230769 0.13461538461538464 0.02403846153846154 0.02403846153846154
0 0.5552884615384616 0.09134615384615385 0.02403846153846154 0.02403846153846154
0 0.5649038461538461 0.02403846153846154 0.02403846153846154 0.02403846153846154
0 0.7139423076923077 0.125 0.02403846153846154 0.02403846153846154
0 0.9302884615384616 0.38461538461538464 0.02403846153846154 0.02403846153846154
0 0.7596153846153847 0.3605769230769231 0.02403846153846154 0.02403846153846154
0 0.6923076923076923 0.3269230769230769 0.02403846153846154 0.02403846153846154
0 0.6923076923076923 0.5600961538461539 0.02403846153846154 0.02403846153846154
0 0.6658653846153847 0.625 0.02403846153846154 0.02403846153846154
0 0.9134615384615385 0.5216346153846154 0.02403846153846154 0.02403846153846154
0 0.9038461538461539 0.6923076923076923 0.02403846153846154 0.02403846153846154
0 0.7860576923076924 0.9110576923076924 0.02403846153846154 0.02403846153846154
0 0.8149038461538461 0.8533653846153847 0.02403846153846154 0.02403846153846154
0 0.9110576923076924 0.8389423076923077 0.02403846153846154 0.02403846153846154
0 0.514423076923077 0.9567307692307693 0.02403846153846154 0.02403846153846154
0 0.6682692307692308 0.8245192307692308 0.02403846153846154 0.02403846153846154
0 0.5528846153846154 0.8173076923076924 0.02403846153846154 0.02403846153846154
0 0.5024038461538461 0.8365384615384616 0.02403846153846154 0.02403846153846154
0 0.3197115384615385 0.9182692307692308 0.02403846153846154 0.02403846153846154
0 0.34855769230769235 0.9278846153846154 0.02403846153846154 0.02403846153846154
0 0.2620192307692308 0.9399038461538463 0.02403846153846154 0.02403846153846154
0 0.3822115384615385 0.8677884615384616 0.02403846153846154 0.02403846153846154
0 0.4086538461538462 0.7668269230769231 0.02403846153846154 0.02403846153846154
0 0.44230769230769235 0.6634615384615385 0.02403846153846154 0.02403846153846154
0 0.4206730769230769 0.65625 0.02403846153846154 0.02403846153846154
0 0.25240384615384615 0.7908653846153847 0.02403846153846154 0.02403846153846154
0 0.2884615384615385 0.8173076923076924 0.02403846153846154 0.02403846153846154
0 0.22596153846153846 0.5576923076923077 0.02403846153846154 0.02403846153846154
0 0.34375 0.5889423076923077 0.02403846153846154 0.02403846153846154
0 0.3774038461538462 0.5120192307692308 0.02403846153846154 0.02403846153846154
0 0.12980769230769232 0.6009615384615385 0.02403846153846154 0.02403846153846154
0 0.09615384615384616 0.6298076923076923 0.02403846153846154 0.02403846153846154
0 0.15865384615384617 0.5288461538461539 0.02403846153846154 0.02403846153846154
0 0.3197115384615385 0.15384615384615385 0.02403846153846154 0.02403846153846154
0 0.040865384615384616 0.7235576923076924 0.02403846153846154 0.02403846153846154
