0 0.1201923076923077 0.9375 0.02403846153846154 0.02403846153846154
0 0.13942307692307693 0.9014423076923077 0.02403846153846154 0.02403846153846154
0 0.7235576923076924 0.8822115384615385 0.02403846153846154 0.02403846153846154
0 0.59375 0.8365384615384616 0.02403846153846154 0.02403846153846154
0 0.5673076923076923 0.7475961538461539 0.02403846153846154 0.02403846153846154
0 0.4014423076923077 0.7259615384615385 0.02403846153846154 0.02403846153846154
0 0.4519230769230769 0.7211538461538461 0.02403846153846154 0.02403846153846154
0 0.125 0.701923076923077 0.02403846153846154 0.02403846153846154
0 0.4182692307692308 0.6971153846153847 0.02403846153846154 0.02403846153846154
0 0.21875 0.6850961538461539 0.02403846153846154 0.02403846153846154
0 0.6995192307692308 0.40384615384615385 0.02403846153846154 0.02403846153846154
0 0.35336538461538464 0.34375 0.02403846153846154 0.02403846153846154
0 0.43028846153846156 0.3317307692307693 0.02403846153846154 0.02403846153846154
0 0.858173076923077 0.2644230769230769 0.02403846153846154 0.02403846153846154
0 0.8725961538461539 0.25240384615384615 0.02403846153846154 0.02403846153846154
0 0.920673076923077 0.1875 0.02403846153846154 0.02403846153846154
0 0.41105769230769235 0.13942307692307693 0.02403846153846154 0.02403846153846154
0 0.0625 0.12259615384615385 0.02403846153846154 0.02403846153846154
0 0.6153846153846154 0.4206730769230769 0.02403846153846154 0.02403846153846154
0 0.6129807692307693 0.4495192307692308 0.02403846153846154 0.02403846153846154
0 0.795673076923077 0.021634615384615384 0.02403846153846154 0.02403846153846154
0 0.25240384615384615 0.10576923076923078 0.02403846153846154 0.02403846153846154
0 0.17307692307692307 0.25 0.02403846153846154 0.02403846153846154
0 0.10576923076923078 0.37259615384615385 0.02403846153846154 0.02403846153846154
0 0.40625 0.49759615384615385 0.02403846153846154 0.02403846153846154
0 0.42307692307692313 0.4399038461538462 0.02403846153846154 0.02403846153846154
0 0.7235576923076924 0.6105769230769231 0.02403846153846154 0.02403846153846154
0 0.7283653846153847 0.7836538461538461 0.02403846153846154 0.02403846153846154
0 0.5600961538461539 0.8052884615384616 0.02403846153846154 0.02403846153846154
0 0.8461538461538463 0.9447115384615385 0.02403846153846154 0.02403846153846154
0 0.5576923076923077 0.951923076923077 0.02403846153846154 0.02403846153846154
0 0.6153846153846154 0.9375 0.02403846153846154 0.02403846153846154
