0 0.858173076923077 0.9711538461538463 0.02403846153846154 0.02403846153846154
0 0.7596153846153847 0.9543269230769231 0.02403846153846154 0.02403846153846154
0 0.37980769230769235 0.951923076923077 0.02403846153846154 0.02403846153846154
0 0.3245192307692308 0.9230769230769231 0.02403846153846154 0.02403846153846154
0 0.17067307692307693 0.920673076923077 0.02403846153846154 0.02403846153846154
0 0.7908653846153847 0.9014423076923077 0.02403846153846154 0.02403846153846154
0 0.8317307692307693 0.889423076923077 0.02403846153846154 0.02403846153846154
0 0.9591346153846154 0.8341346153846154 0.02403846153846154 0.02403846153846154
0 0.4519230769230769 0.8197115384615385 0.02403846153846154 0.02403846153846154
0 0.8341346153846154 0.7860576923076924 0.02403846153846154 0.02403846153846154
0 0.32211538461538464 0.7740384615384616 0.02403846153846154 0.02403846153846154
0 0.8052884615384616 0.7379807692307693 0.02403846153846154 0.02403846153846154
0 0.7620192307692308 0.7067307692307693 0.02403846153846154 0.02403846153846154
0 0.2956730769230769 0.6850961538461539 0.02403846153846154 0.02403846153846154
0 0.12980769230769232 0.6634615384615385 0.02403846153846154 0.02403846153846154
0 0.18028846153846154 0.6586538461538461 0.02403846153846154 0.02403846153846154
0 0.1466346153846154 0.6346153846153847 0.02403846153846154 0.02403846153846154
0 0.7692307692307693 0.34375 0.02403846153846154 0.02403846153846154
0 0.4278846153846154 0.34134615384615385 0.02403846153846154 0.02403846153846154
0 0.08173076923076923 0.28125 0.02403846153846154 0.02403846153846154
0 0.15865384615384617 0.2692307692307693 0.02403846153846154 0.02403846153846154
0 0.8100961538461539 0.2451923076923077 0.02403846153846154 0.02403846153846154
0 0.7788461538461539 0.23076923076923078 0.02403846153846154 0.02403846153846154
0 0.5865384615384616 0.20192307692307693 0.02403846153846154 0.02403846153846154
0 0.6009615384615385 0.18990384615384617 0.02403846153846154 0.02403846153846154
0 0.8341346153846154 0.13461538461538464 0.02403846153846154 0.02403846153846154
0 0.6490384615384616 0.125 0.02403846153846154 0.02403846153846154
0 0.13942307692307693 0.07692307692307693 0.02403846153846154 0.02403846153846154
0 0.34375 0.3581730769230769 0.02403846153846154 0.02403846153846154
0 0.34134615384615385 0.3870192307692308 0.02403846153846154 0.02403846153846154
0 0.13461538461538464 0.43509615384615385 0.02403846153846154 0.02403846153846154
0 0.1514423076923077 0.3774038461538462 0.02403846153846154 0.02403846153846154
0 0.4519230769230769 0.5480769230769231 0.02403846153846154 0.02403846153846154
0 0.4567307692307693 0.7211538461538461 0.02403846153846154 0.02403846153846154
0 0.2884615384615385 0.7427884615384616 0.02403846153846154 0.02403846153846154
0 0.5745192307692308 0.8822115384615385 0.02403846153846154 0.02403846153846154
0 0.7163461538461539 0.9423076923076924 0.02403846153846154 0.02403846153846154
0 0.7139423076923077 0.7788461538461539 0.02403846153846154 0.02403846153846154
0 0.08413461538461539 0.9639423076923077 0.02403846153846154 0.02403846153846154
0 0.28605769230769235 0.889423076923077 0.02403846153846154 0.02403846153846154
0 0.34375 0.875 0.02403846153846154 0.02403846153846154
0 0.3653846153846154 0.9711538461538463 0.02403846153846154 0.02403846153846154
0 0.7932692307692308 0.5552884615384616 0.02403846153846154 0.02403846153846154
0 0.8389423076923077 0.34615384615384615 0.02403846153846154 0.02403846153846154
0 0.7235576923076924 0.11298076923076923 0.02403846153846154 0.02403846153846154
