0 0.8028846153846154 0.9110576923076924 0.02403846153846154 0.02403846153846154
0 0.49278846153846156 0.90625 0.02403846153846154 0.02403846153846154
0 0.9615384615384616 0.8990384615384616 0.02403846153846154 0.02403846153846154
0 0.25 0.8846153846153847 0.02403846153846154 0.02403846153846154
0 0.4182692307692308 0.8413461538461539 0.02403846153846154 0.02403846153846154
0 0.9591346153846154 0.8100961538461539 0.02403846153846154 0.02403846153846154
0 0.8052884615384616 0.8076923076923077 0.02403846153846154 0.02403846153846154
0 0.5576923076923077 0.8028846153846154 0.02403846153846154 0.02403846153846154
0 0.4831730769230769 0.7620192307692308 0.02403846153846154 0.02403846153846154
0 0.5024038461538461 0.7259615384615385 0.02403846153846154 0.02403846153846154
0 0.9567307692307693 0.6610576923076923 0.02403846153846154 0.02403846153846154
0 0.9302884615384616 0.5721153846153847 0.02403846153846154 0.02403846153846154
0 0.764423076923077 0.5504807692307693 0.02403846153846154 0.02403846153846154
0 0.8149038461538461 0.545673076923077 0.02403846153846154 0.02403846153846154
0 0.4879807692307693 0.5264423076923077 0.02403846153846154 0.02403846153846154
0 0.78125 0.5216346153846154 0.02403846153846154 0.02403846153846154
0 0.5817307692307693 0.5096153846153847 0.02403846153846154 0.02403846153846154
0 0.19711538461538464 0.4879807692307693 0.02403846153846154 0.02403846153846154
0 0.7163461538461539 0.16826923076923078 0.02403846153846154 0.02403846153846154
0 0.7932692307692308 0.15625 0.02403846153846154 0.02403846153846154
0 0.5360576923076923 0.07451923076923077 0.02403846153846154 0.02403846153846154
0 0.46875 0.19711538461538464 0.02403846153846154 0.02403846153846154
0 0.7692307692307693 0.32211538461538464 0.02403846153846154 0.02403846153846154
0 0.7860576923076924 0.2644230769230769 0.02403846153846154 0.02403846153846154
0 0.9230769230769231 0.6298076923076923 0.02403846153846154 0.02403846153846154
0 0.10336538461538462 0.7980769230769231 0.02403846153846154 0.02403846153846154
0 0.057692307692307696 0.7283653846153847 0.02403846153846154 0.02403846153846154
0 0.11298076923076923 0.6370192307692308 0.02403846153846154 0.02403846153846154
0 0.3028846153846154 0.6754807692307693 0.02403846153846154 0.02403846153846154
0 0.3076923076923077 0.7067307692307693 0.02403846153846154 0.02403846153846154
0 0.25961538461538464 0.8461538461538463 0.02403846153846154 0.02403846153846154
0 0.71875 0.8509615384615385 0.02403846153846154 0.02403846153846154
0 0.6923076923076923 0.8605769230769231 0.02403846153846154 0.02403846153846154
0 0.920673076923077 0.7764423076923077 0.02403846153846154 0.02403846153846154
0 0.31009615384615385 0.46634615384615385 0.02403846153846154 0.02403846153846154
0 0.12740384615384617 0.3509615384615385 0.02403846153846154 0.02403846153846154
