0 0.9038461538461539 0.889423076923077 0.02403846153846154 0.02403846153846154
0 0.7379807692307693 0.8677884615384616 0.02403846153846154 0.02403846153846154
0 0.7884615384615385 0.8629807692307693 0.02403846153846154 0.02403846153846154
0 0.46153846153846156 0.84375 0.02403846153846154 0.02403846153846154
0 0.7548076923076924 0.8389423076923077 0.02403846153846154 0.02403846153846154
0 0.5552884615384616 0.826923076923077 0.02403846153846154 0.02403846153846154
0 0.17067307692307693 0.8052884615384616 0.02403846153846154 0.02403846153846154
0 0.6899038461538461 0.48557692307692313 0.02403846153846154 0.02403846153846154
0 0.7668269230769231 0.47355769230769235 0.02403846153846154 0.02403846153846154
0 0.7475961538461539 0.28125 0.02403846153846154 0.02403846153846154
0 0.39903846153846156 0.2644230769230769 0.02403846153846154 0.02403846153846154
0 0.951923076923077 0.5625 0.02403846153846154 0.02403846153846154
0 0.9495192307692308 0.5913461538461539 0.02403846153846154 0.02403846153846154
0 0.5889423076923077 0.24759615384615385 0.02403846153846154 0.02403846153846154
0 0.5096153846153847 0.3918269230769231 0.02403846153846154 0.02403846153846154
0 0.44230769230769235 0.514423076923077 0.02403846153846154 0.02403846153846154
0 0.7427884615384616 0.639423076923077 0.02403846153846154 0.02403846153846154
0 0.7596153846153847 0.5817307692307693 0.02403846153846154 0.02403846153846154
0 0.8966346153846154 0.9471153846153847 0.02403846153846154 0.02403846153846154
0 0.08653846153846154 0.9543269230769231 0.02403846153846154 0.02403846153846154
0 0.28365384615384615 0.7836538461538461 0.02403846153846154 0.02403846153846154
0 0.10096153846153846 0.6682692307692308 0.02403846153846154 0.02403846153846154
