0 0.5721153846153847 0.96875 0.02403846153846154 0.02403846153846154
0 0.19951923076923078 0.96875 0.02403846153846154 0.02403846153846154
0 0.5408653846153847 0.9615384615384616 0.02403846153846154 0.02403846153846154
0 0.5625 0.9543269230769231 0.02403846153846154 0.02403846153846154
0 0.4182692307692308 0.9447115384615385 0.02403846153846154 0.02403846153846154
0 0.576923076923077 0.9423076923076924 0.02403846153846154 0.02403846153846154
0 0.764423076923077 0.9375 0.02403846153846154 0.02403846153846154
0 0.19711538461538464 0.9326923076923077 0.02403846153846154 0.02403846153846154
0 0.2620192307692308 0.9302884615384616 0.02403846153846154 0.02403846153846154
0 0.13461538461538464 0.9254807692307693 0.02403846153846154 0.02403846153846154
0 0.6153846153846154 0.8966346153846154 0.02403846153846154 0.02403846153846154
0 0.8197115384615385 0.8846153846153847 0.02403846153846154 0.02403846153846154
0 0.6298076923076923 0.8846153846153847 0.02403846153846154 0.02403846153846154
0 0.9230769230769231 0.8846153846153847 0.02403846153846154 0.02403846153846154
0 0.2716346153846154 0.8822115384615385 0.02403846153846154 0.02403846153846154
0 0.3822115384615385 0.8774038461538463 0.02403846153846154 0.02403846153846154
0 0.08413461538461539 0.8701923076923077 0.02403846153846154 0.02403846153846154
0 0.4014423076923077 0.8677884615384616 0.02403846153846154 0.02403846153846154
0 0.3028846153846154 0.8701923076923077 0.02403846153846154 0.02403846153846154
0 0.795673076923077 0.8653846153846154 0.02403846153846154 0.02403846153846154
0 0.37980769230769235 0.8509615384615385 0.02403846153846154 0.02403846153846154
0 0.6923076923076923 0.8485576923076924 0.02403846153846154 0.02403846153846154
0 0.90625 0.8365384615384616 0.02403846153846154 0.02403846153846154
0 0.23076923076923078 0.8293269230769231 0.02403846153846154 0.02403846153846154
0 0.4879807692307693 0.8197115384615385 0.02403846153846154 0.02403846153846154
0 0.18990384615384617 0.8197115384615385 0.02403846153846154 0.02403846153846154
0 0.3942307692307693 0.8173076923076924 0.02403846153846154 0.02403846153846154
0 0.8725961538461539 0.8149038461538461 0.02403846153846154 0.02403846153846154
0 0.13701923076923078 0.8125 0.02403846153846154 0.02403846153846154
0 0.5480769230769231 0.8076923076923077 0.02403846153846154 0.02403846153846154
0 0.8774038461538463 0.7836538461538461 0.02403846153846154 0.02403846153846154
0 0.4399038461538462 0.7836538461538461 0.02403846153846154 0.02403846153846154
0 0.6490384615384616 0.7764423076923077 0.02403846153846154 0.02403846153846154
0 0.7860576923076924 0.7788461538461539 0.02403846153846154 0.02403846153846154
0 0.7211538461538461 0.7692307692307693 0.02403846153846154 0.02403846153846154
0 0.875 0.764423076923077 0.02403846153846154 0.02403846153846154
0 0.9350961538461539 0.7524038461538461 0.02403846153846154 0.02403846153846154
0 0.8052884615384616 0.75 0.02403846153846154 0.02403846153846154
0 0.3004807692307693 0.75 0.02403846153846154 0.02403846153846154
0 0.5793269230769231 0.7475961538461539 0.02403846153846154 0.02403846153846154
0 0.9711538461538463 0.7451923076923077 0.02403846153846154 0.02403846153846154
0 0.3629807692307693 0.7451923076923077 0.02403846153846154 0.02403846153846154
0 0.6538461538461539 0.7403846153846154 0.02403846153846154 0.02403846153846154
0 0.6033653846153847 0.7403846153846154 0.02403846153846154 0.02403846153846154
0 0.07932692307692309 0.7091346153846154 0.02403846153846154 0.02403846153846154
0 0.3269230769230769 0.6850961538461539 0.02403846153846154 0.02403846153846154
0 0.21153846153846156 0.6826923076923077 0.02403846153846154 0.02403846153846154
0 0.10576923076923078 0.6610576923076923 0.02403846153846154 0.02403846153846154
0 0.6850961538461539 0.6610576923076923 0.02403846153846154 0.02403846153846154
0 0.5264423076923077 0.65625 0.02403846153846154 0.02403846153846154
0 0.8365384615384616 0.639423076923077 0.02403846153846154 0.02403846153846154
0 0.03365384615384616 0.6442307692307693 0.02403846153846154 0.02403846153846154
0 0.9591346153846154 0.6370192307692308 0.02403846153846154 0.02403846153846154
0 0.7596153846153847 0.6322115384615385 0.02403846153846154 0.02403846153846154
0 0.3942307692307693 0.625 0.02403846153846154 0.02403846153846154
0 0.6129807692307693 0.6009615384615385 0.02403846153846154 0.02403846153846154
0 0.6850961538461539 0.5985576923076923 0.02403846153846154 0.02403846153846154
0 0.5576923076923077 0.576923076923077 0.02403846153846154 0.02403846153846154
0 0.8389423076923077 0.5721153846153847 0.02403846153846154 0.02403846153846154
0 0.6586538461538461 0.5625 0.02403846153846154 0.02403846153846154
0 0.07211538461538462 0.5600961538461539 0.02403846153846154 0.02403846153846154
0 0.28605769230769235 0.5360576923076923 0.02403846153846154 0.02403846153846154
0 0.3509615384615385 0.48557692307692313 0.02403846153846154 0.02403846153846154
0 0.5024038461538461 0.4759615384615385 0.02403846153846154 0.02403846153846154
0 0.5480769230769231 0.46634615384615385 0.02403846153846154 0.02403846153846154
0 0.2139423076923077 0.4519230769230769 0.02403846153846154 0.02403846153846154
0 0.1201923076923077 0.44230769230769235 0.02403846153846154 0.02403846153846154
0 0.34375 0.44230769230769235 0.02403846153846154 0.02403846153846154
0 0.6802884615384616 0.42307692307692313 0.02403846153846154 0.02403846153846154
0 0.5360576923076923 0.41105769230769235 0.02403846153846154 0.02403846153846154
0 0.25480769230769235 0.39903846153846156 0.02403846153846154 0.02403846153846154
0 0.6009615384615385 0.3870192307692308 0.02403846153846154 0.02403846153846154
0 0.5913461538461539 0.34615384615384615 0.02403846153846154 0.02403846153846154
0 0.53125 0.33653846153846156 0.02403846153846154 0.02403846153846154
0 0.608173076923077 0.3341346153846154 0.02403846153846154 0.02403846153846154
0 0.33653846153846156 0.3317307692307693 0.02403846153846154 0.02403846153846154
0 0.026442307692307696 0.3269230769230769 0.02403846153846154 0.02403846153846154
0 0.4951923076923077 0.3197115384615385 0.02403846153846154 0.02403846153846154
0 0.6923076923076923 0.31009615384615385 0.02403846153846154 0.02403846153846154
0 0.9278846153846154 0.2620192307692308 0.02403846153846154 0.02403846153846154
0 0.5480769230769231 0.25961538461538464 0.02403846153846154 0.02403846153846154
0 0.49278846153846156 0.23076923076923078 0.02403846153846154 0.02403846153846154
0 0.3389423076923077 0.22836538461538464 0.02403846153846154 0.02403846153846154
0 0.09134615384615385 0.22355769230769232 0.02403846153846154 0.02403846153846154
0 0.9591346153846154 0.2091346153846154 0.02403846153846154 0.02403846153846154
0 0.03605769230769231 0.1466346153846154 0.02403846153846154 0.02403846153846154
0 0.6201923076923077 0.12740384615384617 0.02403846153846154 0.02403846153846154
0 0.4903846153846154 0.08173076923076923 0.02403846153846154 0.02403846153846154
0 0.625 0.028846153846153848 0.02403846153846154 0.02403846153846154
0 0.4567307692307693 0.05048076923076923 0.02403846153846154 0.02403846153846154
0 0.7427884615384616 0.18990384615384617 0.02403846153846154 0.02403846153846154
0 0.8846153846153847 0.25 0.02403846153846154 0.02403846153846154
0 0.8822115384615385 0.08653846153846154 0.02403846153846154 0.02403846153846154
0 0.09615384615384616 0.4831730769230769 0.02403846153846154 0.02403846153846154
0 0.021634615384615384 0.6153846153846154 0.02403846153846154 0.02403846153846154
0 0.16346153846153846 0.6298076923076923 0.02403846153846154 0.02403846153846154
0 0.1826923076923077 0.6778846153846154 0.02403846153846154 0.02403846153846154
0 0.3076923076923077 0.5649038461538461 0.02403846153846154 0.02403846153846154
0 0.22355769230769232 0.46634615384615385 0.02403846153846154 0.02403846153846154
0 0.2355769230769231 0.514423076923077 0.02403846153846154 0.02403846153846154
0 0.3076923076923077 0.4711538461538462 0.02403846153846154 0.02403846153846154
0 0.31730769230769235 0.40384615384615385 0.02403846153846154 0.02403846153846154
0 0.25240384615384615 0.2716346153846154 0.02403846153846154 0.02403846153846154
0 0.22596153846153846 0.28125 0.02403846153846154 0.02403846153846154
0 0.45432692307692313 0.19711538461538464 0.02403846153846154 0.02403846153846154
0 0.5120192307692308 0.1826923076923077 0.02403846153846154 0.02403846153846154
0 0.5336538461538461 0.27884615384615385 0.02403846153846154 0.02403846153846154
0 0.46634615384615385 0.5048076923076923 0.02403846153846154 0.02403846153846154
0 0.9711538461538463 0.5697115384615385 0.02403846153846154 0.02403846153846154
0 0.8341346153846154 0.6033653846153847 0.02403846153846154 0.02403846153846154
0 0.6826923076923077 0.764423076923077 0.02403846153846154 0.02403846153846154
0 0.5120192307692308 0.7403846153846154 0.02403846153846154 0.02403846153846154
0 0.4447115384615385 0.7067307692307693 0.02403846153846154 0.02403846153846154
0 0.4447115384615385 0.9399038461538463 0.02403846153846154 0.02403846153846154
0 0.6658653846153847 0.9014423076923077 0.02403846153846154 0.02403846153846154
0 0.9399038461538463 0.8461538461538463 0.02403846153846154 0.02403846153846154
0 0.09615384615384616 0.96875 0.02403846153846154 0.02403846153846154
0 0.12980769230769232 0.8918269230769231 0.02403846153846154 0.02403846153846154
0 0.07211538461538462 0.5336538461538461 0.02403846153846154 0.02403846153846154
