0 0.5793269230769231 0.96875 0.02403846153846154 0.02403846153846154
0 0.2355769230769231 0.9615384615384616 0.02403846153846154 0.02403846153846154
0 0.8701923076923077 0.951923076923077 0.02403846153846154 0.02403846153846154
0 0.5 0.9495192307692308 0.02403846153846154 0.02403846153846154
0 0.14423076923076925 0.9278846153846154 0.02403846153846154 0.02403846153846154
0 0.8076923076923077 0.90625 0.02403846153846154 0.02403846153846154
0 0.5600961538461539 0.9086538461538463 0.02403846153846154 0.02403846153846154
0 0.21634615384615385 0.8990384615384616 0.02403846153846154 0.02403846153846154
0 0.3197115384615385 0.8966346153846154 0.02403846153846154 0.02403846153846154
0 0.27884615384615385 0.8942307692307693 0.02403846153846154 0.02403846153846154
0 0.875 0.8822115384615385 0.02403846153846154 0.02403846153846154
0 0.6346153846153847 0.8798076923076924 0.02403846153846154 0.02403846153846154
0 0.4903846153846154 0.8798076923076924 0.02403846153846154 0.02403846153846154
0 0.2980769230769231 0.8725961538461539 0.02403846153846154 0.02403846153846154
0 0.7788461538461539 0.8389423076923077 0.02403846153846154 0.02403846153846154
0 0.608173076923077 0.8317307692307693 0.02403846153846154 0.02403846153846154
0 0.8533653846153847 0.826923076923077 0.02403846153846154 0.02403846153846154
0 0.5528846153846154 0.826923076923077 0.02403846153846154 0.02403846153846154
0 0.9399038461538463 0.8125 0.02403846153846154 0.02403846153846154
0 0.34375 0.8076923076923077 0.02403846153846154 0.02403846153846154
0 0.06490384615384616 0.8028846153846154 0.02403846153846154 0.02403846153846154
0 0.6370192307692308 0.7980769230769231 0.02403846153846154 0.02403846153846154
0 0.8870192307692308 0.7836538461538461 0.02403846153846154 0.02403846153846154
0 0.514423076923077 0.7836538461538461 0.02403846153846154 0.02403846153846154
0 0.8557692307692308 0.7764423076923077 0.02403846153846154 0.02403846153846154
0 0.8774038461538463 0.7692307692307693 0.02403846153846154 0.02403846153846154
0 0.22355769230769232 0.7716346153846154 0.02403846153846154 0.02403846153846154
0 0.733173076923077 0.7596153846153847 0.02403846153846154 0.02403846153846154
0 0.8918269230769231 0.7572115384615385 0.02403846153846154 0.02403846153846154
0 0.5120192307692308 0.7475961538461539 0.02403846153846154 0.02403846153846154
0 0.576923076923077 0.7451923076923077 0.02403846153846154 0.02403846153846154
0 0.4495192307692308 0.7403846153846154 0.02403846153846154 0.02403846153846154
0 0.24759615384615385 0.7139423076923077 0.02403846153846154 0.02403846153846154
0 0.9302884615384616 0.7115384615384616 0.02403846153846154 0.02403846153846154
0 0.9447115384615385 0.6995192307692308 0.02403846153846154 0.02403846153846154
0 0.18990384615384617 0.6995192307692308 0.02403846153846154 0.02403846153846154
0 0.5865384615384616 0.6971153846153847 0.02403846153846154 0.02403846153846154
0 0.6971153846153847 0.6923076923076923 0.02403846153846154 0.02403846153846154
0 0.03125 0.6875 0.02403846153846154 0.02403846153846154
0 0.39903846153846156 0.6850961538461539 0.02403846153846154 0.02403846153846154
0 0.7163461538461539 0.6826923076923077 0.02403846153846154 0.02403846153846154
0 0.6177884615384616 0.6850961538461539 0.02403846153846154 0.02403846153846154
0 0.2980769230769231 0.6682692307692308 0.02403846153846154 0.02403846153846154
0 0.6947115384615385 0.6658653846153847 0.02403846153846154 0.02403846153846154
0 0.545673076923077 0.6442307692307693 0.02403846153846154 0.02403846153846154
0 0.8028846153846154 0.6346153846153847 0.02403846153846154 0.02403846153846154
0 0.5048076923076923 0.6346153846153847 0.02403846153846154 0.02403846153846154
0 0.7091346153846154 0.6322115384615385 0.02403846153846154 0.02403846153846154
0 0.4519230769230769 0.6274038461538461 0.02403846153846154 0.02403846153846154
0 0.1826923076923077 0.6274038461538461 0.02403846153846154 0.02403846153846154
0 0.8629807692307693 0.6225961538461539 0.02403846153846154 0.02403846153846154
0 0.7548076923076924 0.5985576923076923 0.02403846153846154 0.02403846153846154
0 0.2692307692307693 0.5961538461538461 0.02403846153846154 0.02403846153846154
0 0.9639423076923077 0.5913461538461539 0.02403846153846154 0.02403846153846154
0 0.16826923076923078 0.5793269230769231 0.02403846153846154 0.02403846153846154
0 0.10096153846153846 0.576923076923077 0.02403846153846154 0.02403846153846154
0 0.23798076923076925 0.5745192307692308 0.02403846153846154 0.02403846153846154
0 0.6153846153846154 0.5649038461538461 0.02403846153846154 0.02403846153846154
0 0.8942307692307693 0.5625 0.02403846153846154 0.02403846153846154
0 0.6778846153846154 0.5600961538461539 0.02403846153846154 0.02403846153846154
0 0.1875 0.5600961538461539 0.02403846153846154 0.02403846153846154
0 0.96875 0.5552884615384616 0.02403846153846154 0.02403846153846154
0 0.9182692307692308 0.5552884615384616 0.02403846153846154 0.02403846153846154
0 0.3942307692307693 0.5240384615384616 0.02403846153846154 0.02403846153846154
0 0.08653846153846154 0.5072115384615384 0.02403846153846154 0.02403846153846154
0 0.6418269230769231 0.5 0.02403846153846154 0.02403846153846154
0 0.5264423076923077 0.49759615384615385 0.02403846153846154 0.02403846153846154
0 0.1466346153846154 0.4831730769230769 0.02403846153846154 0.02403846153846154
0 0.4206730769230769 0.4759615384615385 0.02403846153846154 0.02403846153846154
0 0.8413461538461539 0.4711538461538462 0.02403846153846154 0.02403846153846154
0 0.125 0.46875 0.02403846153846154 0.02403846153846154
0 0.34855769230769235 0.4591346153846154 0.02403846153846154 0.02403846153846154
0 0.2091346153846154 0.44230769230769235 0.02403846153846154 0.02403846153846154
0 0.7091346153846154 0.4399038461538462 0.02403846153846154 0.02403846153846154
0 0.9278846153846154 0.41586538461538464 0.02403846153846154 0.02403846153846154
0 0.8725961538461539 0.3918269230769231 0.02403846153846154 0.02403846153846154
0 0.0625 0.3774038461538462 0.02403846153846154 0.02403846153846154
0 0.3870192307692308 0.375 0.02403846153846154 0.02403846153846154
0 0.1826923076923077 0.375 0.02403846153846154 0.02403846153846154
0 0.6009615384615385 0.3509615384615385 0.02403846153846154 0.02403846153846154
0 0.11057692307692309 0.3245192307692308 0.02403846153846154 0.02403846153846154
0 0.6658653846153847 0.3004807692307693 0.02403846153846154 0.02403846153846154
0 0.8173076923076924 0.29086538461538464 0.02403846153846154 0.02403846153846154
0 0.11057692307692309 0.29086538461538464 0.02403846153846154 0.02403846153846154
0 0.8629807692307693 0.28125 0.02403846153846154 0.02403846153846154
0 0.5288461538461539 0.2668269230769231 0.02403846153846154 0.02403846153846154
0 0.43509615384615385 0.2572115384615385 0.02403846153846154 0.02403846153846154
0 0.6586538461538461 0.2572115384615385 0.02403846153846154 0.02403846153846154
0 0.8509615384615385 0.22596153846153846 0.02403846153846154 0.02403846153846154
0 0.5697115384615385 0.2139423076923077 0.02403846153846154 0.02403846153846154
0 0.9158653846153847 0.20192307692307693 0.02403846153846154 0.02403846153846154
0 0.90625 0.16105769230769232 0.02403846153846154 0.02403846153846154
0 0.8461538461538463 0.1514423076923077 0.02403846153846154 0.02403846153846154
0 0.9230769230769231 0.14903846153846154 0.02403846153846154 0.02403846153846154
0 0.6514423076923077 0.1466346153846154 0.02403846153846154 0.02403846153846154
0 0.34134615384615385 0.14182692307692307 0.02403846153846154 0.02403846153846154
0 0.8100961538461539 0.13461538461538464 0.02403846153846154 0.02403846153846154
0 0.09855769230769232 0.1201923076923077 0.02403846153846154 0.02403846153846154
0 0.2668269230769231 0.07692307692307693 0.02403846153846154 0.02403846153846154
0 0.8629807692307693 0.07451923076923077 0.02403846153846154 0.02403846153846154
0 0.8076923076923077 0.04567307692307693 0.02403846153846154 0.02403846153846154
0 0.6538461538461539 0.04326923076923077 0.02403846153846154 0.02403846153846154
0 0.40625 0.038461538461538464 0.02403846153846154 0.02403846153846154
0 0.10817307692307693 0.08173076923076923 0.02403846153846154 0.02403846153846154
0 0.41105769230769235 0.2980769230769231 0.02403846153846154 0.02403846153846154
0 0.27884615384615385 0.2980769230769231 0.02403846153846154 0.02403846153846154
0 0.2692307692307693 0.34615384615384615 0.02403846153846154 0.02403846153846154
0 0.31490384615384615 0.3701923076923077 0.02403846153846154 0.02403846153846154
0 0.2980769230769231 0.34375 0.02403846153846154 0.02403846153846154
0 0.33653846153846156 0.43028846153846156 0.02403846153846154 0.02403846153846154
0 0.47836538461538464 0.4447115384615385 0.02403846153846154 0.02403846153846154
0 0.49759615384615385 0.49278846153846156 0.02403846153846154 0.02403846153846154
0 0.6225961538461539 0.37980769230769235 0.02403846153846154 0.02403846153846154
0 0.5384615384615385 0.28125 0.02403846153846154 0.02403846153846154
0 0.5504807692307693 0.3293269230769231 0.02403846153846154 0.02403846153846154
0 0.6225961538461539 0.28605769230769235 0.02403846153846154 0.02403846153846154
0 0.6322115384615385 0.21875 0.02403846153846154 0.02403846153846154
0 0.5673076923076923 0.08653846153846154 0.02403846153846154 0.02403846153846154
0 0.5408653846153847 0.09615384615384616 0.02403846153846154 0.02403846153846154
0 0.8485576923076924 0.09375 0.02403846153846154 0.02403846153846154
0 0.78125 0.3197115384615385 0.02403846153846154 0.02403846153846154
0 0.826923076923077 0.5552884615384616 0.02403846153846154 0.02403846153846154
0 0.7596153846153847 0.5216346153846154 0.02403846153846154 0.02403846153846154
0 0.7596153846153847 0.7548076923076924 0.02403846153846154 0.02403846153846154
0 0.733173076923077 0.8197115384615385 0.02403846153846154 0.02403846153846154
0 0.9711538461538463 0.8870192307692308 0.02403846153846154 0.02403846153846154
0 0.4759615384615385 0.9615384615384616 0.02403846153846154 0.02403846153846154
0 0.5096153846153847 0.858173076923077 0.02403846153846154 0.02403846153846154
0 0.4879807692307693 0.8509615384615385 0.02403846153846154 0.02403846153846154
0 0.2932692307692308 0.7524038461538461 0.02403846153846154 0.02403846153846154
0 0.41105769230769235 0.7836538461538461 0.02403846153846154 0.02403846153846154
0 0.4447115384615385 0.7067307692307693 0.02403846153846154 0.02403846153846154
0 0.19711538461538464 0.795673076923077 0.02403846153846154 0.02403846153846154
0 0.16346153846153846 0.8245192307692308 0.02403846153846154 0.02403846153846154
0 0.22596153846153846 0.7235576923076924 0.02403846153846154 0.02403846153846154
0 0.3870192307692308 0.34855769230769235 0.02403846153846154 0.02403846153846154
0 0.10817307692307693 0.9182692307692308 0.02403846153846154 0.02403846153846154
0 0.08653846153846154 0.951923076923077 0.02403846153846154 0.02403846153846154
0 0.07451923076923077 0.71875 0.02403846153846154 0.02403846153846154
