0 0.5985576923076923 0.96875 0.02403846153846154 0.02403846153846154
0 0.4879807692307693 0.9639423076923077 0.02403846153846154 0.02403846153846154
0 0.09855769230769232 0.9471153846153847 0.02403846153846154 0.02403846153846154
0 0.3701923076923077 0.9447115384615385 0.02403846153846154 0.02403846153846154
0 0.14423076923076925 0.9254807692307693 0.02403846153846154 0.02403846153846154
0 0.875 0.90625 0.02403846153846154 0.02403846153846154
0 0.5288461538461539 0.8725961538461539 0.02403846153846154 0.02403846153846154
0 0.057692307692307696 0.8725961538461539 0.02403846153846154 0.02403846153846154
0 0.4254807692307693 0.8701923076923077 0.02403846153846154 0.02403846153846154
0 0.5024038461538461 0.8629807692307693 0.02403846153846154 0.02403846153846154
0 0.6322115384615385 0.8557692307692308 0.02403846153846154 0.02403846153846154
0 0.49278846153846156 0.8341346153846154 0.02403846153846154 0.02403846153846154
0 0.3701923076923077 0.8149038461538461 0.02403846153846154 0.02403846153846154
0 0.1778846153846154 0.8149038461538461 0.02403846153846154 0.02403846153846154
0 0.3894230769230769 0.795673076923077 0.02403846153846154 0.02403846153846154
0 0.4206730769230769 0.7860576923076924 0.02403846153846154 0.02403846153846154
0 0.5120192307692308 0.7692307692307693 0.02403846153846154 0.02403846153846154
0 0.1466346153846154 0.7524038461538461 0.02403846153846154 0.02403846153846154
0 0.03605769230769231 0.7139423076923077 0.02403846153846154 0.02403846153846154
0 0.06490384615384616 0.7115384615384616 0.02403846153846154 0.02403846153846154
0 0.8413461538461539 0.701923076923077 0.02403846153846154 0.02403846153846154
0 0.5240384615384616 0.6995192307692308 0.02403846153846154 0.02403846153846154
0 0.37259615384615385 0.6971153846153847 0.02403846153846154 0.02403846153846154
0 0.49278846153846156 0.6730769230769231 0.02403846153846154 0.02403846153846154
0 0.07692307692307693 0.6682692307692308 0.02403846153846154 0.02403846153846154
0 0.25480769230769235 0.6586538461538461 0.02403846153846154 0.02403846153846154
0 0.5096153846153847 0.6538461538461539 0.02403846153846154 0.02403846153846154
0 0.6514423076923077 0.6322115384615385 0.02403846153846154 0.02403846153846154
0 0.7139423076923077 0.625 0.02403846153846154 0.02403846153846154
0 0.7043269230769231 0.608173076923077 0.02403846153846154 0.02403846153846154
0 0.576923076923077 0.6153846153846154 0.02403846153846154 0.02403846153846154
0 0.17307692307692307 0.6057692307692308 0.02403846153846154 0.02403846153846154
0 0.040865384615384616 0.6033653846153847 0.02403846153846154 0.02403846153846154
0 0.4807692307692308 0.5985576923076923 0.02403846153846154 0.02403846153846154
0 0.47836538461538464 0.5625 0.02403846153846154 0.02403846153846154
0 0.08173076923076923 0.5600961538461539 0.02403846153846154 0.02403846153846154
0 0.22355769230769232 0.5576923076923077 0.02403846153846154 0.02403846153846154
0 0.31490384615384615 0.5528846153846154 0.02403846153846154 0.02403846153846154
0 0.4278846153846154 0.5384615384615385 0.02403846153846154 0.02403846153846154
0 0.5889423076923077 0.5360576923076923 0.02403846153846154 0.02403846153846154
0 0.37980769230769235 0.514423076923077 0.02403846153846154 0.02403846153846154
0 0.47355769230769235 0.5096153846153847 0.02403846153846154 0.02403846153846154
0 0.4014423076923077 0.5120192307692308 0.02403846153846154 0.02403846153846154
0 0.04567307692307693 0.5096153846153847 0.02403846153846154 0.02403846153846154
0 0.6682692307692308 0.4903846153846154 0.02403846153846154 0.02403846153846154
0 0.9230769230769231 0.47836538461538464 0.02403846153846154 0.02403846153846154
0 0.2043269230769231 0.4711538461538462 0.02403846153846154 0.02403846153846154
0 0.5504807692307693 0.46634615384615385 0.02403846153846154 0.02403846153846154
0 0.15865384615384617 0.4375 0.02403846153846154 0.02403846153846154
0 0.7572115384615385 0.4254807692307693 0.02403846153846154 0.02403846153846154
0 0.16586538461538464 0.4182692307692308 0.02403846153846154 0.02403846153846154
0 0.2956730769230769 0.41586538461538464 0.02403846153846154 0.02403846153846154
0 0.8533653846153847 0.40625 0.02403846153846154 0.02403846153846154
0 0.3293269230769231 0.3942307692307693 0.02403846153846154 0.02403846153846154
0 0.27403846153846156 0.37980769230769235 0.02403846153846154 0.02403846153846154
0 0.5576923076923077 0.3701923076923077 0.02403846153846154 0.02403846153846154
0 0.2932692307692308 0.3557692307692308 0.02403846153846154 0.02403846153846154
0 0.5576923076923077 0.34375 0.02403846153846154 0.02403846153846154
0 0.6899038461538461 0.3293269230769231 0.02403846153846154 0.02403846153846154
0 0.6346153846153847 0.3341346153846154 0.02403846153846154 0.02403846153846154
0 0.8461538461538463 0.31490384615384615 0.02403846153846154 0.02403846153846154
0 0.4014423076923077 0.31009615384615385 0.02403846153846154 0.02403846153846154
0 0.33653846153846156 0.31009615384615385 0.02403846153846154 0.02403846153846154
0 0.5048076923076923 0.2956730769230769 0.02403846153846154 0.02403846153846154
0 0.10096153846153846 0.28605769230769235 0.02403846153846154 0.02403846153846154
0 0.08653846153846154 0.2764423076923077 0.02403846153846154 0.02403846153846154
0 0.639423076923077 0.2692307692307693 0.02403846153846154 0.02403846153846154
0 0.8509615384615385 0.2668269230769231 0.02403846153846154 0.02403846153846154
0 0.6754807692307693 0.2620192307692308 0.02403846153846154 0.02403846153846154
0 0.2668269230769231 0.2620192307692308 0.02403846153846154 0.02403846153846154
0 0.8100961538461539 0.25 0.02403846153846154 0.02403846153846154
0 0.6105769230769231 0.23317307692307693 0.02403846153846154 0.02403846153846154
0 0.08413461538461539 0.23076923076923078 0.02403846153846154 0.02403846153846154
0 0.6346153846153847 0.22596153846153846 0.02403846153846154 0.02403846153846154
0 0.06490384615384616 0.2139423076923077 0.02403846153846154 0.02403846153846154
0 0.6802884615384616 0.1875 0.02403846153846154 0.02403846153846154
0 0.4831730769230769 0.17548076923076925 0.02403846153846154 0.02403846153846154
0 0.3341346153846154 0.14903846153846154 0.02403846153846154 0.02403846153846154
0 0.5649038461538461 0.14423076923076925 0.02403846153846154 0.02403846153846154
0 0.028846153846153848 0.06009615384615385 0.02403846153846154 0.02403846153846154
0 0.09855769230769232 0.11057692307692309 0.02403846153846154 0.02403846153846154
0 0.1514423076923077 0.15625 0.02403846153846154 0.02403846153846154
0 0.14903846153846154 0.1826923076923077 0.02403846153846154 0.02403846153846154
0 0.125 0.16105769230769232 0.02403846153846154 0.02403846153846154
0 0.10336538461538462 0.3605769230769231 0.02403846153846154 0.02403846153846154
0 0.10576923076923078 0.3966346153846154 0.02403846153846154 0.02403846153846154
0 0.1201923076923077 0.4759615384615385 0.02403846153846154 0.02403846153846154
0 0.07692307692307693 0.5168269230769231 0.02403846153846154 0.02403846153846154
0 0.03605769230769231 0.45432692307692313 0.02403846153846154 0.02403846153846154
0 0.2403846153846154 0.42307692307692313 0.02403846153846154 0.02403846153846154
0 0.2716346153846154 0.4879807692307693 0.02403846153846154 0.02403846153846154
0 0.31490384615384615 0.4951923076923077 0.02403846153846154 0.02403846153846154
0 0.34375 0.47836538461538464 0.02403846153846154 0.02403846153846154
0 0.22836538461538464 0.34134615384615385 0.02403846153846154 0.02403846153846154
0 0.46634615384615385 0.3125 0.02403846153846154 0.02403846153846154
0 0.5216346153846154 0.09134615384615385 0.02403846153846154 0.02403846153846154
0 0.5288461538461539 0.17067307692307693 0.02403846153846154 0.02403846153846154
0 0.6370192307692308 0.13701923076923078 0.02403846153846154 0.02403846153846154
0 0.5697115384615385 0.2043269230769231 0.02403846153846154 0.02403846153846154
0 0.6730769230769231 0.28605769230769235 0.02403846153846154 0.02403846153846154
0 0.6658653846153847 0.2403846153846154 0.02403846153846154 0.02403846153846154
0 0.608173076923077 0.28125 0.02403846153846154 0.02403846153846154
0 0.59375 0.37980769230769235 0.02403846153846154 0.02403846153846154
0 0.7139423076923077 0.4519230769230769 0.02403846153846154 0.02403846153846154
0 0.795673076923077 0.3918269230769231 0.02403846153846154 0.02403846153846154
0 0.8293269230769231 0.24278846153846156 0.02403846153846154 0.02403846153846154
0 0.8509615384615385 0.1826923076923077 0.02403846153846154 0.02403846153846154
0 0.7716346153846154 0.16346153846153846 0.02403846153846154 0.02403846153846154
0 0.8389423076923077 0.06009615384615385 0.02403846153846154 0.02403846153846154
0 0.9423076923076924 0.4014423076923077 0.02403846153846154 0.02403846153846154
0 0.9086538461538463 0.4014423076923077 0.02403846153846154 0.02403846153846154
0 0.889423076923077 0.4206730769230769 0.02403846153846154 0.02403846153846154
0 0.9471153846153847 0.5697115384615385 0.02403846153846154 0.02403846153846154
0 0.9230769230769231 0.5384615384615385 0.02403846153846154 0.02403846153846154
0 0.8293269230769231 0.53125 0.02403846153846154 0.02403846153846154
0 0.8485576923076924 0.6298076923076923 0.02403846153846154 0.02403846153846154
0 0.795673076923077 0.6105769230769231 0.02403846153846154 0.02403846153846154
0 0.5889423076923077 0.6778846153846154 0.02403846153846154 0.02403846153846154
0 0.5432692307692308 0.5793269230769231 0.02403846153846154 0.02403846153846154
0 0.49759615384615385 0.6418269230769231 0.02403846153846154 0.02403846153846154
0 0.44230769230769235 0.6754807692307693 0.02403846153846154 0.02403846153846154
0 0.42307692307692313 0.6009615384615385 0.02403846153846154 0.02403846153846154
0 0.47355769230769235 0.5793269230769231 0.02403846153846154 0.02403846153846154
0 0.37259615384615385 0.3870192307692308 0.02403846153846154 0.02403846153846154
0 0.2956730769230769 0.375 0.02403846153846154 0.02403846153846154
0 0.5120192307692308 0.21875 0.02403846153846154 0.02403846153846154
0 0.8317307692307693 0.9278846153846154 0.02403846153846154 0.02403846153846154
0 0.6850961538461539 0.9567307692307693 0.02403846153846154 0.02403846153846154
0 0.6995192307692308 0.9134615384615385 0.02403846153846154 0.02403846153846154
0 0.6442307692307693 0.9086538461538463 0.02403846153846154 0.02403846153846154
0 0.6730769230769231 0.8605769230769231 0.02403846153846154 0.02403846153846154
0 0.7259615384615385 0.8149038461538461 0.02403846153846154 0.02403846153846154
0 0.3293269230769231 0.8028846153846154 0.02403846153846154 0.02403846153846154
0 0.2091346153846154 0.6610576923076923 0.02403846153846154 0.02403846153846154
0 0.3653846153846154 0.7163461538461539 0.02403846153846154 0.02403846153846154
0 0.125 0.6610576923076923 0.02403846153846154 0.02403846153846154
