0 0.27884615384615385 0.9110576923076924 0.02403846153846154 0.02403846153846154
0 0.18990384615384617 0.8725961538461539 0.02403846153846154 0.02403846153846154
0 0.3605769230769231 0.6730769230769231 0.02403846153846154 0.02403846153846154
0 0.6490384615384616 0.3028846153846154 0.02403846153846154 0.02403846153846154
0 0.11298076923076923 0.2043269230769231 0.02403846153846154 0.02403846153846154
0 0.8533653846153847 0.1826923076923077 0.02403846153846154 0.02403846153846154
0 0.8677884615384616 0.16586538461538464 0.02403846153846154 0.02403846153846154
0 0.5745192307692308 0.15865384615384617 0.02403846153846154 0.02403846153846154
0 0.7283653846153847 0.10817307692307693 0.02403846153846154 0.02403846153846154
0 0.9134615384615385 0.0889423076923077 0.02403846153846154 0.02403846153846154
0 0.9495192307692308 0.038461538461538464 0.02403846153846154 0.02403846153846154
0 0.375 0.03125 0.02403846153846154 0.02403846153846154
0 0.28365384615384615 0.04326923076923077 0.02403846153846154 0.02403846153846154
0 0.5240384615384616 0.11778846153846155 0.02403846153846154 0.02403846153846154
0 0.4278846153846154 0.12740384615384617 0.02403846153846154 0.02403846153846154
0 0.2932692307692308 0.10817307692307693 0.02403846153846154 0.02403846153846154
0 0.06971153846153846 0.5480769230769231 0.02403846153846154 0.02403846153846154
0 0.3269230769230769 0.4134615384615385 0.02403846153846154 0.02403846153846154
0 0.06971153846153846 0.6514423076923077 0.02403846153846154 0.02403846153846154
0 0.07692307692307693 0.7355769230769231 0.02403846153846154 0.02403846153846154
0 0.09375 0.78125 0.02403846153846154 0.02403846153846154
0 0.11057692307692309 0.7620192307692308 0.02403846153846154 0.02403846153846154
0 0.34375 0.8076923076923077 0.02403846153846154 0.02403846153846154
0 0.5 0.9038461538461539 0.02403846153846154 0.02403846153846154
0 0.7451923076923077 0.07451923076923077 0.02403846153846154 0.02403846153846154
0 0.7524038461538461 0.05528846153846154 0.02403846153846154 0.02403846153846154
