0 0.19711538461538464 0.96875 0.02403846153846154 0.02403846153846154
0 0.22115384615384617 0.9663461538461539 0.02403846153846154 0.02403846153846154
0 0.15625 0.9615384615384616 0.02403846153846154 0.02403846153846154
0 0.8822115384615385 0.9471153846153847 0.02403846153846154 0.02403846153846154
0 0.0889423076923077 0.9471153846153847 0.02403846153846154 0.02403846153846154
0 0.7716346153846154 0.9423076923076924 0.02403846153846154 0.02403846153846154
0 0.3822115384615385 0.9254807692307693 0.02403846153846154 0.02403846153846154
0 0.6538461538461539 0.9230769230769231 0.02403846153846154 0.02403846153846154
0 0.29086538461538464 0.9134615384615385 0.02403846153846154 0.02403846153846154
0 0.4278846153846154 0.9038461538461539 0.02403846153846154 0.02403846153846154
0 0.05048076923076923 0.8653846153846154 0.02403846153846154 0.02403846153846154
0 0.8125 0.8509615384615385 0.02403846153846154 0.02403846153846154
0 0.34134615384615385 0.8509615384615385 0.02403846153846154 0.02403846153846154
0 0.7091346153846154 0.8485576923076924 0.02403846153846154 0.02403846153846154
0 0.25 0.8485576923076924 0.02403846153846154 0.02403846153846154
0 0.7860576923076924 0.8413461538461539 0.02403846153846154 0.02403846153846154
0 0.9158653846153847 0.8341346153846154 0.02403846153846154 0.02403846153846154
0 0.22836538461538464 0.8149038461538461 0.02403846153846154 0.02403846153846154
0 0.7764423076923077 0.8125 0.02403846153846154 0.02403846153846154
0 0.2884615384615385 0.8052884615384616 0.02403846153846154 0.02403846153846154
0 0.6538461538461539 0.7932692307692308 0.02403846153846154 0.02403846153846154
0 0.46153846153846156 0.7932692307692308 0.02403846153846154 0.02403846153846154
0 0.6730769230769231 0.7740384615384616 0.02403846153846154 0.02403846153846154
0 0.15384615384615385 0.7668269230769231 0.02403846153846154 0.02403846153846154
0 0.7043269230769231 0.764423076923077 0.02403846153846154 0.02403846153846154
0 0.795673076923077 0.7475961538461539 0.02403846153846154 0.02403846153846154
0 0.20192307692307693 0.7379807692307693 0.02403846153846154 0.02403846153846154
0 0.43028846153846156 0.7307692307692308 0.02403846153846154 0.02403846153846154
0 0.14903846153846154 0.7235576923076924 0.02403846153846154 0.02403846153846154
0 0.07211538461538462 0.7163461538461539 0.02403846153846154 0.02403846153846154
0 0.3197115384615385 0.6923076923076923 0.02403846153846154 0.02403846153846154
0 0.34855769230769235 0.6899038461538461 0.02403846153846154 0.02403846153846154
0 0.8076923076923077 0.6778846153846154 0.02403846153846154 0.02403846153846154
0 0.65625 0.6754807692307693 0.02403846153846154 0.02403846153846154
0 0.13461538461538464 0.6610576923076923 0.02403846153846154 0.02403846153846154
0 0.7764423076923077 0.6514423076923077 0.02403846153846154 0.02403846153846154
0 0.3605769230769231 0.6466346153846154 0.02403846153846154 0.02403846153846154
0 0.5384615384615385 0.6370192307692308 0.02403846153846154 0.02403846153846154
0 0.7932692307692308 0.6322115384615385 0.02403846153846154 0.02403846153846154
0 0.9350961538461539 0.6105769230769231 0.02403846153846154 0.02403846153846154
0 0.09134615384615385 0.6033653846153847 0.02403846153846154 0.02403846153846154
0 0.2716346153846154 0.5889423076923077 0.02403846153846154 0.02403846153846154
0 0.8605769230769231 0.59375 0.02403846153846154 0.02403846153846154
0 0.16826923076923078 0.5865384615384616 0.02403846153846154 0.02403846153846154
0 0.4567307692307693 0.5841346153846154 0.02403846153846154 0.02403846153846154
0 0.3245192307692308 0.5817307692307693 0.02403846153846154 0.02403846153846154
0 0.040865384615384616 0.5817307692307693 0.02403846153846154 0.02403846153846154
0 0.764423076923077 0.576923076923077 0.02403846153846154 0.02403846153846154
0 0.17307692307692307 0.5576923076923077 0.02403846153846154 0.02403846153846154
0 0.19951923076923078 0.5432692307692308 0.02403846153846154 0.02403846153846154
0 0.7620192307692308 0.5408653846153847 0.02403846153846154 0.02403846153846154
0 0.3653846153846154 0.5384615384615385 0.02403846153846154 0.02403846153846154
0 0.5072115384615384 0.5360576923076923 0.02403846153846154 0.02403846153846154
0 0.5985576923076923 0.53125 0.02403846153846154 0.02403846153846154
0 0.13701923076923078 0.5240384615384616 0.02403846153846154 0.02403846153846154
0 0.7115384615384616 0.5168269230769231 0.02403846153846154 0.02403846153846154
0 0.8725961538461539 0.514423076923077 0.02403846153846154 0.02403846153846154
0 0.2043269230769231 0.514423076923077 0.02403846153846154 0.02403846153846154
0 0.6634615384615385 0.49278846153846156 0.02403846153846154 0.02403846153846154
0 0.7572115384615385 0.4879807692307693 0.02403846153846154 0.02403846153846154
0 0.6850961538461539 0.4903846153846154 0.02403846153846154 0.02403846153846154
0 0.3293269230769231 0.4879807692307693 0.02403846153846154 0.02403846153846154
0 0.951923076923077 0.46875 0.02403846153846154 0.02403846153846154
0 0.28125 0.46634615384615385 0.02403846153846154 0.02403846153846154
0 0.4879807692307693 0.4495192307692308 0.02403846153846154 0.02403846153846154
0 0.11298076923076923 0.44711538461538464 0.02403846153846154 0.02403846153846154
0 0.8341346153846154 0.4447115384615385 0.02403846153846154 0.02403846153846154
0 0.44230769230769235 0.41586538461538464 0.02403846153846154 0.02403846153846154
0 0.4495192307692308 0.3966346153846154 0.02403846153846154 0.02403846153846154
0 0.5793269230769231 0.3942307692307693 0.02403846153846154 0.02403846153846154
0 0.6129807692307693 0.37259615384615385 0.02403846153846154 0.02403846153846154
0 0.2620192307692308 0.37259615384615385 0.02403846153846154 0.02403846153846154
0 0.5576923076923077 0.3581730769230769 0.02403846153846154 0.02403846153846154
0 0.8413461538461539 0.34855769230769235 0.02403846153846154 0.02403846153846154
0 0.19711538461538464 0.3341346153846154 0.02403846153846154 0.02403846153846154
0 0.576923076923077 0.3341346153846154 0.02403846153846154 0.02403846153846154
0 0.8413461538461539 0.32211538461538464 0.02403846153846154 0.02403846153846154
0 0.9182692307692308 0.3125 0.02403846153846154 0.02403846153846154
0 0.6850961538461539 0.2884615384615385 0.02403846153846154 0.02403846153846154
0 0.6201923076923077 0.2884615384615385 0.02403846153846154 0.02403846153846154
0 0.7884615384615385 0.27403846153846156 0.02403846153846154 0.02403846153846154
0 0.38461538461538464 0.2644230769230769 0.02403846153846154 0.02403846153846154
0 0.3701923076923077 0.25480769230769235 0.02403846153846154 0.02403846153846154
0 0.9230769230769231 0.24759615384615385 0.02403846153846154 0.02403846153846154
0 0.9591346153846154 0.2403846153846154 0.02403846153846154 0.02403846153846154
0 0.5504807692307693 0.2403846153846154 0.02403846153846154 0.02403846153846154
0 0.8942307692307693 0.21153846153846156 0.02403846153846154 0.02403846153846154
0 0.36778846153846156 0.2091346153846154 0.02403846153846154 0.02403846153846154
0 0.9182692307692308 0.2043269230769231 0.02403846153846154 0.02403846153846154
0 0.18990384615384617 0.19711538461538464 0.02403846153846154 0.02403846153846154
0 0.34855769230769235 0.19230769230769232 0.02403846153846154 0.02403846153846154
0 0.040865384615384616 0.18990384615384617 0.02403846153846154 0.02403846153846154
0 0.9639423076923077 0.16586538461538464 0.02403846153846154 0.02403846153846154
0 0.16105769230769232 0.16105769230769232 0.02403846153846154 0.02403846153846154
0 0.7668269230769231 0.15384615384615385 0.02403846153846154 0.02403846153846154
0 0.1875 0.13942307692307693 0.02403846153846154 0.02403846153846154
0 0.6177884615384616 0.12740384615384617 0.02403846153846154 0.02403846153846154
0 0.8485576923076924 0.12259615384615385 0.02403846153846154 0.02403846153846154
0 0.1826923076923077 0.1201923076923077 0.02403846153846154 0.02403846153846154
0 0.21875 0.11298076923076923 0.02403846153846154 0.02403846153846154
0 0.3125 0.038461538461538464 0.02403846153846154 0.02403846153846154
0 0.3822115384615385 0.0889423076923077 0.02403846153846154 0.02403846153846154
0 0.43509615384615385 0.13461538461538464 0.02403846153846154 0.02403846153846154
0 0.4326923076923077 0.16105769230769232 0.02403846153846154 0.02403846153846154
0 0.4086538461538462 0.13942307692307693 0.02403846153846154 0.02403846153846154
0 0.21153846153846156 0.08413461538461539 0.02403846153846154 0.02403846153846154
0 0.24759615384615385 0.28365384615384615 0.02403846153846154 0.02403846153846154
0 0.17067307692307693 0.23798076923076925 0.02403846153846154 0.02403846153846154
0 0.10817307692307693 0.2956730769230769 0.02403846153846154 0.02403846153846154
0 0.09615384615384616 0.3870192307692308 0.02403846153846154 0.02403846153846154
0 0.026442307692307696 0.47355769230769235 0.02403846153846154 0.02403846153846154
0 0.3870192307692308 0.3389423076923077 0.02403846153846154 0.02403846153846154
0 0.3894230769230769 0.375 0.02403846153846154 0.02403846153846154
0 0.40384615384615385 0.45432692307692313 0.02403846153846154 0.02403846153846154
0 0.3605769230769231 0.4951923076923077 0.02403846153846154 0.02403846153846154
0 0.3197115384615385 0.4326923076923077 0.02403846153846154 0.02403846153846154
0 0.5240384615384616 0.4014423076923077 0.02403846153846154 0.02403846153846154
0 0.5552884615384616 0.46634615384615385 0.02403846153846154 0.02403846153846154
0 0.5985576923076923 0.47355769230769235 0.02403846153846154 0.02403846153846154
0 0.6274038461538461 0.4567307692307693 0.02403846153846154 0.02403846153846154
0 0.5120192307692308 0.3197115384615385 0.02403846153846154 0.02403846153846154
0 0.75 0.29086538461538464 0.02403846153846154 0.02403846153846154
0 0.8052884615384616 0.06971153846153846 0.02403846153846154 0.02403846153846154
0 0.8125 0.14903846153846154 0.02403846153846154 0.02403846153846154
0 0.920673076923077 0.11538461538461539 0.02403846153846154 0.02403846153846154
0 0.8533653846153847 0.1826923076923077 0.02403846153846154 0.02403846153846154
0 0.9567307692307693 0.2644230769230769 0.02403846153846154 0.02403846153846154
0 0.9495192307692308 0.21875 0.02403846153846154 0.02403846153846154
0 0.8918269230769231 0.25961538461538464 0.02403846153846154 0.02403846153846154
0 0.8774038461538463 0.3581730769230769 0.02403846153846154 0.02403846153846154
0 0.8725961538461539 0.65625 0.02403846153846154 0.02403846153846154
0 0.826923076923077 0.5576923076923077 0.02403846153846154 0.02403846153846154
0 0.78125 0.6201923076923077 0.02403846153846154 0.02403846153846154
0 0.7259615384615385 0.6538461538461539 0.02403846153846154 0.02403846153846154
0 0.7067307692307693 0.5793269230769231 0.02403846153846154 0.02403846153846154
0 0.7572115384615385 0.5576923076923077 0.02403846153846154 0.02403846153846154
0 0.65625 0.3653846153846154 0.02403846153846154 0.02403846153846154
0 0.5793269230769231 0.35336538461538464 0.02403846153846154 0.02403846153846154
0 0.795673076923077 0.19711538461538464 0.02403846153846154 0.02403846153846154
0 0.96875 0.9350961538461539 0.02403846153846154 0.02403846153846154
0 0.9278846153846154 0.8870192307692308 0.02403846153846154 0.02403846153846154
0 0.9567307692307693 0.8389423076923077 0.02403846153846154 0.02403846153846154
0 0.43509615384615385 0.951923076923077 0.02403846153846154 0.02403846153846154
0 0.6129807692307693 0.78125 0.02403846153846154 0.02403846153846154
0 0.49278846153846156 0.639423076923077 0.02403846153846154 0.02403846153846154
0 0.6490384615384616 0.6947115384615385 0.02403846153846154 0.02403846153846154
0 0.3004807692307693 0.6274038461538461 0.02403846153846154 0.02403846153846154
0 0.4086538461538462 0.639423076923077 0.02403846153846154 0.02403846153846154
0 0.13221153846153846 0.9302884615384616 0.02403846153846154 0.02403846153846154
0 0.09134615384615385 0.6875 0.02403846153846154 0.02403846153846154
0 0.0625 0.6850961538461539 0.02403846153846154 0.02403846153846154
0 0.04807692307692308 0.639423076923077 0.02403846153846154 0.02403846153846154
