0 0.5360576923076923 0.7235576923076924 0.02403846153846154 0.02403846153846154
0 0.44711538461538464 0.6850961538461539 0.02403846153846154 0.02403846153846154
0 0.6177884615384616 0.48557692307692313 0.02403846153846154 0.02403846153846154
0 0.90625 0.11538461538461539 0.02403846153846154 0.02403846153846154
0 0.3269230769230769 0.3605769230769231 0.02403846153846154 0.02403846153846154
0 0.5841346153846154 0.22596153846153846 0.02403846153846154 0.02403846153846154
0 0.3269230769230769 0.4639423076923077 0.02403846153846154 0.02403846153846154
0 0.3341346153846154 0.5480769230769231 0.02403846153846154 0.02403846153846154
0 0.3509615384615385 0.59375 0.02403846153846154 0.02403846153846154
0 0.36778846153846156 0.5745192307692308 0.02403846153846154 0.02403846153846154
0 0.6009615384615385 0.6201923076923077 0.02403846153846154 0.02403846153846154
0 0.7572115384615385 0.7163461538461539 0.02403846153846154 0.02403846153846154
0 0.13942307692307693 0.3028846153846154 0.02403846153846154 0.02403846153846154
