0 0.7427884615384616 0.9615384615384616 0.02403846153846154 0.02403846153846154
0 0.7788461538461539 0.9110576923076924 0.02403846153846154 0.02403846153846154
0 0.2043269230769231 0.9038461538461539 0.02403846153846154 0.02403846153846154
0 0.4711538461538462 0.8149038461538461 0.02403846153846154 0.02403846153846154
0 0.6754807692307693 0.7932692307692308 0.02403846153846154 0.02403846153846154
0 0.9326923076923077 0.7740384615384616 0.02403846153846154 0.02403846153846154
0 0.05528846153846154 0.7668269230769231 0.02403846153846154 0.02403846153846154
0 0.2932692307692308 0.764423076923077 0.02403846153846154 0.02403846153846154
0 0.545673076923077 0.7043269230769231 0.02403846153846154 0.02403846153846154
0 0.22115384615384617 0.6899038461538461 0.02403846153846154 0.02403846153846154
0 0.13221153846153846 0.6802884615384616 0.02403846153846154 0.02403846153846154
0 0.7163461538461539 0.6514423076923077 0.02403846153846154 0.02403846153846154
0 0.8846153846153847 0.6153846153846154 0.02403846153846154 0.02403846153846154
0 0.3581730769230769 0.6105769230769231 0.02403846153846154 0.02403846153846154
0 0.9471153846153847 0.608173076923077 0.02403846153846154 0.02403846153846154
0 0.5408653846153847 0.5817307692307693 0.02403846153846154 0.02403846153846154
0 0.3605769230769231 0.5649038461538461 0.02403846153846154 0.02403846153846154
0 0.4711538461538462 0.5384615384615385 0.02403846153846154 0.02403846153846154
0 0.920673076923077 0.5168269230769231 0.02403846153846154 0.02403846153846154
0 0.8653846153846154 0.5048076923076923 0.02403846153846154 0.02403846153846154
0 0.08173076923076923 0.5048076923076923 0.02403846153846154 0.02403846153846154
0 0.375 0.4903846153846154 0.02403846153846154 0.02403846153846154
0 0.6033653846153847 0.4711538461538462 0.02403846153846154 0.02403846153846154
0 0.6274038461538461 0.4639423076923077 0.02403846153846154 0.02403846153846154
0 0.4591346153846154 0.4519230769230769 0.02403846153846154 0.02403846153846154
0 0.3004807692307693 0.44711538461538464 0.02403846153846154 0.02403846153846154
0 0.38461538461538464 0.43509615384615385 0.02403846153846154 0.02403846153846154
0 0.4014423076923077 0.4278846153846154 0.02403846153846154 0.02403846153846154
0 0.09375 0.3918269230769231 0.02403846153846154 0.02403846153846154
0 0.2668269230769231 0.37980769230769235 0.02403846153846154 0.02403846153846154
0 0.6009615384615385 0.3774038461538462 0.02403846153846154 0.02403846153846154
0 0.625 0.375 0.02403846153846154 0.02403846153846154
0 0.5600961538461539 0.3701923076923077 0.02403846153846154 0.02403846153846154
0 0.10576923076923078 0.36778846153846156 0.02403846153846154 0.02403846153846154
0 0.49278846153846156 0.3557692307692308 0.02403846153846154 0.02403846153846154
0 0.7860576923076924 0.3341346153846154 0.02403846153846154 0.02403846153846154
0 0.6947115384615385 0.32211538461538464 0.02403846153846154 0.02403846153846154
0 0.1778846153846154 0.3197115384615385 0.02403846153846154 0.02403846153846154
0 0.21634615384615385 0.31490384615384615 0.02403846153846154 0.02403846153846154
0 0.8317307692307693 0.3125 0.02403846153846154 0.02403846153846154
0 0.34615384615384615 0.30528846153846156 0.02403846153846154 0.02403846153846154
0 0.45432692307692313 0.27403846153846156 0.02403846153846154 0.02403846153846154
0 0.7451923076923077 0.25961538461538464 0.02403846153846154 0.02403846153846154
0 0.6538461538461539 0.2572115384615385 0.02403846153846154 0.02403846153846154
0 0.6322115384615385 0.22355769230769232 0.02403846153846154 0.02403846153846154
0 0.2043269230769231 0.22355769230769232 0.02403846153846154 0.02403846153846154
0 0.040865384615384616 0.21634615384615385 0.02403846153846154 0.02403846153846154
0 0.6923076923076923 0.2139423076923077 0.02403846153846154 0.02403846153846154
0 0.07451923076923077 0.21153846153846156 0.02403846153846154 0.02403846153846154
0 0.8653846153846154 0.20192307692307693 0.02403846153846154 0.02403846153846154
0 0.13221153846153846 0.19230769230769232 0.02403846153846154 0.02403846153846154
0 0.5576923076923077 0.17548076923076925 0.02403846153846154 0.02403846153846154
0 0.10096153846153846 0.17548076923076925 0.02403846153846154 0.02403846153846154
0 0.0625 0.16826923076923078 0.02403846153846154 0.02403846153846154
0 0.03365384615384616 0.1514423076923077 0.02403846153846154 0.02403846153846154
0 0.23076923076923078 0.14903846153846154 0.02403846153846154 0.02403846153846154
0 0.6057692307692308 0.1466346153846154 0.02403846153846154 0.02403846153846154
0 0.07932692307692309 0.1466346153846154 0.02403846153846154 0.02403846153846154
0 0.17548076923076925 0.14182692307692307 0.02403846153846154 0.02403846153846154
0 0.8341346153846154 0.13942307692307693 0.02403846153846154 0.02403846153846154
0 0.5528846153846154 0.13221153846153846 0.02403846153846154 0.02403846153846154
0 0.4086538461538462 0.13701923076923078 0.02403846153846154 0.02403846153846154
0 0.4759615384615385 0.125 0.02403846153846154 0.02403846153846154
0 0.7235576923076924 0.10096153846153846 0.02403846153846154 0.02403846153846154
0 0.7524038461538461 0.09855769230769232 0.02403846153846154 0.02403846153846154
0 0.28605769230769235 0.09855769230769232 0.02403846153846154 0.02403846153846154
0 0.03605769230769231 0.09134615384615385 0.02403846153846154 0.02403846153846154
0 0.1466346153846154 0.0889423076923077 0.02403846153846154 0.02403846153846154
0 0.2139423076923077 0.07451923076923077 0.02403846153846154 0.02403846153846154
0 0.5384615384615385 0.06971153846153846 0.02403846153846154 0.02403846153846154
0 0.764423076923077 0.05528846153846154 0.02403846153846154 0.02403846153846154
0 0.9423076923076924 0.04567307692307693 0.02403846153846154 0.02403846153846154
0 0.4086538461538462 0.040865384615384616 0.02403846153846154 0.02403846153846154
0 0.8317307692307693 0.6754807692307693 0.02403846153846154 0.02403846153846154
0 0.9447115384615385 0.5432692307692308 0.02403846153846154 0.02403846153846154
0 0.8533653846153847 0.5360576923076923 0.02403846153846154 0.02403846153846154
0 0.7980769230769231 0.4567307692307693 0.02403846153846154 0.02403846153846154
0 0.8389423076923077 0.3605769230769231 0.02403846153846154 0.02403846153846154
0 0.7980769230769231 0.4182692307692308 0.02403846153846154 0.02403846153846154
0 0.8966346153846154 0.04807692307692308 0.02403846153846154 0.02403846153846154
0 0.7043269230769231 0.03605769230769231 0.02403846153846154 0.02403846153846154
0 0.8125 0.04807692307692308 0.02403846153846154 0.02403846153846154
0 0.5360576923076923 0.3389423076923077 0.02403846153846154 0.02403846153846154
0 0.608173076923077 0.4399038461538462 0.02403846153846154 0.02403846153846154
0 0.33653846153846156 0.3629807692307693 0.02403846153846154 0.02403846153846154
0 0.3341346153846154 0.5168269230769231 0.02403846153846154 0.02403846153846154
0 0.2956730769230769 0.5721153846153847 0.02403846153846154 0.02403846153846154
0 0.19951923076923078 0.46875 0.02403846153846154 0.02403846153846154
0 0.2620192307692308 0.42307692307692313 0.02403846153846154 0.02403846153846154
0 0.22115384615384617 0.34855769230769235 0.02403846153846154 0.02403846153846154
0 0.3076923076923077 0.2668269230769231 0.02403846153846154 0.02403846153846154
0 0.25240384615384615 0.24278846153846156 0.02403846153846154 0.02403846153846154
0 0.1466346153846154 0.2451923076923077 0.02403846153846154 0.02403846153846154
0 0.3581730769230769 0.18990384615384617 0.02403846153846154 0.02403846153846154
0 0.4951923076923077 0.09615384615384616 0.02403846153846154 0.02403846153846154
0 0.46634615384615385 0.09375 0.02403846153846154 0.02403846153846154
0 0.4519230769230769 0.04807692307692308 0.02403846153846154 0.02403846153846154
0 0.3125 0.19951923076923078 0.02403846153846154 0.02403846153846154
0 0.06730769230769232 0.576923076923077 0.02403846153846154 0.02403846153846154
0 0.22596153846153846 0.75 0.02403846153846154 0.02403846153846154
0 0.4903846153846154 0.7379807692307693 0.02403846153846154 0.02403846153846154
0 0.608173076923077 0.8125 0.02403846153846154 0.02403846153846154
0 0.3605769230769231 0.7668269230769231 0.02403846153846154 0.02403846153846154
0 0.19951923076923078 0.7475961538461539 0.02403846153846154 0.02403846153846154
0 0.11298076923076923 0.9158653846153847 0.02403846153846154 0.02403846153846154
0 0.02403846153846154 0.23076923076923078 0.02403846153846154 0.02403846153846154
0 0.18990384615384617 0.10096153846153846 0.02403846153846154 0.02403846153846154
0 0.14423076923076925 0.0625 0.02403846153846154 0.02403846153846154
0 0.5745192307692308 0.9471153846153847 0.02403846153846154 0.02403846153846154
0 0.5817307692307693 0.9278846153846154 0.02403846153846154 0.02403846153846154
