0 0.9615384615384616 0.9615384615384616 0.02403846153846154 0.02403846153846154
0 0.1778846153846154 0.9615384615384616 0.02403846153846154 0.02403846153846154
0 0.4711538461538462 0.9471153846153847 0.02403846153846154 0.02403846153846154
0 0.6995192307692308 0.9278846153846154 0.02403846153846154 0.02403846153846154
0 0.7235576923076924 0.920673076923077 0.02403846153846154 0.02403846153846154
0 0.5552884615384616 0.9086538461538463 0.02403846153846154 0.02403846153846154
0 0.3966346153846154 0.9038461538461539 0.02403846153846154 0.02403846153846154
0 0.4807692307692308 0.8918269230769231 0.02403846153846154 0.02403846153846154
0 0.49759615384615385 0.8846153846153847 0.02403846153846154 0.02403846153846154
0 0.18990384615384617 0.8485576923076924 0.02403846153846154 0.02403846153846154
0 0.3629807692307693 0.8365384615384616 0.02403846153846154 0.02403846153846154
0 0.6971153846153847 0.8341346153846154 0.02403846153846154 0.02403846153846154
0 0.7211538461538461 0.8317307692307693 0.02403846153846154 0.02403846153846154
0 0.65625 0.826923076923077 0.02403846153846154 0.02403846153846154
0 0.20192307692307693 0.8245192307692308 0.02403846153846154 0.02403846153846154
0 0.5889423076923077 0.8125 0.02403846153846154 0.02403846153846154
0 0.8822115384615385 0.7908653846153847 0.02403846153846154 0.02403846153846154
0 0.7908653846153847 0.7788461538461539 0.02403846153846154 0.02403846153846154
0 0.27403846153846156 0.7764423076923077 0.02403846153846154 0.02403846153846154
0 0.3125 0.7716346153846154 0.02403846153846154 0.02403846153846154
0 0.9278846153846154 0.7692307692307693 0.02403846153846154 0.02403846153846154
0 0.44230769230769235 0.7620192307692308 0.02403846153846154 0.02403846153846154
0 0.5504807692307693 0.7307692307692308 0.02403846153846154 0.02403846153846154
0 0.8413461538461539 0.7163461538461539 0.02403846153846154 0.02403846153846154
0 0.75 0.7139423076923077 0.02403846153846154 0.02403846153846154
0 0.7283653846153847 0.6802884615384616 0.02403846153846154 0.02403846153846154
0 0.3004807692307693 0.6802884615384616 0.02403846153846154 0.02403846153846154
0 0.08653846153846154 0.6850961538461539 0.02403846153846154 0.02403846153846154
0 0.13701923076923078 0.6730769230769231 0.02403846153846154 0.02403846153846154
0 0.7884615384615385 0.670673076923077 0.02403846153846154 0.02403846153846154
0 0.17067307692307693 0.6682692307692308 0.02403846153846154 0.02403846153846154
0 0.06730769230769232 0.6682692307692308 0.02403846153846154 0.02403846153846154
0 0.9615384615384616 0.6586538461538461 0.02403846153846154 0.02403846153846154
0 0.22836538461538464 0.6490384615384616 0.02403846153846154 0.02403846153846154
0 0.6538461538461539 0.6322115384615385 0.02403846153846154 0.02403846153846154
0 0.19711538461538464 0.6322115384615385 0.02403846153846154 0.02403846153846154
0 0.15865384615384617 0.625 0.02403846153846154 0.02403846153846154
0 0.12980769230769232 0.608173076923077 0.02403846153846154 0.02403846153846154
0 0.3269230769230769 0.6057692307692308 0.02403846153846154 0.02403846153846154
0 0.701923076923077 0.6033653846153847 0.02403846153846154 0.02403846153846154
0 0.17548076923076925 0.6033653846153847 0.02403846153846154 0.02403846153846154
0 0.2716346153846154 0.5985576923076923 0.02403846153846154 0.02403846153846154
0 0.9302884615384616 0.5961538461538461 0.02403846153846154 0.02403846153846154
0 0.6490384615384616 0.5889423076923077 0.02403846153846154 0.02403846153846154
0 0.5048076923076923 0.59375 0.02403846153846154 0.02403846153846154
0 0.5721153846153847 0.5817307692307693 0.02403846153846154 0.02403846153846154
0 0.8197115384615385 0.5576923076923077 0.02403846153846154 0.02403846153846154
0 0.8485576923076924 0.5552884615384616 0.02403846153846154 0.02403846153846154
0 0.3822115384615385 0.5552884615384616 0.02403846153846154 0.02403846153846154
0 0.13221153846153846 0.5480769230769231 0.02403846153846154 0.02403846153846154
0 0.24278846153846156 0.545673076923077 0.02403846153846154 0.02403846153846154
0 0.31009615384615385 0.53125 0.02403846153846154 0.02403846153846154
0 0.6346153846153847 0.5264423076923077 0.02403846153846154 0.02403846153846154
0 0.8605769230769231 0.5120192307692308 0.02403846153846154 0.02403846153846154
0 0.5048076923076923 0.49759615384615385 0.02403846153846154 0.02403846153846154
0 0.05528846153846154 0.4903846153846154 0.02403846153846154 0.02403846153846154
0 0.09855769230769232 0.4807692307692308 0.02403846153846154 0.02403846153846154
0 0.5913461538461539 0.46875 0.02403846153846154 0.02403846153846154
0 0.3341346153846154 0.4591346153846154 0.02403846153846154 0.02403846153846154
0 0.7716346153846154 0.45432692307692313 0.02403846153846154 0.02403846153846154
0 0.6682692307692308 0.4519230769230769 0.02403846153846154 0.02403846153846154
0 0.026442307692307696 0.4495192307692308 0.02403846153846154 0.02403846153846154
0 0.9567307692307693 0.4495192307692308 0.02403846153846154 0.02403846153846154
0 0.8245192307692308 0.44711538461538464 0.02403846153846154 0.02403846153846154
0 0.5408653846153847 0.44711538461538464 0.02403846153846154 0.02403846153846154
0 0.6730769230769231 0.42307692307692313 0.02403846153846154 0.02403846153846154
0 0.3389423076923077 0.4182692307692308 0.02403846153846154 0.02403846153846154
0 0.6995192307692308 0.4086538461538462 0.02403846153846154 0.02403846153846154
0 0.14182692307692307 0.40625 0.02403846153846154 0.02403846153846154
0 0.8653846153846154 0.40384615384615385 0.02403846153846154 0.02403846153846154
0 0.6370192307692308 0.3894230769230769 0.02403846153846154 0.02403846153846154
0 0.42307692307692313 0.37980769230769235 0.02403846153846154 0.02403846153846154
0 0.7043269230769231 0.37980769230769235 0.02403846153846154 0.02403846153846154
0 0.33653846153846156 0.3653846153846154 0.02403846153846154 0.02403846153846154
0 0.8293269230769231 0.35336538461538464 0.02403846153846154 0.02403846153846154
0 0.78125 0.3317307692307693 0.02403846153846154 0.02403846153846154
0 0.4591346153846154 0.3245192307692308 0.02403846153846154 0.02403846153846154
0 0.3389423076923077 0.3245192307692308 0.02403846153846154 0.02403846153846154
0 0.6129807692307693 0.3125 0.02403846153846154 0.02403846153846154
0 0.3125 0.3004807692307693 0.02403846153846154 0.02403846153846154
0 0.22596153846153846 0.3028846153846154 0.02403846153846154 0.02403846153846154
0 0.9423076923076924 0.28125 0.02403846153846154 0.02403846153846154
0 0.3701923076923077 0.27403846153846156 0.02403846153846154 0.02403846153846154
0 0.9495192307692308 0.2620192307692308 0.02403846153846154 0.02403846153846154
0 0.2451923076923077 0.25 0.02403846153846154 0.02403846153846154
0 0.5024038461538461 0.24759615384615385 0.02403846153846154 0.02403846153846154
0 0.40625 0.2451923076923077 0.02403846153846154 0.02403846153846154
0 0.7620192307692308 0.23798076923076925 0.02403846153846154 0.02403846153846154
0 0.4254807692307693 0.23076923076923078 0.02403846153846154 0.02403846153846154
0 0.22355769230769232 0.21634615384615385 0.02403846153846154 0.02403846153846154
0 0.6971153846153847 0.19951923076923078 0.02403846153846154 0.02403846153846154
0 0.3557692307692308 0.19471153846153846 0.02403846153846154 0.02403846153846154
0 0.20673076923076925 0.16586538461538464 0.02403846153846154 0.02403846153846154
0 0.24759615384615385 0.1514423076923077 0.02403846153846154 0.02403846153846154
0 0.514423076923077 0.14423076923076925 0.02403846153846154 0.02403846153846154
0 0.4831730769230769 0.13221153846153846 0.02403846153846154 0.02403846153846154
0 0.8846153846153847 0.12980769230769232 0.02403846153846154 0.02403846153846154
0 0.8701923076923077 0.1201923076923077 0.02403846153846154 0.02403846153846154
0 0.3629807692307693 0.09615384615384616 0.02403846153846154 0.02403846153846154
0 0.8677884615384616 0.07451923076923077 0.02403846153846154 0.02403846153846154
0 0.6899038461538461 0.0625 0.02403846153846154 0.02403846153846154
0 0.46875 0.06009615384615385 0.02403846153846154 0.02403846153846154
0 0.8485576923076924 0.057692307692307696 0.02403846153846154 0.02403846153846154
0 0.5408653846153847 0.05528846153846154 0.02403846153846154 0.02403846153846154
0 0.2091346153846154 0.040865384615384616 0.02403846153846154 0.02403846153846154
0 0.6610576923076923 0.026442307692307696 0.02403846153846154 0.02403846153846154
0 0.17307692307692307 0.026442307692307696 0.02403846153846154 0.02403846153846154
0 0.41105769230769235 0.040865384615384616 0.02403846153846154 0.02403846153846154
0 0.9326923076923077 0.026442307692307696 0.02403846153846154 0.02403846153846154
0 0.7475961538461539 0.14903846153846154 0.02403846153846154 0.02403846153846154
0 0.670673076923077 0.10336538461538462 0.02403846153846154 0.02403846153846154
0 0.608173076923077 0.16105769230769232 0.02403846153846154 0.02403846153846154
0 0.5961538461538461 0.25240384615384615 0.02403846153846154 0.02403846153846154
0 0.5264423076923077 0.3389423076923077 0.02403846153846154 0.02403846153846154
0 0.8870192307692308 0.2043269230769231 0.02403846153846154 0.02403846153846154
0 0.889423076923077 0.2403846153846154 0.02403846153846154 0.02403846153846154
0 0.9038461538461539 0.3197115384615385 0.02403846153846154 0.02403846153846154
0 0.8605769230769231 0.3605769230769231 0.02403846153846154 0.02403846153846154
0 0.8197115384615385 0.2980769230769231 0.02403846153846154 0.02403846153846154
0 0.8942307692307693 0.9134615384615385 0.02403846153846154 0.02403846153846154
0 0.9350961538461539 0.8173076923076924 0.02403846153846154 0.02403846153846154
0 0.8942307692307693 0.875 0.02403846153846154 0.02403846153846154
0 0.8004807692307693 0.49278846153846156 0.02403846153846154 0.02403846153846154
0 0.9086538461538463 0.5048076923076923 0.02403846153846154 0.02403846153846154
0 0.6322115384615385 0.795673076923077 0.02403846153846154 0.02403846153846154
0 0.7043269230769231 0.8966346153846154 0.02403846153846154 0.02403846153846154
0 0.4326923076923077 0.8197115384615385 0.02403846153846154 0.02403846153846154
0 0.2956730769230769 0.9254807692307693 0.02403846153846154 0.02403846153846154
0 0.3581730769230769 0.8798076923076924 0.02403846153846154 0.02403846153846154
0 0.31730769230769235 0.8052884615384616 0.02403846153846154 0.02403846153846154
0 0.40384615384615385 0.7235576923076924 0.02403846153846154 0.02403846153846154
0 0.34855769230769235 0.6995192307692308 0.02403846153846154 0.02403846153846154
0 0.24278846153846156 0.701923076923077 0.02403846153846154 0.02403846153846154
0 0.45432692307692313 0.6466346153846154 0.02403846153846154 0.02403846153846154
0 0.5913461538461539 0.5528846153846154 0.02403846153846154 0.02403846153846154
0 0.5625 0.5504807692307693 0.02403846153846154 0.02403846153846154
0 0.5480769230769231 0.5048076923076923 0.02403846153846154 0.02403846153846154
0 0.4086538461538462 0.65625 0.02403846153846154 0.02403846153846154
0 0.11057692307692309 0.8605769230769231 0.02403846153846154 0.02403846153846154
0 0.09855769230769232 0.8173076923076924 0.02403846153846154 0.02403846153846154
0 0.07451923076923077 0.7788461538461539 0.02403846153846154 0.02403846153846154
0 0.10096153846153846 0.7740384615384616 0.02403846153846154 0.02403846153846154
0 0.1201923076923077 0.6875 0.02403846153846154 0.02403846153846154
0 0.4951923076923077 0.43509615384615385 0.02403846153846154 0.02403846153846154
0 0.4278846153846154 0.3605769230769231 0.02403846153846154 0.02403846153846154
0 0.3870192307692308 0.4447115384615385 0.02403846153846154 0.02403846153846154
0 0.3269230769230769 0.37980769230769235 0.02403846153846154 0.02403846153846154
0 0.28605769230769235 0.5576923076923077 0.02403846153846154 0.02403846153846154
0 0.2403846153846154 0.5192307692307693 0.02403846153846154 0.02403846153846154
0 0.11057692307692309 0.4903846153846154 0.02403846153846154 0.02403846153846154
0 0.125 0.4495192307692308 0.02403846153846154 0.02403846153846154
0 0.021634615384615384 0.5480769230769231 0.02403846153846154 0.02403846153846154
0 0.13221153846153846 0.34134615384615385 0.02403846153846154 0.02403846153846154
0 0.14903846153846154 0.16105769230769232 0.02403846153846154 0.02403846153846154
0 0.3942307692307693 0.10817307692307693 0.02403846153846154 0.02403846153846154
0 0.08413461538461539 0.16346153846153846 0.02403846153846154 0.02403846153846154
0 0.04326923076923077 0.22115384615384617 0.02403846153846154 0.02403846153846154
0 0.021634615384615384 0.34134615384615385 0.02403846153846154 0.02403846153846154
0 0.04567307692307693 0.3004807692307693 0.02403846153846154 0.02403846153846154
