0 0.7235576923076924 0.9567307692307693 0.02403846153846154 0.02403846153846154
0 0.7596153846153847 0.90625 0.02403846153846154 0.02403846153846154
0 0.18509615384615385 0.8990384615384616 0.02403846153846154 0.02403846153846154
0 0.4519230769230769 0.8100961538461539 0.02403846153846154 0.02403846153846154
0 0.65625 0.7884615384615385 0.02403846153846154 0.02403846153846154
0 0.9134615384615385 0.7692307692307693 0.02403846153846154 0.02403846153846154
0 0.03605769230769231 0.7620192307692308 0.02403846153846154 0.02403846153846154
0 0.27403846153846156 0.7596153846153847 0.02403846153846154 0.02403846153846154
0 0.5264423076923077 0.6995192307692308 0.02403846153846154 0.02403846153846154
0 0.20192307692307693 0.6850961538461539 0.02403846153846154 0.02403846153846154
0 0.11298076923076923 0.6754807692307693 0.02403846153846154 0.02403846153846154
0 0.6971153846153847 0.6466346153846154 0.02403846153846154 0.02403846153846154
0 0.8653846153846154 0.6105769230769231 0.02403846153846154 0.02403846153846154
0 0.3389423076923077 0.6057692307692308 0.02403846153846154 0.02403846153846154
0 0.9278846153846154 0.6033653846153847 0.02403846153846154 0.02403846153846154
0 0.5216346153846154 0.576923076923077 0.02403846153846154 0.02403846153846154
0 0.34134615384615385 0.5600961538461539 0.02403846153846154 0.02403846153846154
0 0.4519230769230769 0.5336538461538461 0.02403846153846154 0.02403846153846154
0 0.9014423076923077 0.5120192307692308 0.02403846153846154 0.02403846153846154
0 0.8461538461538463 0.5 0.02403846153846154 0.02403846153846154
0 0.0625 0.5 0.02403846153846154 0.02403846153846154
0 0.3557692307692308 0.48557692307692313 0.02403846153846154 0.02403846153846154
0 0.5841346153846154 0.46634615384615385 0.02403846153846154 0.02403846153846154
0 0.608173076923077 0.4591346153846154 0.02403846153846154 0.02403846153846154
0 0.4399038461538462 0.44711538461538464 0.02403846153846154 0.02403846153846154
0 0.28125 0.44230769230769235 0.02403846153846154 0.02403846153846154
0 0.3653846153846154 0.43028846153846156 0.02403846153846154 0.02403846153846154
0 0.3822115384615385 0.42307692307692313 0.02403846153846154 0.02403846153846154
0 0.07451923076923077 0.3870192307692308 0.02403846153846154 0.02403846153846154
0 0.24759615384615385 0.375 0.02403846153846154 0.02403846153846154
0 0.5817307692307693 0.37259615384615385 0.02403846153846154 0.02403846153846154
0 0.6057692307692308 0.3701923076923077 0.02403846153846154 0.02403846153846154
0 0.5408653846153847 0.3653846153846154 0.02403846153846154 0.02403846153846154
0 0.08653846153846154 0.3629807692307693 0.02403846153846154 0.02403846153846154
0 0.47355769230769235 0.3509615384615385 0.02403846153846154 0.02403846153846154
0 0.7668269230769231 0.3293269230769231 0.02403846153846154 0.02403846153846154
0 0.6754807692307693 0.31730769230769235 0.02403846153846154 0.02403846153846154
0 0.15865384615384617 0.31490384615384615 0.02403846153846154 0.02403846153846154
0 0.19711538461538464 0.31009615384615385 0.02403846153846154 0.02403846153846154
0 0.8125 0.3076923076923077 0.02403846153846154 0.02403846153846154
0 0.3269230769230769 0.3004807692307693 0.02403846153846154 0.02403846153846154
0 0.43509615384615385 0.2692307692307693 0.02403846153846154 0.02403846153846154
0 0.7259615384615385 0.25480769230769235 0.02403846153846154 0.02403846153846154
0 0.6346153846153847 0.25240384615384615 0.02403846153846154 0.02403846153846154
0 0.6129807692307693 0.21875 0.02403846153846154 0.02403846153846154
0 0.18509615384615385 0.21875 0.02403846153846154 0.02403846153846154
0 0.6730769230769231 0.2091346153846154 0.02403846153846154 0.02403846153846154
0 0.05528846153846154 0.20673076923076925 0.02403846153846154 0.02403846153846154
0 0.8461538461538463 0.19711538461538464 0.02403846153846154 0.02403846153846154
0 0.11298076923076923 0.1875 0.02403846153846154 0.02403846153846154
0 0.5384615384615385 0.17067307692307693 0.02403846153846154 0.02403846153846154
0 0.08173076923076923 0.17067307692307693 0.02403846153846154 0.02403846153846154
0 0.04326923076923077 0.16346153846153846 0.02403846153846154 0.02403846153846154
0 0.21153846153846156 0.14423076923076925 0.02403846153846154 0.02403846153846154
0 0.5865384615384616 0.14182692307692307 0.02403846153846154 0.02403846153846154
0 0.06009615384615385 0.14182692307692307 0.02403846153846154 0.02403846153846154
0 0.15625 0.13701923076923078 0.02403846153846154 0.02403846153846154
0 0.8149038461538461 0.13461538461538464 0.02403846153846154 0.02403846153846154
0 0.5336538461538461 0.12740384615384617 0.02403846153846154 0.02403846153846154
0 0.3894230769230769 0.13221153846153846 0.02403846153846154 0.02403846153846154
0 0.4567307692307693 0.1201923076923077 0.02403846153846154 0.02403846153846154
0 0.7043269230769231 0.09615384615384616 0.02403846153846154 0.02403846153846154
0 0.733173076923077 0.09375 0.02403846153846154 0.02403846153846154
0 0.2668269230769231 0.09375 0.02403846153846154 0.02403846153846154
0 0.12740384615384617 0.08413461538461539 0.02403846153846154 0.02403846153846154
0 0.19471153846153846 0.06971153846153846 0.02403846153846154 0.02403846153846154
0 0.5192307692307693 0.06490384615384616 0.02403846153846154 0.02403846153846154
0 0.7451923076923077 0.05048076923076923 0.02403846153846154 0.02403846153846154
0 0.9230769230769231 0.040865384615384616 0.02403846153846154 0.02403846153846154
0 0.3894230769230769 0.03605769230769231 0.02403846153846154 0.02403846153846154
0 0.8125 0.670673076923077 0.02403846153846154 0.02403846153846154
0 0.9254807692307693 0.5384615384615385 0.02403846153846154 0.02403846153846154
0 0.8341346153846154 0.53125 0.02403846153846154 0.02403846153846154
0 0.7788461538461539 0.4519230769230769 0.02403846153846154 0.02403846153846154
0 0.8197115384615385 0.3557692307692308 0.02403846153846154 0.02403846153846154
0 0.7788461538461539 0.4134615384615385 0.02403846153846154 0.02403846153846154
0 0.8774038461538463 0.04326923076923077 0.02403846153846154 0.02403846153846154
0 0.6850961538461539 0.03125 0.02403846153846154 0.02403846153846154
0 0.7932692307692308 0.04326923076923077 0.02403846153846154 0.02403846153846154
0 0.5168269230769231 0.3341346153846154 0.02403846153846154 0.02403846153846154
0 0.5889423076923077 0.43509615384615385 0.02403846153846154 0.02403846153846154
0 0.31730769230769235 0.3581730769230769 0.02403846153846154 0.02403846153846154
0 0.31490384615384615 0.5120192307692308 0.02403846153846154 0.02403846153846154
0 0.2764423076923077 0.5673076923076923 0.02403846153846154 0.02403846153846154
0 0.18028846153846154 0.4639423076923077 0.02403846153846154 0.02403846153846154
0 0.24278846153846156 0.4182692307692308 0.02403846153846154 0.02403846153846154
0 0.20192307692307693 0.34375 0.02403846153846154 0.02403846153846154
0 0.2884615384615385 0.2620192307692308 0.02403846153846154 0.02403846153846154
0 0.23317307692307693 0.23798076923076925 0.02403846153846154 0.02403846153846154
0 0.12740384615384617 0.2403846153846154 0.02403846153846154 0.02403846153846154
0 0.3389423076923077 0.18509615384615385 0.02403846153846154 0.02403846153846154
0 0.4759615384615385 0.09134615384615385 0.02403846153846154 0.02403846153846154
0 0.44711538461538464 0.0889423076923077 0.02403846153846154 0.02403846153846154
0 0.4326923076923077 0.04326923076923077 0.02403846153846154 0.02403846153846154
0 0.2932692307692308 0.19471153846153846 0.02403846153846154 0.02403846153846154
0 0.04807692307692308 0.5721153846153847 0.02403846153846154 0.02403846153846154
0 0.20673076923076925 0.7451923076923077 0.02403846153846154 0.02403846153846154
0 0.4711538461538462 0.733173076923077 0.02403846153846154 0.02403846153846154
0 0.5889423076923077 0.8076923076923077 0.02403846153846154 0.02403846153846154
0 0.34134615384615385 0.7620192307692308 0.02403846153846154 0.02403846153846154
0 0.18028846153846154 0.7427884615384616 0.02403846153846154 0.02403846153846154
0 0.09375 0.9110576923076924 0.02403846153846154 0.02403846153846154
0 0.17067307692307693 0.09615384615384616 0.02403846153846154 0.02403846153846154
0 0.125 0.057692307692307696 0.02403846153846154 0.02403846153846154
0 0.5552884615384616 0.9423076923076924 0.02403846153846154 0.02403846153846154
0 0.5625 0.9230769230769231 0.02403846153846154 0.02403846153846154
