0 0.608173076923077 0.9663461538461539 0.02403846153846154 0.02403846153846154
0 0.6586538461538461 0.9543269230769231 0.02403846153846154 0.02403846153846154
0 0.7115384615384616 0.9495192307692308 0.02403846153846154 0.02403846153846154
0 0.3581730769230769 0.9230769230769231 0.02403846153846154 0.02403846153846154
0 0.28605769230769235 0.920673076923077 0.02403846153846154 0.02403846153846154
0 0.23076923076923078 0.9086538461538463 0.02403846153846154 0.02403846153846154
0 0.46875 0.8918269230769231 0.02403846153846154 0.02403846153846154
0 0.8317307692307693 0.8605769230769231 0.02403846153846154 0.02403846153846154
0 0.5192307692307693 0.8605769230769231 0.02403846153846154 0.02403846153846154
0 0.5889423076923077 0.8293269230769231 0.02403846153846154 0.02403846153846154
0 0.6875 0.8221153846153847 0.02403846153846154 0.02403846153846154
0 0.5072115384615384 0.7908653846153847 0.02403846153846154 0.02403846153846154
0 0.6514423076923077 0.7596153846153847 0.02403846153846154 0.02403846153846154
0 0.5408653846153847 0.7548076923076924 0.02403846153846154 0.02403846153846154
0 0.1514423076923077 0.7379807692307693 0.02403846153846154 0.02403846153846154
0 0.42307692307692313 0.7355769230769231 0.02403846153846154 0.02403846153846154
0 0.06009615384615385 0.7259615384615385 0.02403846153846154 0.02403846153846154
0 0.19711538461538464 0.7163461538461539 0.02403846153846154 0.02403846153846154
0 0.9278846153846154 0.6971153846153847 0.02403846153846154 0.02403846153846154
0 0.5817307692307693 0.6634615384615385 0.02403846153846154 0.02403846153846154
0 0.11057692307692309 0.6634615384615385 0.02403846153846154 0.02403846153846154
0 0.47836538461538464 0.6610576923076923 0.02403846153846154 0.02403846153846154
0 0.5552884615384616 0.6538461538461539 0.02403846153846154 0.02403846153846154
0 0.6850961538461539 0.6466346153846154 0.02403846153846154 0.02403846153846154
0 0.545673076923077 0.625 0.02403846153846154 0.02403846153846154
0 0.057692307692307696 0.6177884615384616 0.02403846153846154 0.02403846153846154
0 0.42307692307692313 0.6057692307692308 0.02403846153846154 0.02403846153846154
0 0.23076923076923078 0.6057692307692308 0.02403846153846154 0.02403846153846154
0 0.44230769230769235 0.5865384615384616 0.02403846153846154 0.02403846153846154
0 0.47355769230769235 0.576923076923077 0.02403846153846154 0.02403846153846154
0 0.5649038461538461 0.5600961538461539 0.02403846153846154 0.02403846153846154
0 0.19951923076923078 0.5432692307692308 0.02403846153846154 0.02403846153846154
0 0.0889423076923077 0.5048076923076923 0.02403846153846154 0.02403846153846154
0 0.11778846153846155 0.5024038461538461 0.02403846153846154 0.02403846153846154
0 0.8942307692307693 0.49278846153846156 0.02403846153846154 0.02403846153846154
0 0.576923076923077 0.4903846153846154 0.02403846153846154 0.02403846153846154
0 0.4254807692307693 0.4879807692307693 0.02403846153846154 0.02403846153846154
0 0.545673076923077 0.4639423076923077 0.02403846153846154 0.02403846153846154
0 0.12980769230769232 0.4591346153846154 0.02403846153846154 0.02403846153846154
0 0.3076923076923077 0.4495192307692308 0.02403846153846154 0.02403846153846154
0 0.5625 0.4447115384615385 0.02403846153846154 0.02403846153846154
0 0.7043269230769231 0.42307692307692313 0.02403846153846154 0.02403846153846154
0 0.7668269230769231 0.41586538461538464 0.02403846153846154 0.02403846153846154
0 0.040865384615384616 0.4014423076923077 0.02403846153846154 0.02403846153846154
0 0.7572115384615385 0.39903846153846156 0.02403846153846154 0.02403846153846154
0 0.6298076923076923 0.40625 0.02403846153846154 0.02403846153846154
0 0.22596153846153846 0.3966346153846154 0.02403846153846154 0.02403846153846154
0 0.09375 0.3942307692307693 0.02403846153846154 0.02403846153846154
0 0.5336538461538461 0.3894230769230769 0.02403846153846154 0.02403846153846154
0 0.53125 0.35336538461538464 0.02403846153846154 0.02403846153846154
0 0.13461538461538464 0.3509615384615385 0.02403846153846154 0.02403846153846154
0 0.2764423076923077 0.34855769230769235 0.02403846153846154 0.02403846153846154
0 0.36778846153846156 0.34375 0.02403846153846154 0.02403846153846154
0 0.4807692307692308 0.3293269230769231 0.02403846153846154 0.02403846153846154
0 0.6418269230769231 0.3269230769230769 0.02403846153846154 0.02403846153846154
0 0.4326923076923077 0.30528846153846156 0.02403846153846154 0.02403846153846154
0 0.5264423076923077 0.3004807692307693 0.02403846153846154 0.02403846153846154
0 0.45432692307692313 0.3028846153846154 0.02403846153846154 0.02403846153846154
0 0.09855769230769232 0.3004807692307693 0.02403846153846154 0.02403846153846154
0 0.7211538461538461 0.28125 0.02403846153846154 0.02403846153846154
0 0.05048076923076923 0.27884615384615385 0.02403846153846154 0.02403846153846154
0 0.2572115384615385 0.2620192307692308 0.02403846153846154 0.02403846153846154
0 0.6033653846153847 0.2572115384615385 0.02403846153846154 0.02403846153846154
0 0.21153846153846156 0.22836538461538464 0.02403846153846154 0.02403846153846154
0 0.8100961538461539 0.21634615384615385 0.02403846153846154 0.02403846153846154
0 0.21875 0.2091346153846154 0.02403846153846154 0.02403846153846154
0 0.34855769230769235 0.20673076923076925 0.02403846153846154 0.02403846153846154
0 0.90625 0.19711538461538464 0.02403846153846154 0.02403846153846154
0 0.3822115384615385 0.18509615384615385 0.02403846153846154 0.02403846153846154
0 0.03125 0.18509615384615385 0.02403846153846154 0.02403846153846154
0 0.3269230769230769 0.17067307692307693 0.02403846153846154 0.02403846153846154
0 0.6105769230769231 0.16105769230769232 0.02403846153846154 0.02403846153846154
0 0.34615384615384615 0.1466346153846154 0.02403846153846154 0.02403846153846154
0 0.6105769230769231 0.13461538461538464 0.02403846153846154 0.02403846153846154
0 0.7427884615384616 0.1201923076923077 0.02403846153846154 0.02403846153846154
0 0.6875 0.125 0.02403846153846154 0.02403846153846154
0 0.8990384615384616 0.10576923076923078 0.02403846153846154 0.02403846153846154
0 0.45432692307692313 0.10096153846153846 0.02403846153846154 0.02403846153846154
0 0.3894230769230769 0.10096153846153846 0.02403846153846154 0.02403846153846154
0 0.5576923076923077 0.08653846153846154 0.02403846153846154 0.02403846153846154
0 0.15384615384615385 0.07692307692307693 0.02403846153846154 0.02403846153846154
0 0.13942307692307693 0.06730769230769232 0.02403846153846154 0.02403846153846154
0 0.6923076923076923 0.06009615384615385 0.02403846153846154 0.02403846153846154
0 0.9038461538461539 0.057692307692307696 0.02403846153846154 0.02403846153846154
0 0.7283653846153847 0.05288461538461539 0.02403846153846154 0.02403846153846154
0 0.3197115384615385 0.05288461538461539 0.02403846153846154 0.02403846153846154
0 0.8629807692307693 0.040865384615384616 0.02403846153846154 0.02403846153846154
0 0.6634615384615385 0.02403846153846154 0.02403846153846154 0.02403846153846154
0 0.15625 0.1514423076923077 0.02403846153846154 0.02403846153846154
0 0.15865384615384617 0.1875 0.02403846153846154 0.02403846153846154
0 0.17307692307692307 0.2668269230769231 0.02403846153846154 0.02403846153846154
0 0.12980769230769232 0.3076923076923077 0.02403846153846154 0.02403846153846154
0 0.0889423076923077 0.2451923076923077 0.02403846153846154 0.02403846153846154
0 0.2932692307692308 0.2139423076923077 0.02403846153846154 0.02403846153846154
0 0.3245192307692308 0.27884615384615385 0.02403846153846154 0.02403846153846154
0 0.36778846153846156 0.28605769230769235 0.02403846153846154 0.02403846153846154
0 0.3966346153846154 0.2692307692307693 0.02403846153846154 0.02403846153846154
0 0.28125 0.13221153846153846 0.02403846153846154 0.02403846153846154
0 0.5192307692307693 0.10336538461538462 0.02403846153846154 0.02403846153846154
0 0.7259615384615385 0.07692307692307693 0.02403846153846154 0.02403846153846154
0 0.71875 0.03125 0.02403846153846154 0.02403846153846154
0 0.6610576923076923 0.07211538461538462 0.02403846153846154 0.02403846153846154
0 0.6466346153846154 0.17067307692307693 0.02403846153846154 0.02403846153846154
0 0.7668269230769231 0.24278846153846156 0.02403846153846154 0.02403846153846154
0 0.8485576923076924 0.1826923076923077 0.02403846153846154 0.02403846153846154
0 0.8822115384615385 0.03365384615384616 0.02403846153846154 0.02403846153846154
0 0.9615384615384616 0.19230769230769232 0.02403846153846154 0.02403846153846154
0 0.9423076923076924 0.21153846153846156 0.02403846153846154 0.02403846153846154
0 0.8822115384615385 0.32211538461538464 0.02403846153846154 0.02403846153846154
0 0.9014423076923077 0.4206730769230769 0.02403846153846154 0.02403846153846154
0 0.8485576923076924 0.4014423076923077 0.02403846153846154 0.02403846153846154
0 0.6418269230769231 0.46875 0.02403846153846154 0.02403846153846154
0 0.5961538461538461 0.3701923076923077 0.02403846153846154 0.02403846153846154
0 0.5504807692307693 0.4326923076923077 0.02403846153846154 0.02403846153846154
0 0.4951923076923077 0.46634615384615385 0.02403846153846154 0.02403846153846154
0 0.4759615384615385 0.3918269230769231 0.02403846153846154 0.02403846153846154
0 0.5264423076923077 0.3701923076923077 0.02403846153846154 0.02403846153846154
0 0.4254807692307693 0.1778846153846154 0.02403846153846154 0.02403846153846154
0 0.34855769230769235 0.16586538461538464 0.02403846153846154 0.02403846153846154
0 0.9663461538461539 0.764423076923077 0.02403846153846154 0.02403846153846154
0 0.8846153846153847 0.71875 0.02403846153846154 0.02403846153846154
0 0.9230769230769231 0.8293269230769231 0.02403846153846154 0.02403846153846154
0 0.8822115384615385 0.8509615384615385 0.02403846153846154 0.02403846153846154
0 0.8293269230769231 0.8100961538461539 0.02403846153846154 0.02403846153846154
0 0.8125 0.9278846153846154 0.02403846153846154 0.02403846153846154
0 0.7716346153846154 0.9495192307692308 0.02403846153846154 0.02403846153846154
0 0.7259615384615385 0.9110576923076924 0.02403846153846154 0.02403846153846154
0 0.7043269230769231 0.8846153846153847 0.02403846153846154 0.02403846153846154
0 0.7211538461538461 0.8293269230769231 0.02403846153846154 0.02403846153846154
0 0.7403846153846154 0.8004807692307693 0.02403846153846154 0.02403846153846154
0 0.7379807692307693 0.7475961538461539 0.02403846153846154 0.02403846153846154
0 0.7524038461538461 0.7043269230769231 0.02403846153846154 0.02403846153846154
0 0.6971153846153847 0.6995192307692308 0.02403846153846154 0.02403846153846154
0 0.7259615384615385 0.6514423076923077 0.02403846153846154 0.02403846153846154
0 0.7788461538461539 0.6057692307692308 0.02403846153846154 0.02403846153846154
0 0.5913461538461539 0.9326923076923077 0.02403846153846154 0.02403846153846154
0 0.5528846153846154 0.9711538461538463 0.02403846153846154 0.02403846153846154
0 0.31009615384615385 0.9471153846153847 0.02403846153846154 0.02403846153846154
0 0.21875 0.9399038461538463 0.02403846153846154 0.02403846153846154
0 0.16346153846153846 0.8605769230769231 0.02403846153846154 0.02403846153846154
0 0.2043269230769231 0.764423076923077 0.02403846153846154 0.02403846153846154
0 0.16346153846153846 0.8221153846153847 0.02403846153846154 0.02403846153846154
0 0.3822115384615385 0.59375 0.02403846153846154 0.02403846153846154
0 0.2620192307692308 0.4519230769230769 0.02403846153846154 0.02403846153846154
0 0.4182692307692308 0.5072115384615384 0.02403846153846154 0.02403846153846154
0 0.06971153846153846 0.4399038461538462 0.02403846153846154 0.02403846153846154
0 0.1778846153846154 0.4519230769230769 0.02403846153846154 0.02403846153846154
