0 0.6923076923076923 0.9375 0.02403846153846154 0.02403846153846154
0 0.8774038461538463 0.9182692307692308 0.02403846153846154 0.02403846153846154
0 0.9134615384615385 0.8677884615384616 0.02403846153846154 0.02403846153846154
0 0.3389423076923077 0.8605769230769231 0.02403846153846154 0.02403846153846154
0 0.6057692307692308 0.7716346153846154 0.02403846153846154 0.02403846153846154
0 0.8100961538461539 0.75 0.02403846153846154 0.02403846153846154
0 0.18990384615384617 0.7235576923076924 0.02403846153846154 0.02403846153846154
0 0.4278846153846154 0.7211538461538461 0.02403846153846154 0.02403846153846154
0 0.11778846153846155 0.6682692307692308 0.02403846153846154 0.02403846153846154
0 0.6802884615384616 0.6610576923076923 0.02403846153846154 0.02403846153846154
0 0.3557692307692308 0.6466346153846154 0.02403846153846154 0.02403846153846154
0 0.2668269230769231 0.6370192307692308 0.02403846153846154 0.02403846153846154
0 0.8509615384615385 0.608173076923077 0.02403846153846154 0.02403846153846154
0 0.49278846153846156 0.5673076923076923 0.02403846153846154 0.02403846153846154
0 0.6754807692307693 0.5384615384615385 0.02403846153846154 0.02403846153846154
0 0.4951923076923077 0.5216346153846154 0.02403846153846154 0.02403846153846154
0 0.6057692307692308 0.4951923076923077 0.02403846153846154 0.02403846153846154
0 0.21634615384615385 0.46153846153846156 0.02403846153846154 0.02403846153846154
0 0.5096153846153847 0.44711538461538464 0.02403846153846154 0.02403846153846154
0 0.7379807692307693 0.4278846153846154 0.02403846153846154 0.02403846153846154
0 0.7620192307692308 0.4206730769230769 0.02403846153846154 0.02403846153846154
0 0.59375 0.4086538461538462 0.02403846153846154 0.02403846153846154
0 0.43509615384615385 0.40384615384615385 0.02403846153846154 0.02403846153846154
0 0.5192307692307693 0.3918269230769231 0.02403846153846154 0.02403846153846154
0 0.5360576923076923 0.38461538461538464 0.02403846153846154 0.02403846153846154
0 0.22836538461538464 0.34855769230769235 0.02403846153846154 0.02403846153846154
0 0.4014423076923077 0.33653846153846156 0.02403846153846154 0.02403846153846154
0 0.7355769230769231 0.3341346153846154 0.02403846153846154 0.02403846153846154
0 0.7596153846153847 0.3317307692307693 0.02403846153846154 0.02403846153846154
0 0.6947115384615385 0.3269230769230769 0.02403846153846154 0.02403846153846154
0 0.2403846153846154 0.3245192307692308 0.02403846153846154 0.02403846153846154
0 0.6274038461538461 0.3125 0.02403846153846154 0.02403846153846154
0 0.920673076923077 0.29086538461538464 0.02403846153846154 0.02403846153846154
0 0.8293269230769231 0.27884615384615385 0.02403846153846154 0.02403846153846154
0 0.3125 0.2764423076923077 0.02403846153846154 0.02403846153846154
0 0.3509615384615385 0.2716346153846154 0.02403846153846154 0.02403846153846154
0 0.9663461538461539 0.2692307692307693 0.02403846153846154 0.02403846153846154
0 0.4807692307692308 0.2620192307692308 0.02403846153846154 0.02403846153846154
0 0.5889423076923077 0.23076923076923078 0.02403846153846154 0.02403846153846154
0 0.8798076923076924 0.21634615384615385 0.02403846153846154 0.02403846153846154
0 0.7884615384615385 0.2139423076923077 0.02403846153846154 0.02403846153846154
0 0.7668269230769231 0.18028846153846154 0.02403846153846154 0.02403846153846154
0 0.3389423076923077 0.18028846153846154 0.02403846153846154 0.02403846153846154
0 0.125 0.18509615384615385 0.02403846153846154 0.02403846153846154
0 0.17548076923076925 0.17307692307692307 0.02403846153846154 0.02403846153846154
0 0.826923076923077 0.17067307692307693 0.02403846153846154 0.02403846153846154
0 0.2091346153846154 0.16826923076923078 0.02403846153846154 0.02403846153846154
0 0.10576923076923078 0.16826923076923078 0.02403846153846154 0.02403846153846154
0 0.2668269230769231 0.14903846153846154 0.02403846153846154 0.02403846153846154
0 0.6923076923076923 0.13221153846153846 0.02403846153846154 0.02403846153846154
0 0.2355769230769231 0.13221153846153846 0.02403846153846154 0.02403846153846154
0 0.19711538461538464 0.125 0.02403846153846154 0.02403846153846154
0 0.16826923076923078 0.10817307692307693 0.02403846153846154 0.02403846153846154
0 0.3653846153846154 0.10576923076923078 0.02403846153846154 0.02403846153846154
0 0.7403846153846154 0.10336538461538462 0.02403846153846154 0.02403846153846154
0 0.2139423076923077 0.10336538461538462 0.02403846153846154 0.02403846153846154
0 0.31009615384615385 0.09855769230769232 0.02403846153846154 0.02403846153846154
0 0.96875 0.09615384615384616 0.02403846153846154 0.02403846153846154
0 0.6875 0.0889423076923077 0.02403846153846154 0.02403846153846154
0 0.5432692307692308 0.09375 0.02403846153846154 0.02403846153846154
0 0.6105769230769231 0.08173076923076923 0.02403846153846154 0.02403846153846154
0 0.858173076923077 0.057692307692307696 0.02403846153846154 0.02403846153846154
0 0.8870192307692308 0.05528846153846154 0.02403846153846154 0.02403846153846154
0 0.4206730769230769 0.05528846153846154 0.02403846153846154 0.02403846153846154
0 0.17067307692307693 0.04807692307692308 0.02403846153846154 0.02403846153846154
0 0.28125 0.04567307692307693 0.02403846153846154 0.02403846153846154
0 0.34855769230769235 0.03125 0.02403846153846154 0.02403846153846154
0 0.6730769230769231 0.026442307692307696 0.02403846153846154 0.02403846153846154
0 0.9663461538461539 0.6322115384615385 0.02403846153846154 0.02403846153846154
0 0.9326923076923077 0.4134615384615385 0.02403846153846154 0.02403846153846154
0 0.9326923076923077 0.375 0.02403846153846154 0.02403846153846154
0 0.670673076923077 0.2956730769230769 0.02403846153846154 0.02403846153846154
0 0.7427884615384616 0.3966346153846154 0.02403846153846154 0.02403846153846154
0 0.4711538461538462 0.3197115384615385 0.02403846153846154 0.02403846153846154
0 0.46875 0.47355769230769235 0.02403846153846154 0.02403846153846154
0 0.43028846153846156 0.5288461538461539 0.02403846153846154 0.02403846153846154
0 0.3341346153846154 0.4254807692307693 0.02403846153846154 0.02403846153846154
0 0.3966346153846154 0.37980769230769235 0.02403846153846154 0.02403846153846154
0 0.3557692307692308 0.30528846153846156 0.02403846153846154 0.02403846153846154
0 0.44230769230769235 0.22355769230769232 0.02403846153846154 0.02403846153846154
0 0.3870192307692308 0.19951923076923078 0.02403846153846154 0.02403846153846154
0 0.28125 0.20192307692307693 0.02403846153846154 0.02403846153846154
0 0.49278846153846156 0.1466346153846154 0.02403846153846154 0.02403846153846154
0 0.6298076923076923 0.05288461538461539 0.02403846153846154 0.02403846153846154
0 0.6009615384615385 0.05048076923076923 0.02403846153846154 0.02403846153846154
0 0.44711538461538464 0.15625 0.02403846153846154 0.02403846153846154
0 0.20192307692307693 0.5336538461538461 0.02403846153846154 0.02403846153846154
0 0.06009615384615385 0.5961538461538461 0.02403846153846154 0.02403846153846154
0 0.03125 0.6802884615384616 0.02403846153846154 0.02403846153846154
0 0.3605769230769231 0.7067307692307693 0.02403846153846154 0.02403846153846154
0 0.625 0.6947115384615385 0.02403846153846154 0.02403846153846154
0 0.7427884615384616 0.7692307692307693 0.02403846153846154 0.02403846153846154
0 0.4951923076923077 0.7235576923076924 0.02403846153846154 0.02403846153846154
0 0.3341346153846154 0.7043269230769231 0.02403846153846154 0.02403846153846154
0 0.24759615384615385 0.8725961538461539 0.02403846153846154 0.02403846153846154
0 0.4879807692307693 0.9471153846153847 0.02403846153846154 0.02403846153846154
0 0.3918269230769231 0.9567307692307693 0.02403846153846154 0.02403846153846154
0 0.2572115384615385 0.9375 0.02403846153846154 0.02403846153846154
0 0.14903846153846154 0.3605769230769231 0.02403846153846154 0.02403846153846154
0 0.13701923076923078 0.31730769230769235 0.02403846153846154 0.02403846153846154
0 0.11298076923076923 0.27884615384615385 0.02403846153846154 0.02403846153846154
0 0.13942307692307693 0.27403846153846156 0.02403846153846154 0.02403846153846154
0 0.04807692307692308 0.2451923076923077 0.02403846153846154 0.02403846153846154
0 0.15865384615384617 0.1875 0.02403846153846154 0.02403846153846154
0 0.3245192307692308 0.057692307692307696 0.02403846153846154 0.02403846153846154
0 0.06009615384615385 0.04807692307692308 0.02403846153846154 0.02403846153846154
0 0.7091346153846154 0.9038461538461539 0.02403846153846154 0.02403846153846154
0 0.7163461538461539 0.8846153846153847 0.02403846153846154 0.02403846153846154
0 0.9639423076923077 0.9543269230769231 0.02403846153846154 0.02403846153846154
