0 0.6057692307692308 0.9639423076923077 0.02403846153846154 0.02403846153846154
0 0.8341346153846154 0.9447115384615385 0.02403846153846154 0.02403846153846154
0 0.858173076923077 0.9375 0.02403846153846154 0.02403846153846154
0 0.6899038461538461 0.9254807692307693 0.02403846153846154 0.02403846153846154
0 0.53125 0.920673076923077 0.02403846153846154 0.02403846153846154
0 0.6153846153846154 0.9086538461538463 0.02403846153846154 0.02403846153846154
0 0.6322115384615385 0.9014423076923077 0.02403846153846154 0.02403846153846154
0 0.10096153846153846 0.875 0.02403846153846154 0.02403846153846154
0 0.3245192307692308 0.8653846153846154 0.02403846153846154 0.02403846153846154
0 0.49759615384615385 0.8533653846153847 0.02403846153846154 0.02403846153846154
0 0.8317307692307693 0.8509615384615385 0.02403846153846154 0.02403846153846154
0 0.8557692307692308 0.8485576923076924 0.02403846153846154 0.02403846153846154
0 0.7908653846153847 0.84375 0.02403846153846154 0.02403846153846154
0 0.33653846153846156 0.8413461538461539 0.02403846153846154 0.02403846153846154
0 0.7235576923076924 0.8293269230769231 0.02403846153846154 0.02403846153846154
0 0.9254807692307693 0.795673076923077 0.02403846153846154 0.02403846153846154
0 0.4086538461538462 0.7932692307692308 0.02403846153846154 0.02403846153846154
0 0.44711538461538464 0.7884615384615385 0.02403846153846154 0.02403846153846154
0 0.576923076923077 0.7788461538461539 0.02403846153846154 0.02403846153846154
0 0.6850961538461539 0.7475961538461539 0.02403846153846154 0.02403846153846154
0 0.8846153846153847 0.7307692307692308 0.02403846153846154 0.02403846153846154
0 0.8629807692307693 0.6971153846153847 0.02403846153846154 0.02403846153846154
0 0.43509615384615385 0.6971153846153847 0.02403846153846154 0.02403846153846154
0 0.22115384615384617 0.701923076923077 0.02403846153846154 0.02403846153846154
0 0.2716346153846154 0.6899038461538461 0.02403846153846154 0.02403846153846154
0 0.9230769230769231 0.6875 0.02403846153846154 0.02403846153846154
0 0.30528846153846156 0.6850961538461539 0.02403846153846154 0.02403846153846154
0 0.20192307692307693 0.6850961538461539 0.02403846153846154 0.02403846153846154
0 0.07932692307692309 0.6850961538461539 0.02403846153846154 0.02403846153846154
0 0.11778846153846155 0.6826923076923077 0.02403846153846154 0.02403846153846154
0 0.3629807692307693 0.6658653846153847 0.02403846153846154 0.02403846153846154
0 0.057692307692307696 0.6586538461538461 0.02403846153846154 0.02403846153846154
0 0.7884615384615385 0.6490384615384616 0.02403846153846154 0.02403846153846154
0 0.3317307692307693 0.6490384615384616 0.02403846153846154 0.02403846153846154
0 0.06971153846153846 0.6466346153846154 0.02403846153846154 0.02403846153846154
0 0.2932692307692308 0.6418269230769231 0.02403846153846154 0.02403846153846154
0 0.05528846153846154 0.6298076923076923 0.02403846153846154 0.02403846153846154
0 0.2644230769230769 0.625 0.02403846153846154 0.02403846153846154
0 0.46153846153846156 0.6225961538461539 0.02403846153846154 0.02403846153846154
0 0.8365384615384616 0.6201923076923077 0.02403846153846154 0.02403846153846154
0 0.31009615384615385 0.6201923076923077 0.02403846153846154 0.02403846153846154
0 0.40625 0.6153846153846154 0.02403846153846154 0.02403846153846154
0 0.7836538461538461 0.6057692307692308 0.02403846153846154 0.02403846153846154
0 0.639423076923077 0.6105769230769231 0.02403846153846154 0.02403846153846154
0 0.7067307692307693 0.5985576923076923 0.02403846153846154 0.02403846153846154
0 0.9543269230769231 0.5745192307692308 0.02403846153846154 0.02403846153846154
0 0.5168269230769231 0.5721153846153847 0.02403846153846154 0.02403846153846154
0 0.2668269230769231 0.5649038461538461 0.02403846153846154 0.02403846153846154
0 0.3774038461538462 0.5625 0.02403846153846154 0.02403846153846154
0 0.4447115384615385 0.5480769230769231 0.02403846153846154 0.02403846153846154
0 0.7692307692307693 0.5432692307692308 0.02403846153846154 0.02403846153846154
0 0.639423076923077 0.514423076923077 0.02403846153846154 0.02403846153846154
0 0.18990384615384617 0.5072115384615384 0.02403846153846154 0.02403846153846154
0 0.23317307692307693 0.49759615384615385 0.02403846153846154 0.02403846153846154
0 0.7259615384615385 0.48557692307692313 0.02403846153846154 0.02403846153846154
0 0.46875 0.4759615384615385 0.02403846153846154 0.02403846153846154
0 0.90625 0.4711538461538462 0.02403846153846154 0.02403846153846154
0 0.8028846153846154 0.46875 0.02403846153846154 0.02403846153846154
0 0.16105769230769232 0.46634615384615385 0.02403846153846154 0.02403846153846154
0 0.9591346153846154 0.4639423076923077 0.02403846153846154 0.02403846153846154
0 0.6754807692307693 0.4639423076923077 0.02403846153846154 0.02403846153846154
0 0.8076923076923077 0.4399038461538462 0.02403846153846154 0.02403846153846154
0 0.47355769230769235 0.43509615384615385 0.02403846153846154 0.02403846153846154
0 0.13461538461538464 0.43509615384615385 0.02403846153846154 0.02403846153846154
0 0.8341346153846154 0.4254807692307693 0.02403846153846154 0.02403846153846154
0 0.2764423076923077 0.42307692307692313 0.02403846153846154 0.02403846153846154
0 0.7716346153846154 0.40625 0.02403846153846154 0.02403846153846154
0 0.5576923076923077 0.3966346153846154 0.02403846153846154 0.02403846153846154
0 0.8389423076923077 0.3966346153846154 0.02403846153846154 0.02403846153846154
0 0.026442307692307696 0.3966346153846154 0.02403846153846154 0.02403846153846154
0 0.4711538461538462 0.3822115384615385 0.02403846153846154 0.02403846153846154
0 0.9639423076923077 0.3701923076923077 0.02403846153846154 0.02403846153846154
0 0.9158653846153847 0.34855769230769235 0.02403846153846154 0.02403846153846154
0 0.06009615384615385 0.34615384615384615 0.02403846153846154 0.02403846153846154
0 0.59375 0.34134615384615385 0.02403846153846154 0.02403846153846154
0 0.47355769230769235 0.34134615384615385 0.02403846153846154 0.02403846153846154
0 0.7475961538461539 0.3293269230769231 0.02403846153846154 0.02403846153846154
0 0.44711538461538464 0.31730769230769235 0.02403846153846154 0.02403846153846154
0 0.3605769230769231 0.3197115384615385 0.02403846153846154 0.02403846153846154
0 0.5048076923076923 0.29086538461538464 0.02403846153846154 0.02403846153846154
0 0.37980769230769235 0.2668269230769231 0.02403846153846154 0.02403846153846154
0 0.6370192307692308 0.2644230769230769 0.02403846153846154 0.02403846153846154
0 0.5408653846153847 0.2620192307692308 0.02403846153846154 0.02403846153846154
0 0.8966346153846154 0.25480769230769235 0.02403846153846154 0.02403846153846154
0 0.5600961538461539 0.24759615384615385 0.02403846153846154 0.02403846153846154
0 0.05048076923076923 0.2451923076923077 0.02403846153846154 0.02403846153846154
0 0.3581730769230769 0.23317307692307693 0.02403846153846154 0.02403846153846154
0 0.8317307692307693 0.21634615384615385 0.02403846153846154 0.02403846153846154
0 0.4903846153846154 0.21153846153846156 0.02403846153846154 0.02403846153846154
0 0.34134615384615385 0.1826923076923077 0.02403846153846154 0.02403846153846154
0 0.1466346153846154 0.1826923076923077 0.02403846153846154 0.02403846153846154
0 0.3822115384615385 0.16826923076923078 0.02403846153846154 0.02403846153846154
0 0.6490384615384616 0.16105769230769232 0.02403846153846154 0.02403846153846154
0 0.6177884615384616 0.14903846153846154 0.02403846153846154 0.02403846153846154
0 0.49759615384615385 0.11298076923076923 0.02403846153846154 0.02403846153846154
0 0.1466346153846154 0.0889423076923077 0.02403846153846154 0.02403846153846154
0 0.8245192307692308 0.07932692307692309 0.02403846153846154 0.02403846153846154
0 0.6033653846153847 0.07692307692307693 0.02403846153846154 0.02403846153846154
0 0.6754807692307693 0.07211538461538462 0.02403846153846154 0.02403846153846154
0 0.34375 0.057692307692307696 0.02403846153846154 0.02403846153846154
0 0.795673076923077 0.04326923076923077 0.02403846153846154 0.02403846153846154
0 0.3076923076923077 0.04326923076923077 0.02403846153846154 0.02403846153846154
0 0.3509615384615385 0.03365384615384616 0.02403846153846154 0.02403846153846154
0 0.09855769230769232 0.03365384615384616 0.02403846153846154 0.02403846153846154
0 0.545673076923077 0.057692307692307696 0.02403846153846154 0.02403846153846154
0 0.8822115384615385 0.16586538461538464 0.02403846153846154 0.02403846153846154
0 0.8052884615384616 0.1201923076923077 0.02403846153846154 0.02403846153846154
0 0.7427884615384616 0.1778846153846154 0.02403846153846154 0.02403846153846154
0 0.7307692307692308 0.2692307692307693 0.02403846153846154 0.02403846153846154
0 0.6610576923076923 0.3557692307692308 0.02403846153846154 0.02403846153846154
0 0.9543269230769231 0.31490384615384615 0.02403846153846154 0.02403846153846154
0 0.9350961538461539 0.5096153846153847 0.02403846153846154 0.02403846153846154
0 0.7668269230769231 0.8125 0.02403846153846154 0.02403846153846154
0 0.8389423076923077 0.9134615384615385 0.02403846153846154 0.02403846153846154
0 0.5673076923076923 0.8365384615384616 0.02403846153846154 0.02403846153846154
0 0.43028846153846156 0.9423076923076924 0.02403846153846154 0.02403846153846154
0 0.49278846153846156 0.8966346153846154 0.02403846153846154 0.02403846153846154
0 0.4519230769230769 0.8221153846153847 0.02403846153846154 0.02403846153846154
0 0.5384615384615385 0.7403846153846154 0.02403846153846154 0.02403846153846154
0 0.4831730769230769 0.7163461538461539 0.02403846153846154 0.02403846153846154
0 0.3774038461538462 0.71875 0.02403846153846154 0.02403846153846154
0 0.5889423076923077 0.6634615384615385 0.02403846153846154 0.02403846153846154
0 0.7259615384615385 0.5697115384615385 0.02403846153846154 0.02403846153846154
0 0.6971153846153847 0.5673076923076923 0.02403846153846154 0.02403846153846154
0 0.6826923076923077 0.5216346153846154 0.02403846153846154 0.02403846153846154
0 0.5432692307692308 0.6730769230769231 0.02403846153846154 0.02403846153846154
0 0.2451923076923077 0.8774038461538463 0.02403846153846154 0.02403846153846154
0 0.23317307692307693 0.8341346153846154 0.02403846153846154 0.02403846153846154
0 0.2091346153846154 0.795673076923077 0.02403846153846154 0.02403846153846154
0 0.2355769230769231 0.7908653846153847 0.02403846153846154 0.02403846153846154
0 0.14423076923076925 0.7620192307692308 0.02403846153846154 0.02403846153846154
0 0.25480769230769235 0.7043269230769231 0.02403846153846154 0.02403846153846154
0 0.6298076923076923 0.4519230769230769 0.02403846153846154 0.02403846153846154
0 0.5625 0.3774038461538462 0.02403846153846154 0.02403846153846154
0 0.5216346153846154 0.46153846153846156 0.02403846153846154 0.02403846153846154
0 0.46153846153846156 0.3966346153846154 0.02403846153846154 0.02403846153846154
0 0.4206730769230769 0.5745192307692308 0.02403846153846154 0.02403846153846154
0 0.375 0.5360576923076923 0.02403846153846154 0.02403846153846154
0 0.2451923076923077 0.5072115384615384 0.02403846153846154 0.02403846153846154
0 0.25961538461538464 0.46634615384615385 0.02403846153846154 0.02403846153846154
0 0.15625 0.5649038461538461 0.02403846153846154 0.02403846153846154
0 0.2668269230769231 0.3581730769230769 0.02403846153846154 0.02403846153846154
0 0.28365384615384615 0.1778846153846154 0.02403846153846154 0.02403846153846154
0 0.5288461538461539 0.125 0.02403846153846154 0.02403846153846154
0 0.21875 0.18028846153846154 0.02403846153846154 0.02403846153846154
0 0.1778846153846154 0.23798076923076925 0.02403846153846154 0.02403846153846154
0 0.15625 0.3581730769230769 0.02403846153846154 0.02403846153846154
0 0.10576923076923078 0.31490384615384615 0.02403846153846154 0.02403846153846154
0 0.18028846153846154 0.31730769230769235 0.02403846153846154 0.02403846153846154
0 0.11298076923076923 0.3557692307692308 0.02403846153846154 0.02403846153846154
0 0.0889423076923077 0.38461538461538464 0.02403846153846154 0.02403846153846154
0 0.09855769230769232 0.4278846153846154 0.02403846153846154 0.02403846153846154
0 0.038461538461538464 0.47836538461538464 0.02403846153846154 0.02403846153846154
0 0.021634615384615384 0.47836538461538464 0.02403846153846154 0.02403846153846154
0 0.10576923076923078 0.08413461538461539 0.02403846153846154 0.02403846153846154
0 0.05528846153846154 0.1466346153846154 0.02403846153846154 0.02403846153846154
0 0.07932692307692309 0.22115384615384617 0.02403846153846154 0.02403846153846154
