0 0.7884615384615385 0.9663461538461539 0.02403846153846154 0.02403846153846154
0 0.9182692307692308 0.9663461538461539 0.02403846153846154 0.02403846153846154
0 0.7620192307692308 0.9591346153846154 0.02403846153846154 0.02403846153846154
0 0.05288461538461539 0.9495192307692308 0.02403846153846154 0.02403846153846154
0 0.2956730769230769 0.9134615384615385 0.02403846153846154 0.02403846153846154
0 0.6274038461538461 0.8942307692307693 0.02403846153846154 0.02403846153846154
0 0.6923076923076923 0.875 0.02403846153846154 0.02403846153846154
0 0.3942307692307693 0.8677884615384616 0.02403846153846154 0.02403846153846154
0 0.44711538461538464 0.84375 0.02403846153846154 0.02403846153846154
0 0.5192307692307693 0.8341346153846154 0.02403846153846154 0.02403846153846154
0 0.4759615384615385 0.8365384615384616 0.02403846153846154 0.02403846153846154
0 0.6105769230769231 0.8221153846153847 0.02403846153846154 0.02403846153846154
0 0.7163461538461539 0.7980769230769231 0.02403846153846154 0.02403846153846154
0 0.19951923076923078 0.7548076923076924 0.02403846153846154 0.02403846153846154
0 0.4711538461538462 0.733173076923077 0.02403846153846154 0.02403846153846154
0 0.42307692307692313 0.701923076923077 0.02403846153846154 0.02403846153846154
0 0.02403846153846154 0.701923076923077 0.02403846153846154 0.02403846153846154
0 0.6418269230769231 0.6899038461538461 0.02403846153846154 0.02403846153846154
0 0.7043269230769231 0.6754807692307693 0.02403846153846154 0.02403846153846154
0 0.28125 0.6514423076923077 0.02403846153846154 0.02403846153846154
0 0.3269230769230769 0.6346153846153847 0.02403846153846154 0.02403846153846154
0 0.06490384615384616 0.6322115384615385 0.02403846153846154 0.02403846153846154
0 0.5745192307692308 0.6105769230769231 0.02403846153846154 0.02403846153846154
0 0.040865384615384616 0.608173076923077 0.02403846153846154 0.02403846153846154
0 0.7043269230769231 0.6129807692307693 0.02403846153846154 0.02403846153846154
0 0.9711538461538463 0.5961538461538461 0.02403846153846154 0.02403846153846154
0 0.5913461538461539 0.5552884615384616 0.02403846153846154 0.02403846153846154
0 0.06490384615384616 0.5504807692307693 0.02403846153846154 0.02403846153846154
0 0.2692307692307693 0.53125 0.02403846153846154 0.02403846153846154
0 0.15865384615384617 0.5120192307692308 0.02403846153846154 0.02403846153846154
0 0.8149038461538461 0.5072115384615384 0.02403846153846154 0.02403846153846154
0 0.5480769230769231 0.4711538461538462 0.02403846153846154 0.02403846153846154
0 0.826923076923077 0.4519230769230769 0.02403846153846154 0.02403846153846154
0 0.3870192307692308 0.4519230769230769 0.02403846153846154 0.02403846153846154
0 0.2692307692307693 0.4399038461538462 0.02403846153846154 0.02403846153846154
0 0.49759615384615385 0.4375 0.02403846153846154 0.02403846153846154
0 0.42307692307692313 0.4375 0.02403846153846154 0.02403846153846154
0 0.10576923076923078 0.43509615384615385 0.02403846153846154 0.02403846153846154
0 0.5649038461538461 0.3774038461538462 0.02403846153846154 0.02403846153846154
0 0.22355769230769232 0.3389423076923077 0.02403846153846154 0.02403846153846154
0 0.920673076923077 0.29086538461538464 0.02403846153846154 0.02403846153846154
0 0.10817307692307693 0.28605769230769235 0.02403846153846154 0.02403846153846154
0 0.7211538461538461 0.2692307692307693 0.02403846153846154 0.02403846153846154
0 0.545673076923077 0.2403846153846154 0.02403846153846154 0.02403846153846154
0 0.43509615384615385 0.22355769230769232 0.02403846153846154 0.02403846153846154
0 0.25 0.21634615384615385 0.02403846153846154 0.02403846153846154
0 0.11778846153846155 0.2091346153846154 0.02403846153846154 0.02403846153846154
0 0.7548076923076924 0.2043269230769231 0.02403846153846154 0.02403846153846154
0 0.8221153846153847 0.19471153846153846 0.02403846153846154 0.02403846153846154
0 0.30528846153846156 0.18509615384615385 0.02403846153846154 0.02403846153846154
0 0.19711538461538464 0.16586538461538464 0.02403846153846154 0.02403846153846154
0 0.21634615384615385 0.15625 0.02403846153846154 0.02403846153846154
0 0.125 0.15384615384615385 0.02403846153846154 0.02403846153846154
0 0.6322115384615385 0.15625 0.02403846153846154 0.02403846153846154
0 0.7091346153846154 0.12980769230769232 0.02403846153846154 0.02403846153846154
0 0.5264423076923077 0.11057692307692309 0.02403846153846154 0.02403846153846154
0 0.11057692307692309 0.10817307692307693 0.02403846153846154 0.02403846153846154
0 0.6923076923076923 0.10336538461538462 0.02403846153846154 0.02403846153846154
0 0.5528846153846154 0.09855769230769232 0.02403846153846154 0.02403846153846154
0 0.13221153846153846 0.09134615384615385 0.02403846153846154 0.02403846153846154
0 0.8701923076923077 0.07932692307692309 0.02403846153846154 0.02403846153846154
0 0.7475961538461539 0.07932692307692309 0.02403846153846154 0.02403846153846154
0 0.3509615384615385 0.04807692307692308 0.02403846153846154 0.02403846153846154
0 0.5264423076923077 0.04326923076923077 0.02403846153846154 0.02403846153846154
0 0.2644230769230769 0.026442307692307696 0.02403846153846154 0.02403846153846154
0 0.5576923076923077 0.026442307692307696 0.02403846153846154 0.02403846153846154
0 0.8028846153846154 0.4759615384615385 0.02403846153846154 0.02403846153846154
