0 0.9014423076923077 0.9567307692307693 0.02403846153846154 0.02403846153846154
0 0.24759615384615385 0.9471153846153847 0.02403846153846154 0.02403846153846154
0 0.4567307692307693 0.9302884615384616 0.02403846153846154 0.02403846153846154
0 0.71875 0.8846153846153847 0.02403846153846154 0.02403846153846154
0 0.6802884615384616 0.9134615384615385 0.02403846153846154 0.02403846153846154
0 0.8822115384615385 0.875 0.02403846153846154 0.02403846153846154
0 0.6923076923076923 0.7884615384615385 0.02403846153846154 0.02403846153846154
0 0.7740384615384616 0.7740384615384616 0.02403846153846154 0.02403846153846154
0 0.5024038461538461 0.7403846153846154 0.02403846153846154 0.02403846153846154
0 0.8677884615384616 0.7403846153846154 0.02403846153846154 0.02403846153846154
0 0.18509615384615385 0.71875 0.02403846153846154 0.02403846153846154
0 0.5552884615384616 0.7067307692307693 0.02403846153846154 0.02403846153846154
0 0.40384615384615385 0.6971153846153847 0.02403846153846154 0.02403846153846154
0 0.78125 0.6033653846153847 0.02403846153846154 0.02403846153846154
0 0.5721153846153847 0.5961538461538461 0.02403846153846154 0.02403846153846154
0 0.5600961538461539 0.5673076923076923 0.02403846153846154 0.02403846153846154
0 0.4495192307692308 0.5745192307692308 0.02403846153846154 0.02403846153846154
0 0.6826923076923077 0.5336538461538461 0.02403846153846154 0.02403846153846154
0 0.7932692307692308 0.5288461538461539 0.02403846153846154 0.02403846153846154
0 0.4951923076923077 0.5120192307692308 0.02403846153846154 0.02403846153846154
0 0.7692307692307693 0.5 0.02403846153846154 0.02403846153846154
0 0.7764423076923077 0.4639423076923077 0.02403846153846154 0.02403846153846154
0 0.3245192307692308 0.46634615384615385 0.02403846153846154 0.02403846153846154
0 0.7716346153846154 0.4254807692307693 0.02403846153846154 0.02403846153846154
0 0.3774038461538462 0.3774038461538462 0.02403846153846154 0.02403846153846154
0 0.6490384615384616 0.3317307692307693 0.02403846153846154 0.02403846153846154
0 0.920673076923077 0.3269230769230769 0.02403846153846154 0.02403846153846154
0 0.9302884615384616 0.3076923076923077 0.02403846153846154 0.02403846153846154
0 0.7932692307692308 0.1778846153846154 0.02403846153846154 0.02403846153846154
0 0.4831730769230769 0.1201923076923077 0.02403846153846154 0.02403846153846154
0 0.7475961538461539 0.05288461538461539 0.02403846153846154 0.02403846153846154
0 0.1826923076923077 0.04567307692307693 0.02403846153846154 0.02403846153846154
0 0.1514423076923077 0.3389423076923077 0.02403846153846154 0.02403846153846154
0 0.6442307692307693 0.3557692307692308 0.02403846153846154 0.02403846153846154
