0 0.8509615384615385 0.9567307692307693 0.02403846153846154 0.02403846153846154
0 0.6370192307692308 0.9423076923076924 0.02403846153846154 0.02403846153846154
0 0.7283653846153847 0.9254807692307693 0.02403846153846154 0.02403846153846154
0 0.19230769230769232 0.9158653846153847 0.02403846153846154 0.02403846153846154
0 0.9350961538461539 0.9158653846153847 0.02403846153846154 0.02403846153846154
0 0.8197115384615385 0.8990384615384616 0.02403846153846154 0.02403846153846154
0 0.45432692307692313 0.8701923076923077 0.02403846153846154 0.02403846153846154
0 0.41586538461538464 0.8990384615384616 0.02403846153846154 0.02403846153846154
0 0.6177884615384616 0.8605769230769231 0.02403846153846154 0.02403846153846154
0 0.8365384615384616 0.8173076923076924 0.02403846153846154 0.02403846153846154
0 0.4278846153846154 0.7740384615384616 0.02403846153846154 0.02403846153846154
0 0.5096153846153847 0.7596153846153847 0.02403846153846154 0.02403846153846154
0 0.8173076923076924 0.7620192307692308 0.02403846153846154 0.02403846153846154
0 0.8677884615384616 0.7548076923076924 0.02403846153846154 0.02403846153846154
0 0.7355769230769231 0.7427884615384616 0.02403846153846154 0.02403846153846154
0 0.23798076923076925 0.7259615384615385 0.02403846153846154 0.02403846153846154
0 0.875 0.7211538461538461 0.02403846153846154 0.02403846153846154
0 0.6033653846153847 0.7259615384615385 0.02403846153846154 0.02403846153846154
0 0.29086538461538464 0.6923076923076923 0.02403846153846154 0.02403846153846154
0 0.9471153846153847 0.6802884615384616 0.02403846153846154 0.02403846153846154
0 0.13942307692307693 0.6826923076923077 0.02403846153846154 0.02403846153846154
0 0.5168269230769231 0.5889423076923077 0.02403846153846154 0.02403846153846154
0 0.7668269230769231 0.5841346153846154 0.02403846153846154 0.02403846153846154
0 0.8293269230769231 0.5793269230769231 0.02403846153846154 0.02403846153846154
0 0.7259615384615385 0.5817307692307693 0.02403846153846154 0.02403846153846154
0 0.3076923076923077 0.5817307692307693 0.02403846153846154 0.02403846153846154
0 0.7908653846153847 0.5576923076923077 0.02403846153846154 0.02403846153846154
0 0.2956730769230769 0.5528846153846154 0.02403846153846154 0.02403846153846154
0 0.18509615384615385 0.5600961538461539 0.02403846153846154 0.02403846153846154
0 0.8317307692307693 0.5480769230769231 0.02403846153846154 0.02403846153846154
0 0.4182692307692308 0.5192307692307693 0.02403846153846154 0.02403846153846154
0 0.5288461538461539 0.514423076923077 0.02403846153846154 0.02403846153846154
0 0.764423076923077 0.5048076923076923 0.02403846153846154 0.02403846153846154
0 0.23076923076923078 0.49759615384615385 0.02403846153846154 0.02403846153846154
0 0.5048076923076923 0.48557692307692313 0.02403846153846154 0.02403846153846154
0 0.7716346153846154 0.4519230769230769 0.02403846153846154 0.02403846153846154
0 0.5120192307692308 0.4495192307692308 0.02403846153846154 0.02403846153846154
0 0.06009615384615385 0.4519230769230769 0.02403846153846154 0.02403846153846154
0 0.8317307692307693 0.43509615384615385 0.02403846153846154 0.02403846153846154
0 0.5072115384615384 0.41105769230769235 0.02403846153846154 0.02403846153846154
0 0.11298076923076923 0.3629807692307693 0.02403846153846154 0.02403846153846154
0 0.38461538461538464 0.31730769230769235 0.02403846153846154 0.02403846153846154
0 0.65625 0.3125 0.02403846153846154 0.02403846153846154
0 0.9591346153846154 0.3076923076923077 0.02403846153846154 0.02403846153846154
0 0.6658653846153847 0.2932692307692308 0.02403846153846154 0.02403846153846154
0 0.5288461538461539 0.16346153846153846 0.02403846153846154 0.02403846153846154
0 0.7524038461538461 0.16105769230769232 0.02403846153846154 0.02403846153846154
0 0.21875 0.10576923076923078 0.02403846153846154 0.02403846153846154
0 0.795673076923077 0.09615384615384616 0.02403846153846154 0.02403846153846154
0 0.4831730769230769 0.038461538461538464 0.02403846153846154 0.02403846153846154
0 0.8942307692307693 0.028846153846153848 0.02403846153846154 0.02403846153846154
0 0.37980769230769235 0.34134615384615385 0.02403846153846154 0.02403846153846154
