0 0.7572115384615385 0.9326923076923077 0.02403846153846154 0.02403846153846154
0 0.920673076923077 0.9230769230769231 0.02403846153846154 0.02403846153846154
0 0.6418269230769231 0.8725961538461539 0.02403846153846154 0.02403846153846154
0 0.8413461538461539 0.8605769230769231 0.02403846153846154 0.02403846153846154
0 0.4278846153846154 0.858173076923077 0.02403846153846154 0.02403846153846154
0 0.5192307692307693 0.8413461538461539 0.02403846153846154 0.02403846153846154
0 0.7259615384615385 0.8317307692307693 0.02403846153846154 0.02403846153846154
0 0.9567307692307693 0.8125 0.02403846153846154 0.02403846153846154
0 0.6105769230769231 0.8149038461538461 0.02403846153846154 0.02403846153846154
0 0.2451923076923077 0.7860576923076924 0.02403846153846154 0.02403846153846154
0 0.20673076923076925 0.8149038461538461 0.02403846153846154 0.02403846153846154
0 0.4086538461538462 0.7764423076923077 0.02403846153846154 0.02403846153846154
0 0.889423076923077 0.7764423076923077 0.02403846153846154 0.02403846153846154
0 0.9567307692307693 0.7379807692307693 0.02403846153846154 0.02403846153846154
0 0.6274038461538461 0.733173076923077 0.02403846153846154 0.02403846153846154
0 0.21875 0.6899038461538461 0.02403846153846154 0.02403846153846154
0 0.3004807692307693 0.6754807692307693 0.02403846153846154 0.02403846153846154
0 0.608173076923077 0.6778846153846154 0.02403846153846154 0.02403846153846154
0 0.7908653846153847 0.670673076923077 0.02403846153846154 0.02403846153846154
0 0.6586538461538461 0.670673076923077 0.02403846153846154 0.02403846153846154
0 0.5264423076923077 0.6586538461538461 0.02403846153846154 0.02403846153846154
0 0.028846153846153848 0.6418269230769231 0.02403846153846154 0.02403846153846154
0 0.6658653846153847 0.6370192307692308 0.02403846153846154 0.02403846153846154
0 0.3942307692307693 0.6418269230769231 0.02403846153846154 0.02403846153846154
0 0.08173076923076923 0.608173076923077 0.02403846153846154 0.02403846153846154
0 0.7379807692307693 0.5961538461538461 0.02403846153846154 0.02403846153846154
0 0.8341346153846154 0.5432692307692308 0.02403846153846154 0.02403846153846154
0 0.78125 0.5336538461538461 0.02403846153846154 0.02403846153846154
0 0.3076923076923077 0.5048076923076923 0.02403846153846154 0.02403846153846154
0 0.5576923076923077 0.5 0.02403846153846154 0.02403846153846154
0 0.6201923076923077 0.4951923076923077 0.02403846153846154 0.02403846153846154
0 0.5168269230769231 0.49759615384615385 0.02403846153846154 0.02403846153846154
0 0.09855769230769232 0.49759615384615385 0.02403846153846154 0.02403846153846154
0 0.5817307692307693 0.47355769230769235 0.02403846153846154 0.02403846153846154
0 0.84375 0.47355769230769235 0.02403846153846154 0.02403846153846154
0 0.08653846153846154 0.46875 0.02403846153846154 0.02403846153846154
0 0.9254807692307693 0.46634615384615385 0.02403846153846154 0.02403846153846154
0 0.6225961538461539 0.4639423076923077 0.02403846153846154 0.02403846153846154
0 0.2091346153846154 0.43509615384615385 0.02403846153846154 0.02403846153846154
0 0.3197115384615385 0.43028846153846156 0.02403846153846154 0.02403846153846154
0 0.5552884615384616 0.4206730769230769 0.02403846153846154 0.02403846153846154
0 0.2956730769230769 0.4014423076923077 0.02403846153846154 0.02403846153846154
0 0.5625 0.36778846153846156 0.02403846153846154 0.02403846153846154
0 0.3028846153846154 0.3653846153846154 0.02403846153846154 0.02403846153846154
0 0.6225961538461539 0.3509615384615385 0.02403846153846154 0.02403846153846154
0 0.2980769230769231 0.3269230769230769 0.02403846153846154 0.02403846153846154
0 0.9038461538461539 0.31009615384615385 0.02403846153846154 0.02403846153846154
0 0.9447115384615385 0.2668269230769231 0.02403846153846154 0.02403846153846154
0 0.8846153846153847 0.25961538461538464 0.02403846153846154 0.02403846153846154
0 0.17548076923076925 0.23317307692307693 0.02403846153846154 0.02403846153846154
0 0.44711538461538464 0.22836538461538464 0.02403846153846154 0.02403846153846154
0 0.75 0.22355769230769232 0.02403846153846154 0.02403846153846154
0 0.4567307692307693 0.2091346153846154 0.02403846153846154 0.02403846153846154
0 0.8557692307692308 0.13701923076923078 0.02403846153846154 0.02403846153846154
0 0.9663461538461539 0.11538461538461539 0.02403846153846154 0.02403846153846154
0 0.8052884615384616 0.11298076923076923 0.02403846153846154 0.02403846153846154
0 0.8365384615384616 0.11057692307692309 0.02403846153846154 0.02403846153846154
0 0.3197115384615385 0.07932692307692309 0.02403846153846154 0.02403846153846154
0 0.5432692307692308 0.07692307692307693 0.02403846153846154 0.02403846153846154
0 0.17067307692307693 0.2572115384615385 0.02403846153846154 0.02403846153846154
