0 0.8317307692307693 0.9110576923076924 0.02403846153846154 0.02403846153846154
0 0.2668269230769231 0.9038461538461539 0.02403846153846154 0.02403846153846154
0 0.24278846153846156 0.8798076923076924 0.02403846153846154 0.02403846153846154
0 0.8389423076923077 0.875 0.02403846153846154 0.02403846153846154
0 0.6418269230769231 0.8197115384615385 0.02403846153846154 0.02403846153846154
0 0.7860576923076924 0.8245192307692308 0.02403846153846154 0.02403846153846154
0 0.9230769230769231 0.7980769230769231 0.02403846153846154 0.02403846153846154
0 0.5096153846153847 0.7932692307692308 0.02403846153846154 0.02403846153846154
0 0.5240384615384616 0.78125 0.02403846153846154 0.02403846153846154
0 0.38461538461538464 0.7692307692307693 0.02403846153846154 0.02403846153846154
0 0.7716346153846154 0.6778846153846154 0.02403846153846154 0.02403846153846154
0 0.545673076923077 0.6658653846153847 0.02403846153846154 0.02403846153846154
0 0.3966346153846154 0.5817307692307693 0.02403846153846154 0.02403846153846154
0 0.7764423076923077 0.5673076923076923 0.02403846153846154 0.02403846153846154
0 0.5504807692307693 0.4879807692307693 0.02403846153846154 0.02403846153846154
0 0.8341346153846154 0.4567307692307693 0.02403846153846154 0.02403846153846154
0 0.8966346153846154 0.4519230769230769 0.02403846153846154 0.02403846153846154
0 0.2932692307692308 0.4326923076923077 0.02403846153846154 0.02403846153846154
0 0.8605769230769231 0.3509615384615385 0.02403846153846154 0.02403846153846154
0 0.545673076923077 0.22355769230769232 0.02403846153846154 0.02403846153846154
0 0.20192307692307693 0.19951923076923078 0.02403846153846154 0.02403846153846154
0 0.7932692307692308 0.17548076923076925 0.02403846153846154 0.02403846153846154
0 0.6947115384615385 0.15865384615384617 0.02403846153846154 0.02403846153846154
0 0.8605769230769231 0.13942307692307693 0.02403846153846154 0.02403846153846154
0 0.7067307692307693 0.27403846153846156 0.02403846153846154 0.02403846153846154
0 0.8317307692307693 0.27403846153846156 0.02403846153846154 0.02403846153846154
0 0.5961538461538461 0.22596153846153846 0.02403846153846154 0.02403846153846154
0 0.4495192307692308 0.3774038461538462 0.02403846153846154 0.02403846153846154
0 0.10096153846153846 0.9447115384615385 0.02403846153846154 0.02403846153846154
0 0.33653846153846156 0.625 0.02403846153846154 0.02403846153846154
0 0.25961538461538464 0.5096153846153847 0.02403846153846154 0.02403846153846154
0 0.71875 0.06009615384615385 0.02403846153846154 0.02403846153846154
0 0.8173076923076924 0.39903846153846156 0.02403846153846154 0.02403846153846154
