0 0.04326923076923077 0.9447115384615385 0.02403846153846154 0.02403846153846154
0 0.6298076923076923 0.9326923076923077 0.02403846153846154 0.02403846153846154
0 0.10336538461538462 0.9278846153846154 0.02403846153846154 0.02403846153846154
0 0.6514423076923077 0.9182692307692308 0.02403846153846154 0.02403846153846154
0 0.45432692307692313 0.90625 0.02403846153846154 0.02403846153846154
0 0.9086538461538463 0.8942307692307693 0.02403846153846154 0.02403846153846154
0 0.38461538461538464 0.8870192307692308 0.02403846153846154 0.02403846153846154
0 0.9711538461538463 0.8798076923076924 0.02403846153846154 0.02403846153846154
0 0.7620192307692308 0.8533653846153847 0.02403846153846154 0.02403846153846154
0 0.8966346153846154 0.8509615384615385 0.02403846153846154 0.02403846153846154
0 0.4254807692307693 0.84375 0.02403846153846154 0.02403846153846154
0 0.8365384615384616 0.84375 0.02403846153846154 0.02403846153846154
0 0.3653846153846154 0.8365384615384616 0.02403846153846154 0.02403846153846154
0 0.670673076923077 0.8461538461538463 0.02403846153846154 0.02403846153846154
0 0.23076923076923078 0.8004807692307693 0.02403846153846154 0.02403846153846154
0 0.625 0.7764423076923077 0.02403846153846154 0.02403846153846154
0 0.8197115384615385 0.7596153846153847 0.02403846153846154 0.02403846153846154
0 0.33653846153846156 0.7139423076923077 0.02403846153846154 0.02403846153846154
0 0.7115384615384616 0.7163461538461539 0.02403846153846154 0.02403846153846154
0 0.44711538461538464 0.6923076923076923 0.02403846153846154 0.02403846153846154
0 0.28605769230769235 0.6899038461538461 0.02403846153846154 0.02403846153846154
0 0.31730769230769235 0.6875 0.02403846153846154 0.02403846153846154
0 0.6899038461538461 0.65625 0.02403846153846154 0.02403846153846154
0 0.02403846153846154 0.6538461538461539 0.02403846153846154 0.02403846153846154
0 0.7884615384615385 0.6105769230769231 0.02403846153846154 0.02403846153846154
0 0.06730769230769232 0.5889423076923077 0.02403846153846154 0.02403846153846154
0 0.8413461538461539 0.5865384615384616 0.02403846153846154 0.02403846153846154
0 0.9134615384615385 0.576923076923077 0.02403846153846154 0.02403846153846154
0 0.8701923076923077 0.5793269230769231 0.02403846153846154 0.02403846153846154
0 0.16586538461538464 0.5216346153846154 0.02403846153846154 0.02403846153846154
0 0.1201923076923077 0.5072115384615384 0.02403846153846154 0.02403846153846154
0 0.59375 0.49759615384615385 0.02403846153846154 0.02403846153846154
0 0.8653846153846154 0.4759615384615385 0.02403846153846154 0.02403846153846154
0 0.3269230769230769 0.44711538461538464 0.02403846153846154 0.02403846153846154
0 0.8173076923076924 0.4447115384615385 0.02403846153846154 0.02403846153846154
0 0.4182692307692308 0.4447115384615385 0.02403846153846154 0.02403846153846154
0 0.3629807692307693 0.4254807692307693 0.02403846153846154 0.02403846153846154
0 0.15865384615384617 0.40625 0.02403846153846154 0.02403846153846154
0 0.6754807692307693 0.3942307692307693 0.02403846153846154 0.02403846153846154
0 0.1778846153846154 0.3894230769230769 0.02403846153846154 0.02403846153846154
0 0.7211538461538461 0.3774038461538462 0.02403846153846154 0.02403846153846154
0 0.4591346153846154 0.375 0.02403846153846154 0.02403846153846154
0 0.96875 0.35336538461538464 0.02403846153846154 0.02403846153846154
0 0.43509615384615385 0.3509615384615385 0.02403846153846154 0.02403846153846154
0 0.22115384615384617 0.3341346153846154 0.02403846153846154 0.02403846153846154
0 0.3870192307692308 0.3004807692307693 0.02403846153846154 0.02403846153846154
0 0.4591346153846154 0.2932692307692308 0.02403846153846154 0.02403846153846154
0 0.03605769230769231 0.27884615384615385 0.02403846153846154 0.02403846153846154
0 0.6634615384615385 0.27403846153846156 0.02403846153846154 0.02403846153846154
0 0.5528846153846154 0.25480769230769235 0.02403846153846154 0.02403846153846154
0 0.2884615384615385 0.23317307692307693 0.02403846153846154 0.02403846153846154
0 0.4134615384615385 0.21875 0.02403846153846154 0.02403846153846154
0 0.9423076923076924 0.2139423076923077 0.02403846153846154 0.02403846153846154
0 0.78125 0.19471153846153846 0.02403846153846154 0.02403846153846154
0 0.6634615384615385 0.1826923076923077 0.02403846153846154 0.02403846153846154
0 0.8918269230769231 0.18028846153846154 0.02403846153846154 0.02403846153846154
0 0.8173076923076924 0.18028846153846154 0.02403846153846154 0.02403846153846154
0 0.5 0.1778846153846154 0.02403846153846154 0.02403846153846154
0 0.9591346153846154 0.1201923076923077 0.02403846153846154 0.02403846153846154
0 0.3317307692307693 0.09855769230769232 0.02403846153846154 0.02403846153846154
0 0.24759615384615385 0.09375 0.02403846153846154 0.02403846153846154
0 0.6177884615384616 0.08173076923076923 0.02403846153846154 0.02403846153846154
0 0.11538461538461539 0.040865384615384616 0.02403846153846154 0.02403846153846154
0 0.5024038461538461 0.028846153846153848 0.02403846153846154 0.02403846153846154
0 0.040865384615384616 0.02403846153846154 0.02403846153846154 0.02403846153846154
0 0.10576923076923078 0.4567307692307693 0.02403846153846154 0.02403846153846154
