0 0.09855769230769232 0.9663461538461539 0.02403846153846154 0.02403846153846154
0 0.41105769230769235 0.9543269230769231 0.02403846153846154 0.02403846153846154
0 0.9278846153846154 0.9423076923076924 0.02403846153846154 0.02403846153846154
0 0.43028846153846156 0.9375 0.02403846153846154 0.02403846153846154
0 0.7115384615384616 0.9230769230769231 0.02403846153846154 0.02403846153846154
0 0.19471153846153846 0.9182692307692308 0.02403846153846154 0.02403846153846154
0 0.6875 0.8990384615384616 0.02403846153846154 0.02403846153846154
0 0.47355769230769235 0.8822115384615385 0.02403846153846154 0.02403846153846154
0 0.639423076923077 0.8485576923076924 0.02403846153846154 0.02403846153846154
0 0.7115384615384616 0.8413461538461539 0.02403846153846154 0.02403846153846154
0 0.2884615384615385 0.826923076923077 0.02403846153846154 0.02403846153846154
0 0.9158653846153847 0.8221153846153847 0.02403846153846154 0.02403846153846154
0 0.8052884615384616 0.8028846153846154 0.02403846153846154 0.02403846153846154
0 0.19471153846153846 0.826923076923077 0.02403846153846154 0.02403846153846154
0 0.5408653846153847 0.78125 0.02403846153846154 0.02403846153846154
0 0.6658653846153847 0.7668269230769231 0.02403846153846154 0.02403846153846154
0 0.9158653846153847 0.7307692307692308 0.02403846153846154 0.02403846153846154
0 0.7524038461538461 0.7259615384615385 0.02403846153846154 0.02403846153846154
0 0.2139423076923077 0.6634615384615385 0.02403846153846154 0.02403846153846154
0 0.5841346153846154 0.6466346153846154 0.02403846153846154 0.02403846153846154
0 0.18028846153846154 0.6442307692307693 0.02403846153846154 0.02403846153846154
0 0.5 0.6418269230769231 0.02403846153846154 0.02403846153846154
0 0.8701923076923077 0.6298076923076923 0.02403846153846154 0.02403846153846154
0 0.07211538461538462 0.6201923076923077 0.02403846153846154 0.02403846153846154
0 0.36778846153846156 0.5889423076923077 0.02403846153846154 0.02403846153846154
0 0.17307692307692307 0.5793269230769231 0.02403846153846154 0.02403846153846154
0 0.7548076923076924 0.576923076923077 0.02403846153846154 0.02403846153846154
0 0.2932692307692308 0.5721153846153847 0.02403846153846154 0.02403846153846154
0 0.23076923076923078 0.5576923076923077 0.02403846153846154 0.02403846153846154
0 0.03605769230769231 0.5192307692307693 0.02403846153846154 0.02403846153846154
0 0.8966346153846154 0.5072115384615384 0.02403846153846154 0.02403846153846154
0 0.764423076923077 0.5 0.02403846153846154 0.02403846153846154
0 0.23317307692307693 0.49278846153846156 0.02403846153846154 0.02403846153846154
0 0.951923076923077 0.4759615384615385 0.02403846153846154 0.02403846153846154
0 0.5264423076923077 0.4711538461538462 0.02403846153846154 0.02403846153846154
0 0.84375 0.4567307692307693 0.02403846153846154 0.02403846153846154
0 0.49759615384615385 0.4591346153846154 0.02403846153846154 0.02403846153846154
0 0.8629807692307693 0.44711538461538464 0.02403846153846154 0.02403846153846154
0 0.7716346153846154 0.4447115384615385 0.02403846153846154 0.02403846153846154
0 0.4278846153846154 0.4278846153846154 0.02403846153846154 0.02403846153846154
0 0.7572115384615385 0.39903846153846156 0.02403846153846154 0.02403846153846154
0 0.3509615384615385 0.39903846153846156 0.02403846153846154 0.02403846153846154
0 0.4447115384615385 0.3966346153846154 0.02403846153846154 0.02403846153846154
0 0.6129807692307693 0.3870192307692308 0.02403846153846154 0.02403846153846154
0 0.7788461538461539 0.3822115384615385 0.02403846153846154 0.02403846153846154
0 0.27403846153846156 0.375 0.02403846153846154 0.02403846153846154
0 0.4759615384615385 0.34134615384615385 0.02403846153846154 0.02403846153846154
0 0.3653846153846154 0.34134615384615385 0.02403846153846154 0.02403846153846154
0 0.9110576923076924 0.31730769230769235 0.02403846153846154 0.02403846153846154
0 0.2139423076923077 0.3245192307692308 0.02403846153846154 0.02403846153846154
0 0.7283653846153847 0.30528846153846156 0.02403846153846154 0.02403846153846154
0 0.764423076923077 0.3028846153846154 0.02403846153846154 0.02403846153846154
0 0.03605769230769231 0.3076923076923077 0.02403846153846154 0.02403846153846154
0 0.8365384615384616 0.2932692307692308 0.02403846153846154 0.02403846153846154
0 0.5504807692307693 0.28365384615384615 0.02403846153846154 0.02403846153846154
0 0.4639423076923077 0.25480769230769235 0.02403846153846154 0.02403846153846154
0 0.5408653846153847 0.22355769230769232 0.02403846153846154 0.02403846153846154
0 0.4206730769230769 0.2139423076923077 0.02403846153846154 0.02403846153846154
0 0.5793269230769231 0.20673076923076925 0.02403846153846154 0.02403846153846154
0 0.5721153846153847 0.20192307692307693 0.02403846153846154 0.02403846153846154
0 0.9326923076923077 0.19711538461538464 0.02403846153846154 0.02403846153846154
0 0.6274038461538461 0.17548076923076925 0.02403846153846154 0.02403846153846154
0 0.49759615384615385 0.16346153846153846 0.02403846153846154 0.02403846153846154
0 0.44230769230769235 0.1514423076923077 0.02403846153846154 0.02403846153846154
0 0.7524038461538461 0.1466346153846154 0.02403846153846154 0.02403846153846154
0 0.8629807692307693 0.13461538461538464 0.02403846153846154 0.02403846153846154
0 0.06730769230769232 0.1466346153846154 0.02403846153846154 0.02403846153846154
0 0.8365384615384616 0.13221153846153846 0.02403846153846154 0.02403846153846154
0 0.5913461538461539 0.13461538461538464 0.02403846153846154 0.02403846153846154
0 0.7307692307692308 0.11538461538461539 0.02403846153846154 0.02403846153846154
0 0.2091346153846154 0.12259615384615385 0.02403846153846154 0.02403846153846154
0 0.6682692307692308 0.09134615384615385 0.02403846153846154 0.02403846153846154
0 0.23798076923076925 0.09134615384615385 0.02403846153846154 0.02403846153846154
0 0.951923076923077 0.07451923076923077 0.02403846153846154 0.02403846153846154
0 0.18990384615384617 0.07692307692307693 0.02403846153846154 0.02403846153846154
0 0.6490384615384616 0.06971153846153846 0.02403846153846154 0.02403846153846154
0 0.1201923076923077 0.057692307692307696 0.02403846153846154 0.02403846153846154
0 0.8942307692307693 0.05048076923076923 0.02403846153846154 0.02403846153846154
0 0.5096153846153847 0.04807692307692308 0.02403846153846154 0.02403846153846154
0 0.9278846153846154 0.038461538461538464 0.02403846153846154 0.02403846153846154
0 0.8725961538461539 0.03605769230769231 0.02403846153846154 0.02403846153846154
0 0.4086538461538462 0.038461538461538464 0.02403846153846154 0.02403846153846154
0 0.8389423076923077 0.25480769230769235 0.02403846153846154 0.02403846153846154
0 0.5384615384615385 0.32211538461538464 0.02403846153846154 0.02403846153846154
0 0.3317307692307693 0.2764423076923077 0.02403846153846154 0.02403846153846154
0 0.15865384615384617 0.3269230769230769 0.02403846153846154 0.02403846153846154
