0 0.37259615384615385 0.951923076923077 0.02403846153846154 0.02403846153846154
0 0.4447115384615385 0.9423076923076924 0.02403846153846154 0.02403846153846154
0 0.4014423076923077 0.9447115384615385 0.02403846153846154 0.02403846153846154
0 0.5360576923076923 0.9302884615384616 0.02403846153846154 0.02403846153846154
0 0.6418269230769231 0.90625 0.02403846153846154 0.02403846153846154
0 0.125 0.8629807692307693 0.02403846153846154 0.02403846153846154
0 0.3966346153846154 0.8413461538461539 0.02403846153846154 0.02403846153846154
0 0.34855769230769235 0.8100961538461539 0.02403846153846154 0.02403846153846154
0 0.5673076923076923 0.7980769230769231 0.02403846153846154 0.02403846153846154
0 0.9447115384615385 0.7980769230769231 0.02403846153846154 0.02403846153846154
0 0.6298076923076923 0.7836538461538461 0.02403846153846154 0.02403846153846154
0 0.20673076923076925 0.7596153846153847 0.02403846153846154 0.02403846153846154
0 0.25240384615384615 0.7427884615384616 0.02403846153846154 0.02403846153846154
0 0.5 0.71875 0.02403846153846154 0.02403846153846154
0 0.6298076923076923 0.7211538461538461 0.02403846153846154 0.02403846153846154
0 0.8966346153846154 0.7043269230769231 0.02403846153846154 0.02403846153846154
0 0.5168269230769231 0.6634615384615385 0.02403846153846154 0.02403846153846154
0 0.9326923076923077 0.670673076923077 0.02403846153846154 0.02403846153846154
0 0.19471153846153846 0.639423076923077 0.02403846153846154 0.02403846153846154
0 0.08413461538461539 0.6201923076923077 0.02403846153846154 0.02403846153846154
0 0.7403846153846154 0.6153846153846154 0.02403846153846154 0.02403846153846154
0 0.47355769230769235 0.5793269230769231 0.02403846153846154 0.02403846153846154
0 0.7524038461538461 0.5600961538461539 0.02403846153846154 0.02403846153846154
0 0.3125 0.5600961538461539 0.02403846153846154 0.02403846153846154
0 0.19471153846153846 0.5480769230769231 0.02403846153846154 0.02403846153846154
0 0.42307692307692313 0.545673076923077 0.02403846153846154 0.02403846153846154
0 0.34855769230769235 0.545673076923077 0.02403846153846154 0.02403846153846154
0 0.03125 0.5432692307692308 0.02403846153846154 0.02403846153846154
0 0.4903846153846154 0.48557692307692313 0.02403846153846154 0.02403846153846154
0 0.9711538461538463 0.4591346153846154 0.02403846153846154 0.02403846153846154
0 0.14903846153846154 0.44711538461538464 0.02403846153846154 0.02403846153846154
0 0.8461538461538463 0.39903846153846156 0.02403846153846154 0.02403846153846154
0 0.03365384615384616 0.3942307692307693 0.02403846153846154 0.02403846153846154
0 0.6466346153846154 0.3774038461538462 0.02403846153846154 0.02403846153846154
0 0.9399038461538463 0.3629807692307693 0.02403846153846154 0.02403846153846154
0 0.4711538461538462 0.34855769230769235 0.02403846153846154 0.02403846153846154
0 0.3605769230769231 0.3317307692307693 0.02403846153846154 0.02403846153846154
0 0.17548076923076925 0.3245192307692308 0.02403846153846154 0.02403846153846154
0 0.04326923076923077 0.31730769230769235 0.02403846153846154 0.02403846153846154
0 0.6802884615384616 0.3125 0.02403846153846154 0.02403846153846154
0 0.7475961538461539 0.3028846153846154 0.02403846153846154 0.02403846153846154
0 0.23076923076923078 0.2932692307692308 0.02403846153846154 0.02403846153846154
0 0.12259615384615385 0.27403846153846156 0.02403846153846154 0.02403846153846154
0 0.14182692307692307 0.2644230769230769 0.02403846153846154 0.02403846153846154
0 0.05048076923076923 0.2620192307692308 0.02403846153846154 0.02403846153846154
0 0.5576923076923077 0.2644230769230769 0.02403846153846154 0.02403846153846154
0 0.6346153846153847 0.23798076923076925 0.02403846153846154 0.02403846153846154
0 0.4519230769230769 0.21875 0.02403846153846154 0.02403846153846154
0 0.03605769230769231 0.21634615384615385 0.02403846153846154 0.02403846153846154
0 0.6177884615384616 0.21153846153846156 0.02403846153846154 0.02403846153846154
0 0.47836538461538464 0.20673076923076925 0.02403846153846154 0.02403846153846154
0 0.057692307692307696 0.19951923076923078 0.02403846153846154 0.02403846153846154
0 0.795673076923077 0.1875 0.02403846153846154 0.02403846153846154
0 0.6730769230769231 0.1875 0.02403846153846154 0.02403846153846154
0 0.2764423076923077 0.15625 0.02403846153846154 0.02403846153846154
0 0.4519230769230769 0.1514423076923077 0.02403846153846154 0.02403846153846154
0 0.18990384615384617 0.13461538461538464 0.02403846153846154 0.02403846153846154
0 0.4831730769230769 0.13461538461538464 0.02403846153846154 0.02403846153846154
0 0.04326923076923077 0.1201923076923077 0.02403846153846154 0.02403846153846154
0 0.8221153846153847 0.11538461538461539 0.02403846153846154 0.02403846153846154
0 0.6225961538461539 0.10817307692307693 0.02403846153846154 0.02403846153846154
0 0.11538461538461539 0.11057692307692309 0.02403846153846154 0.02403846153846154
0 0.4759615384615385 0.10096153846153846 0.02403846153846154 0.02403846153846154
0 0.8701923076923077 0.09855769230769232 0.02403846153846154 0.02403846153846154
0 0.6201923076923077 0.09134615384615385 0.02403846153846154 0.02403846153846154
0 0.8221153846153847 0.08653846153846154 0.02403846153846154 0.02403846153846154
0 0.7668269230769231 0.0889423076923077 0.02403846153846154 0.02403846153846154
0 0.9110576923076924 0.06009615384615385 0.02403846153846154 0.02403846153846154
0 0.78125 0.06490384615384616 0.02403846153846154 0.02403846153846154
0 0.670673076923077 0.05528846153846154 0.02403846153846154 0.02403846153846154
0 0.32211538461538464 0.04567307692307693 0.02403846153846154 0.02403846153846154
0 0.49278846153846156 0.03365384615384616 0.02403846153846154 0.02403846153846154
0 0.2644230769230769 0.028846153846153848 0.02403846153846154 0.02403846153846154
0 0.7283653846153847 0.5841346153846154 0.02403846153846154 0.02403846153846154
0 0.11778846153846155 0.07211538461538462 0.02403846153846154 0.02403846153846154
