0 0.09134615384615385 0.951923076923077 0.02403846153846154 0.02403846153846154
0 0.6682692307692308 0.9423076923076924 0.02403846153846154 0.02403846153846154
0 0.3557692307692308 0.8846153846153847 0.02403846153846154 0.02403846153846154
0 0.7668269230769231 0.875 0.02403846153846154 0.02403846153846154
0 0.7211538461538461 0.8605769230769231 0.02403846153846154 0.02403846153846154
0 0.3629807692307693 0.8485576923076924 0.02403846153846154 0.02403846153846154
0 0.5432692307692308 0.8221153846153847 0.02403846153846154 0.02403846153846154
0 0.9278846153846154 0.8004807692307693 0.02403846153846154 0.02403846153846154
0 0.16586538461538464 0.7932692307692308 0.02403846153846154 0.02403846153846154
0 0.31009615384615385 0.7980769230769231 0.02403846153846154 0.02403846153846154
0 0.9639423076923077 0.7788461538461539 0.02403846153846154 0.02403846153846154
0 0.44711538461538464 0.7716346153846154 0.02403846153846154 0.02403846153846154
0 0.03365384615384616 0.7668269230769231 0.02403846153846154 0.02403846153846154
0 0.7596153846153847 0.7596153846153847 0.02403846153846154 0.02403846153846154
0 0.04807692307692308 0.7548076923076924 0.02403846153846154 0.02403846153846154
0 0.7788461538461539 0.7427884615384616 0.02403846153846154 0.02403846153846154
0 0.5432692307692308 0.7235576923076924 0.02403846153846154 0.02403846153846154
0 0.8221153846153847 0.6875 0.02403846153846154 0.02403846153846154
0 0.2956730769230769 0.6514423076923077 0.02403846153846154 0.02403846153846154
0 0.06971153846153846 0.639423076923077 0.02403846153846154 0.02403846153846154
0 0.6370192307692308 0.6322115384615385 0.02403846153846154 0.02403846153846154
0 0.5432692307692308 0.6322115384615385 0.02403846153846154 0.02403846153846154
0 0.889423076923077 0.5865384615384616 0.02403846153846154 0.02403846153846154
0 0.3004807692307693 0.5408653846153847 0.02403846153846154 0.02403846153846154
0 0.5625 0.46875 0.02403846153846154 0.02403846153846154
0 0.07451923076923077 0.46153846153846156 0.02403846153846154 0.02403846153846154
0 0.9326923076923077 0.4519230769230769 0.02403846153846154 0.02403846153846154
0 0.5288461538461539 0.4495192307692308 0.02403846153846154 0.02403846153846154
0 0.8485576923076924 0.44711538461538464 0.02403846153846154 0.02403846153846154
0 0.3581730769230769 0.43028846153846156 0.02403846153846154 0.02403846153846154
0 0.4206730769230769 0.4254807692307693 0.02403846153846154 0.02403846153846154
0 0.7163461538461539 0.3942307692307693 0.02403846153846154 0.02403846153846154
0 0.5216346153846154 0.38461538461538464 0.02403846153846154 0.02403846153846154
0 0.6418269230769231 0.3774038461538462 0.02403846153846154 0.02403846153846154
0 0.5793269230769231 0.3629807692307693 0.02403846153846154 0.02403846153846154
0 0.38461538461538464 0.3245192307692308 0.02403846153846154 0.02403846153846154
0 0.5817307692307693 0.2980769230769231 0.02403846153846154 0.02403846153846154
0 0.875 0.2764423076923077 0.02403846153846154 0.02403846153846154
0 0.8461538461538463 0.2644230769230769 0.02403846153846154 0.02403846153846154
0 0.7764423076923077 0.23317307692307693 0.02403846153846154 0.02403846153846154
0 0.6995192307692308 0.2043269230769231 0.02403846153846154 0.02403846153846154
0 0.7932692307692308 0.20192307692307693 0.02403846153846154 0.02403846153846154
0 0.06971153846153846 0.19711538461538464 0.02403846153846154 0.02403846153846154
0 0.9615384615384616 0.19230769230769232 0.02403846153846154 0.02403846153846154
0 0.6225961538461539 0.18028846153846154 0.02403846153846154 0.02403846153846154
0 0.8245192307692308 0.1466346153846154 0.02403846153846154 0.02403846153846154
0 0.7139423076923077 0.1466346153846154 0.02403846153846154 0.02403846153846154
0 0.31730769230769235 0.14903846153846154 0.02403846153846154 0.02403846153846154
0 0.21875 0.13221153846153846 0.02403846153846154 0.02403846153846154
0 0.5625 0.12980769230769232 0.02403846153846154 0.02403846153846154
0 0.38461538461538464 0.11298076923076923 0.02403846153846154 0.02403846153846154
0 0.8990384615384616 0.0889423076923077 0.02403846153846154 0.02403846153846154
0 0.8125 0.06009615384615385 0.02403846153846154 0.02403846153846154
0 0.889423076923077 0.028846153846153848 0.02403846153846154 0.02403846153846154
0 0.23076923076923078 0.24759615384615385 0.02403846153846154 0.02403846153846154
0 0.3557692307692308 0.24759615384615385 0.02403846153846154 0.02403846153846154
0 0.1201923076923077 0.19951923076923078 0.02403846153846154 0.02403846153846154
0 0.24278846153846156 0.03365384615384616 0.02403846153846154 0.02403846153846154
0 0.7067307692307693 0.8100961538461539 0.02403846153846154 0.02403846153846154
0 0.8870192307692308 0.12740384615384617 0.02403846153846154 0.02403846153846154
0 0.6802884615384616 0.08173076923076923 0.02403846153846154 0.02403846153846154
0 0.5072115384615384 0.13221153846153846 0.02403846153846154 0.02403846153846154
0 0.34134615384615385 0.37259615384615385 0.02403846153846154 0.02403846153846154
