0 0.2764423076923077 0.9639423076923077 0.02403846153846154 0.02403846153846154
0 0.7451923076923077 0.951923076923077 0.02403846153846154 0.02403846153846154
0 0.889423076923077 0.9014423076923077 0.02403846153846154 0.02403846153846154
0 0.6634615384615385 0.8846153846153847 0.02403846153846154 0.02403846153846154
0 0.826923076923077 0.875 0.02403846153846154 0.02403846153846154
0 0.5480769230769231 0.8245192307692308 0.02403846153846154 0.02403846153846154
0 0.7475961538461539 0.8125 0.02403846153846154 0.02403846153846154
0 0.3341346153846154 0.8100961538461539 0.02403846153846154 0.02403846153846154
0 0.920673076923077 0.7980769230769231 0.02403846153846154 0.02403846153846154
0 0.4254807692307693 0.7932692307692308 0.02403846153846154 0.02403846153846154
0 0.6322115384615385 0.7836538461538461 0.02403846153846154 0.02403846153846154
0 0.8629807692307693 0.764423076923077 0.02403846153846154 0.02403846153846154
0 0.5168269230769231 0.7668269230769231 0.02403846153846154 0.02403846153846154
0 0.1514423076923077 0.7379807692307693 0.02403846153846154 0.02403846153846154
0 0.11298076923076923 0.7668269230769231 0.02403846153846154 0.02403846153846154
0 0.31490384615384615 0.7283653846153847 0.02403846153846154 0.02403846153846154
0 0.795673076923077 0.7283653846153847 0.02403846153846154 0.02403846153846154
0 0.9230769230769231 0.701923076923077 0.02403846153846154 0.02403846153846154
0 0.8629807692307693 0.6899038461538461 0.02403846153846154 0.02403846153846154
0 0.5336538461538461 0.6850961538461539 0.02403846153846154 0.02403846153846154
0 0.125 0.6418269230769231 0.02403846153846154 0.02403846153846154
0 0.20673076923076925 0.6274038461538461 0.02403846153846154 0.02403846153846154
0 0.514423076923077 0.6298076923076923 0.02403846153846154 0.02403846153846154
0 0.6971153846153847 0.6225961538461539 0.02403846153846154 0.02403846153846154
0 0.5649038461538461 0.6225961538461539 0.02403846153846154 0.02403846153846154
0 0.4326923076923077 0.6105769230769231 0.02403846153846154 0.02403846153846154
0 0.5721153846153847 0.5889423076923077 0.02403846153846154 0.02403846153846154
0 0.3004807692307693 0.59375 0.02403846153846154 0.02403846153846154
0 0.6442307692307693 0.5480769230769231 0.02403846153846154 0.02403846153846154
0 0.7403846153846154 0.4951923076923077 0.02403846153846154 0.02403846153846154
0 0.6875 0.48557692307692313 0.02403846153846154 0.02403846153846154
0 0.2139423076923077 0.4567307692307693 0.02403846153846154 0.02403846153846154
0 0.4639423076923077 0.4519230769230769 0.02403846153846154 0.02403846153846154
0 0.5264423076923077 0.44711538461538464 0.02403846153846154 0.02403846153846154
0 0.42307692307692313 0.4495192307692308 0.02403846153846154 0.02403846153846154
0 0.4879807692307693 0.4254807692307693 0.02403846153846154 0.02403846153846154
0 0.75 0.4254807692307693 0.02403846153846154 0.02403846153846154
0 0.8317307692307693 0.4182692307692308 0.02403846153846154 0.02403846153846154
0 0.5288461538461539 0.41586538461538464 0.02403846153846154 0.02403846153846154
0 0.11538461538461539 0.3870192307692308 0.02403846153846154 0.02403846153846154
0 0.22596153846153846 0.3822115384615385 0.02403846153846154 0.02403846153846154
0 0.46153846153846156 0.37259615384615385 0.02403846153846154 0.02403846153846154
0 0.20192307692307693 0.35336538461538464 0.02403846153846154 0.02403846153846154
0 0.951923076923077 0.34855769230769235 0.02403846153846154 0.02403846153846154
0 0.46875 0.3197115384615385 0.02403846153846154 0.02403846153846154
0 0.2091346153846154 0.31730769230769235 0.02403846153846154 0.02403846153846154
0 0.5288461538461539 0.3028846153846154 0.02403846153846154 0.02403846153846154
0 0.8798076923076924 0.28125 0.02403846153846154 0.02403846153846154
0 0.2043269230769231 0.27884615384615385 0.02403846153846154 0.02403846153846154
0 0.8100961538461539 0.2620192307692308 0.02403846153846154 0.02403846153846154
0 0.8509615384615385 0.21875 0.02403846153846154 0.02403846153846154
0 0.7908653846153847 0.21153846153846156 0.02403846153846154 0.02403846153846154
0 0.08173076923076923 0.18509615384615385 0.02403846153846154 0.02403846153846154
0 0.35336538461538464 0.18028846153846154 0.02403846153846154 0.02403846153846154
0 0.65625 0.17548076923076925 0.02403846153846154 0.02403846153846154
0 0.3629807692307693 0.16105769230769232 0.02403846153846154 0.02403846153846154
0 0.7620192307692308 0.0889423076923077 0.02403846153846154 0.02403846153846154
0 0.8725961538461539 0.06730769230769232 0.02403846153846154 0.02403846153846154
0 0.7115384615384616 0.06490384615384616 0.02403846153846154 0.02403846153846154
0 0.7427884615384616 0.0625 0.02403846153846154 0.02403846153846154
0 0.22596153846153846 0.03125 0.02403846153846154 0.02403846153846154
0 0.4495192307692308 0.028846153846153848 0.02403846153846154 0.02403846153846154
0 0.07692307692307693 0.2091346153846154 0.02403846153846154 0.02403846153846154
