0 0.6418269230769231 0.9567307692307693 0.02403846153846154 0.02403846153846154
0 0.43028846153846156 0.8533653846153847 0.02403846153846154 0.02403846153846154
0 0.6730769230769231 0.7524038461538461 0.02403846153846154 0.02403846153846154
0 0.5504807692307693 0.71875 0.02403846153846154 0.02403846153846154
0 0.7091346153846154 0.6177884615384616 0.02403846153846154 0.02403846153846154
0 0.1514423076923077 0.5913461538461539 0.02403846153846154 0.02403846153846154
0 0.5216346153846154 0.576923076923077 0.02403846153846154 0.02403846153846154
0 0.40384615384615385 0.5576923076923077 0.02403846153846154 0.02403846153846154
0 0.7259615384615385 0.5216346153846154 0.02403846153846154 0.02403846153846154
0 0.3317307692307693 0.4951923076923077 0.02403846153846154 0.02403846153846154
0 0.2884615384615385 0.3581730769230769 0.02403846153846154 0.02403846153846154
0 0.18028846153846154 0.32211538461538464 0.02403846153846154 0.02403846153846154
0 0.23076923076923078 0.3125 0.02403846153846154 0.02403846153846154
0 0.90625 0.2956730769230769 0.02403846153846154 0.02403846153846154
0 0.17067307692307693 0.2980769230769231 0.02403846153846154 0.02403846153846154
0 0.6225961538461539 0.25961538461538464 0.02403846153846154 0.02403846153846154
0 0.46634615384615385 0.2620192307692308 0.02403846153846154 0.02403846153846154
0 0.41105769230769235 0.23076923076923078 0.02403846153846154 0.02403846153846154
0 0.1514423076923077 0.2043269230769231 0.02403846153846154 0.02403846153846154
0 0.9399038461538463 0.1875 0.02403846153846154 0.02403846153846154
0 0.4447115384615385 0.12740384615384617 0.02403846153846154 0.02403846153846154
0 0.7451923076923077 0.10576923076923078 0.02403846153846154 0.02403846153846154
0 0.20673076923076925 0.09375 0.02403846153846154 0.02403846153846154
0 0.5120192307692308 0.05048076923076923 0.02403846153846154 0.02403846153846154
0 0.9639423076923077 0.7067307692307693 0.02403846153846154 0.02403846153846154
0 0.9254807692307693 0.6129807692307693 0.02403846153846154 0.02403846153846154
0 0.8822115384615385 0.5697115384615385 0.02403846153846154 0.02403846153846154
0 0.951923076923077 0.10576923076923078 0.02403846153846154 0.02403846153846154
0 0.9302884615384616 0.2668269230769231 0.02403846153846154 0.02403846153846154
0 0.90625 0.21875 0.02403846153846154 0.02403846153846154
0 0.7884615384615385 0.18028846153846154 0.02403846153846154 0.02403846153846154
0 0.5745192307692308 0.12259615384615385 0.02403846153846154 0.02403846153846154
0 0.6610576923076923 0.15625 0.02403846153846154 0.02403846153846154
0 0.5600961538461539 0.23317307692307693 0.02403846153846154 0.02403846153846154
0 0.6514423076923077 0.34855769230769235 0.02403846153846154 0.02403846153846154
0 0.7139423076923077 0.37980769230769235 0.02403846153846154 0.02403846153846154
0 0.7764423076923077 0.4711538461538462 0.02403846153846154 0.02403846153846154
0 0.4831730769230769 0.4903846153846154 0.02403846153846154 0.02403846153846154
0 0.375 0.4134615384615385 0.02403846153846154 0.02403846153846154
0 0.31490384615384615 0.42307692307692313 0.02403846153846154 0.02403846153846154
0 0.25 0.34615384615384615 0.02403846153846154 0.02403846153846154
0 0.2932692307692308 0.27403846153846156 0.02403846153846154 0.02403846153846154
0 0.3269230769230769 0.19951923076923078 0.02403846153846154 0.02403846153846154
0 0.28125 0.16586538461538464 0.02403846153846154 0.02403846153846154
0 0.3894230769230769 0.22596153846153846 0.02403846153846154 0.02403846153846154
0 0.22355769230769232 0.16346153846153846 0.02403846153846154 0.02403846153846154
0 0.22836538461538464 0.21634615384615385 0.02403846153846154 0.02403846153846154
0 0.03365384615384616 0.05528846153846154 0.02403846153846154 0.02403846153846154
0 0.04567307692307693 0.31490384615384615 0.02403846153846154 0.02403846153846154
0 0.04326923076923077 0.3581730769230769 0.02403846153846154 0.02403846153846154
0 0.038461538461538464 0.34134615384615385 0.02403846153846154 0.02403846153846154
0 0.13701923076923078 0.7091346153846154 0.02403846153846154 0.02403846153846154
0 0.3822115384615385 0.6298076923076923 0.02403846153846154 0.02403846153846154
0 0.4903846153846154 0.59375 0.02403846153846154 0.02403846153846154
0 0.37259615384615385 0.8173076923076924 0.02403846153846154 0.02403846153846154
0 0.5600961538461539 0.7427884615384616 0.02403846153846154 0.02403846153846154
