0 0.5408653846153847 0.8317307692307693 0.02403846153846154 0.02403846153846154
0 0.18028846153846154 0.6971153846153847 0.02403846153846154 0.02403846153846154
0 0.21153846153846156 0.49278846153846156 0.02403846153846154 0.02403846153846154
0 0.0889423076923077 0.4591346153846154 0.02403846153846154 0.02403846153846154
0 0.24759615384615385 0.3581730769230769 0.02403846153846154 0.02403846153846154
0 0.06009615384615385 0.31730769230769235 0.02403846153846154 0.02403846153846154
0 0.2644230769230769 0.2620192307692308 0.02403846153846154 0.02403846153846154
0 0.4447115384615385 0.03605769230769231 0.02403846153846154 0.02403846153846154
0 0.9471153846153847 0.41105769230769235 0.02403846153846154 0.02403846153846154
0 0.5024038461538461 0.44711538461538464 0.02403846153846154 0.02403846153846154
0 0.4639423076923077 0.35336538461538464 0.02403846153846154 0.02403846153846154
0 0.4206730769230769 0.31009615384615385 0.02403846153846154 0.02403846153846154
0 0.6129807692307693 0.31730769230769235 0.02403846153846154 0.02403846153846154
0 0.7860576923076924 0.2403846153846154 0.02403846153846154 0.02403846153846154
0 0.18990384615384617 0.0889423076923077 0.02403846153846154 0.02403846153846154
0 0.25240384615384615 0.1201923076923077 0.02403846153846154 0.02403846153846154
0 0.31490384615384615 0.21153846153846156 0.02403846153846154 0.02403846153846154
0 0.021634615384615384 0.23076923076923078 0.02403846153846154 0.02403846153846154
0 0.028846153846153848 0.3341346153846154 0.02403846153846154 0.02403846153846154
0 0.8004807692307693 0.826923076923077 0.02403846153846154 0.02403846153846154
0 0.09855769230769232 0.4831730769230769 0.02403846153846154 0.02403846153846154
