0 0.14182692307692307 0.9038461538461539 0.02403846153846154 0.02403846153846154
0 0.3341346153846154 0.8870192307692308 0.02403846153846154 0.02403846153846154
0 0.6442307692307693 0.8846153846153847 0.02403846153846154 0.02403846153846154
0 0.4495192307692308 0.7932692307692308 0.02403846153846154 0.02403846153846154
0 0.9447115384615385 0.733173076923077 0.02403846153846154 0.02403846153846154
0 0.21634615384615385 0.71875 0.02403846153846154 0.02403846153846154
0 0.2403846153846154 0.6754807692307693 0.02403846153846154 0.02403846153846154
0 0.4375 0.670673076923077 0.02403846153846154 0.02403846153846154
0 0.05528846153846154 0.5600961538461539 0.02403846153846154 0.02403846153846154
0 0.6658653846153847 0.4711538461538462 0.02403846153846154 0.02403846153846154
0 0.9182692307692308 0.4375 0.02403846153846154 0.02403846153846154
0 0.8461538461538463 0.375 0.02403846153846154 0.02403846153846154
0 0.3028846153846154 0.3197115384615385 0.02403846153846154 0.02403846153846154
0 0.3269230769230769 0.3028846153846154 0.02403846153846154 0.02403846153846154
0 0.36778846153846156 0.28125 0.02403846153846154 0.02403846153846154
0 0.8028846153846154 0.23798076923076925 0.02403846153846154 0.02403846153846154
0 0.04567307692307693 0.20673076923076925 0.02403846153846154 0.02403846153846154
0 0.6947115384615385 0.20192307692307693 0.02403846153846154 0.02403846153846154
0 0.7451923076923077 0.19230769230769232 0.02403846153846154 0.02403846153846154
0 0.31009615384615385 0.19230769230769232 0.02403846153846154 0.02403846153846154
0 0.6850961538461539 0.1778846153846154 0.02403846153846154 0.02403846153846154
0 0.5120192307692308 0.17307692307692307 0.02403846153846154 0.02403846153846154
0 0.18028846153846154 0.17067307692307693 0.02403846153846154 0.02403846153846154
0 0.9254807692307693 0.11057692307692309 0.02403846153846154 0.02403846153846154
0 0.4447115384615385 0.10817307692307693 0.02403846153846154 0.02403846153846154
0 0.6658653846153847 0.08413461538461539 0.02403846153846154 0.02403846153846154
0 0.2355769230769231 0.06730769230769232 0.02403846153846154 0.02403846153846154
0 0.889423076923077 0.2932692307692308 0.02403846153846154 0.02403846153846154
0 0.8293269230769231 0.3028846153846154 0.02403846153846154 0.02403846153846154
0 0.764423076923077 0.22596153846153846 0.02403846153846154 0.02403846153846154
0 0.8076923076923077 0.15384615384615385 0.02403846153846154 0.02403846153846154
0 0.8413461538461539 0.07932692307692309 0.02403846153846154 0.02403846153846154
0 0.795673076923077 0.04567307692307693 0.02403846153846154 0.02403846153846154
0 0.9038461538461539 0.10576923076923078 0.02403846153846154 0.02403846153846154
0 0.7379807692307693 0.04326923076923077 0.02403846153846154 0.02403846153846154
0 0.7427884615384616 0.09615384615384616 0.02403846153846154 0.02403846153846154
0 0.5264423076923077 0.09615384615384616 0.02403846153846154 0.02403846153846154
0 0.4591346153846154 0.05528846153846154 0.02403846153846154 0.02403846153846154
0 0.5600961538461539 0.19471153846153846 0.02403846153846154 0.02403846153846154
0 0.5576923076923077 0.23798076923076925 0.02403846153846154 0.02403846153846154
0 0.5528846153846154 0.22115384615384617 0.02403846153846154 0.02403846153846154
0 0.4831730769230769 0.19951923076923078 0.02403846153846154 0.02403846153846154
0 0.4014423076923077 0.19951923076923078 0.02403846153846154 0.02403846153846154
0 0.2620192307692308 0.43028846153846156 0.02403846153846154 0.02403846153846154
0 0.48557692307692313 0.5024038461538461 0.02403846153846154 0.02403846153846154
0 0.4903846153846154 0.5336538461538461 0.02403846153846154 0.02403846153846154
0 0.6514423076923077 0.5889423076923077 0.02403846153846154 0.02403846153846154
0 0.8966346153846154 0.5096153846153847 0.02403846153846154 0.02403846153846154
0 0.8870192307692308 0.6971153846153847 0.02403846153846154 0.02403846153846154
0 0.3028846153846154 0.53125 0.02403846153846154 0.02403846153846154
0 0.11298076923076923 0.4278846153846154 0.02403846153846154 0.02403846153846154
0 0.04326923076923077 0.40384615384615385 0.02403846153846154 0.02403846153846154
0 0.06009615384615385 0.6298076923076923 0.02403846153846154 0.02403846153846154
0 0.07692307692307693 0.8221153846153847 0.02403846153846154 0.02403846153846154
0 0.24759615384615385 0.7283653846153847 0.02403846153846154 0.02403846153846154
