0 0.20192307692307693 0.8629807692307693 0.02403846153846154 0.02403846153846154
0 0.05288461538461539 0.8076923076923077 0.02403846153846154 0.02403846153846154
0 0.2956730769230769 0.7091346153846154 0.02403846153846154 0.02403846153846154
0 0.5841346153846154 0.5721153846153847 0.02403846153846154 0.02403846153846154
0 0.17548076923076925 0.5192307692307693 0.02403846153846154 0.02403846153846154
0 0.3004807692307693 0.4951923076923077 0.02403846153846154 0.02403846153846154
0 0.08173076923076923 0.45432692307692313 0.02403846153846154 0.02403846153846154
0 0.6466346153846154 0.33653846153846156 0.02403846153846154 0.02403846153846154
0 0.10817307692307693 0.33653846153846156 0.02403846153846154 0.02403846153846154
0 0.05528846153846154 0.29086538461538464 0.02403846153846154 0.02403846153846154
0 0.3245192307692308 0.25961538461538464 0.02403846153846154 0.02403846153846154
0 0.05528846153846154 0.25240384615384615 0.02403846153846154 0.02403846153846154
0 0.10817307692307693 0.2091346153846154 0.02403846153846154 0.02403846153846154
0 0.16586538461538464 0.17548076923076925 0.02403846153846154 0.02403846153846154
0 0.7163461538461539 0.16586538461538464 0.02403846153846154 0.02403846153846154
0 0.3076923076923077 0.057692307692307696 0.02403846153846154 0.02403846153846154
0 0.43028846153846156 0.03125 0.02403846153846154 0.02403846153846154
0 0.23317307692307693 0.07692307692307693 0.02403846153846154 0.02403846153846154
0 0.19230769230769232 0.09375 0.02403846153846154 0.02403846153846154
0 0.22836538461538464 0.1201923076923077 0.02403846153846154 0.02403846153846154
0 0.2956730769230769 0.15865384615384617 0.02403846153846154 0.02403846153846154
0 0.34375 0.19471153846153846 0.02403846153846154 0.02403846153846154
0 0.38461538461538464 0.21634615384615385 0.02403846153846154 0.02403846153846154
0 0.27403846153846156 0.22836538461538464 0.02403846153846154 0.02403846153846154
0 0.1826923076923077 0.23798076923076925 0.02403846153846154 0.02403846153846154
0 0.15384615384615385 0.27403846153846156 0.02403846153846154 0.02403846153846154
0 0.11778846153846155 0.49278846153846156 0.02403846153846154 0.02403846153846154
0 0.19711538461538464 0.4711538461538462 0.02403846153846154 0.02403846153846154
0 0.08173076923076923 0.5625 0.02403846153846154 0.02403846153846154
0 0.17067307692307693 0.7596153846153847 0.02403846153846154 0.02403846153846154
0 0.125 0.733173076923077 0.02403846153846154 0.02403846153846154
0 0.07692307692307693 0.7139423076923077 0.02403846153846154 0.02403846153846154
0 0.04807692307692308 0.858173076923077 0.02403846153846154 0.02403846153846154
0 0.22836538461538464 0.25961538461538464 0.02403846153846154 0.02403846153846154
0 0.28125 0.3076923076923077 0.02403846153846154 0.02403846153846154
0 0.3341346153846154 0.3629807692307693 0.02403846153846154 0.02403846153846154
0 0.4326923076923077 0.2764423076923077 0.02403846153846154 0.02403846153846154
0 0.44230769230769235 0.3389423076923077 0.02403846153846154 0.02403846153846154
0 0.37980769230769235 0.47355769230769235 0.02403846153846154 0.02403846153846154
0 0.3822115384615385 0.6129807692307693 0.02403846153846154 0.02403846153846154
0 0.35336538461538464 0.6370192307692308 0.02403846153846154 0.02403846153846154
0 0.3942307692307693 0.6610576923076923 0.02403846153846154 0.02403846153846154
0 0.46875 0.6610576923076923 0.02403846153846154 0.02403846153846154
0 0.4591346153846154 0.7475961538461539 0.02403846153846154 0.02403846153846154
0 0.46153846153846156 0.4903846153846154 0.02403846153846154 0.02403846153846154
0 0.2620192307692308 0.5600961538461539 0.02403846153846154 0.02403846153846154
0 0.27403846153846156 0.6538461538461539 0.02403846153846154 0.02403846153846154
0 0.24759615384615385 0.8004807692307693 0.02403846153846154 0.02403846153846154
0 0.18028846153846154 0.8004807692307693 0.02403846153846154 0.02403846153846154
