0 0.608173076923077 0.9591346153846154 0.02403846153846154 0.02403846153846154
0 0.03605769230769231 0.9447115384615385 0.02403846153846154 0.02403846153846154
0 0.9134615384615385 0.9158653846153847 0.02403846153846154 0.02403846153846154
0 0.0625 0.889423076923077 0.02403846153846154 0.02403846153846154
0 0.8245192307692308 0.8605769230769231 0.02403846153846154 0.02403846153846154
0 0.5360576923076923 0.8341346153846154 0.02403846153846154 0.02403846153846154
0 0.5288461538461539 0.8052884615384616 0.02403846153846154 0.02403846153846154
0 0.1875 0.7668269230769231 0.02403846153846154 0.02403846153846154
0 0.8798076923076924 0.7572115384615385 0.02403846153846154 0.02403846153846154
0 0.06971153846153846 0.6754807692307693 0.02403846153846154 0.02403846153846154
0 0.9038461538461539 0.6634615384615385 0.02403846153846154 0.02403846153846154
0 0.9375 0.6105769230769231 0.02403846153846154 0.02403846153846154
0 0.6129807692307693 0.5985576923076923 0.02403846153846154 0.02403846153846154
0 0.8870192307692308 0.59375 0.02403846153846154 0.02403846153846154
0 0.7908653846153847 0.5745192307692308 0.02403846153846154 0.02403846153846154
0 0.9711538461538463 0.5697115384615385 0.02403846153846154 0.02403846153846154
0 0.08653846153846154 0.5432692307692308 0.02403846153846154 0.02403846153846154
0 0.6466346153846154 0.5072115384615384 0.02403846153846154 0.02403846153846154
0 0.9471153846153847 0.4807692307692308 0.02403846153846154 0.02403846153846154
0 0.1875 0.4759615384615385 0.02403846153846154 0.02403846153846154
0 0.8822115384615385 0.4591346153846154 0.02403846153846154 0.02403846153846154
0 0.7716346153846154 0.4567307692307693 0.02403846153846154 0.02403846153846154
0 0.9086538461538463 0.4326923076923077 0.02403846153846154 0.02403846153846154
0 0.3894230769230769 0.4326923076923077 0.02403846153846154 0.02403846153846154
0 0.2043269230769231 0.4326923076923077 0.02403846153846154 0.02403846153846154
0 0.7716346153846154 0.4254807692307693 0.02403846153846154 0.02403846153846154
0 0.8822115384615385 0.42307692307692313 0.02403846153846154 0.02403846153846154
0 0.3774038461538462 0.4206730769230769 0.02403846153846154 0.02403846153846154
0 0.2572115384615385 0.4182692307692308 0.02403846153846154 0.02403846153846154
0 0.6778846153846154 0.4086538461538462 0.02403846153846154 0.02403846153846154
0 0.7740384615384616 0.3966346153846154 0.02403846153846154 0.02403846153846154
0 0.6995192307692308 0.3942307692307693 0.02403846153846154 0.02403846153846154
0 0.6057692307692308 0.3822115384615385 0.02403846153846154 0.02403846153846154
0 0.3245192307692308 0.375 0.02403846153846154 0.02403846153846154
0 0.9471153846153847 0.3701923076923077 0.02403846153846154 0.02403846153846154
0 0.19951923076923078 0.3653846153846154 0.02403846153846154 0.02403846153846154
0 0.6923076923076923 0.3581730769230769 0.02403846153846154 0.02403846153846154
0 0.8461538461538463 0.3341346153846154 0.02403846153846154 0.02403846153846154
0 0.90625 0.3269230769230769 0.02403846153846154 0.02403846153846154
0 0.43028846153846156 0.3245192307692308 0.02403846153846154 0.02403846153846154
0 0.11778846153846155 0.3245192307692308 0.02403846153846154 0.02403846153846154
0 0.6490384615384616 0.32211538461538464 0.02403846153846154 0.02403846153846154
0 0.5625 0.31490384615384615 0.02403846153846154 0.02403846153846154
0 0.13942307692307693 0.3125 0.02403846153846154 0.02403846153846154
0 0.8125 0.31009615384615385 0.02403846153846154 0.02403846153846154
0 0.23317307692307693 0.31009615384615385 0.02403846153846154 0.02403846153846154
0 0.7355769230769231 0.3028846153846154 0.02403846153846154 0.02403846153846154
0 0.5192307692307693 0.2932692307692308 0.02403846153846154 0.02403846153846154
0 0.31730769230769235 0.2932692307692308 0.02403846153846154 0.02403846153846154
0 0.18509615384615385 0.2932692307692308 0.02403846153846154 0.02403846153846154
0 0.8341346153846154 0.2884615384615385 0.02403846153846154 0.02403846153846154
0 0.28605769230769235 0.28605769230769235 0.02403846153846154 0.02403846153846154
0 0.42307692307692313 0.27403846153846156 0.02403846153846154 0.02403846153846154
0 0.46634615384615385 0.2620192307692308 0.02403846153846154 0.02403846153846154
0 0.34375 0.25961538461538464 0.02403846153846154 0.02403846153846154
0 0.10336538461538462 0.25480769230769235 0.02403846153846154 0.02403846153846154
0 0.7139423076923077 0.24759615384615385 0.02403846153846154 0.02403846153846154
0 0.8413461538461539 0.25 0.02403846153846154 0.02403846153846154
0 0.7572115384615385 0.2355769230769231 0.02403846153846154 0.02403846153846154
0 0.25240384615384615 0.22355769230769232 0.02403846153846154 0.02403846153846154
0 0.3389423076923077 0.21634615384615385 0.02403846153846154 0.02403846153846154
0 0.6033653846153847 0.2139423076923077 0.02403846153846154 0.02403846153846154
0 0.8822115384615385 0.18990384615384617 0.02403846153846154 0.02403846153846154
0 0.4831730769230769 0.18509615384615385 0.02403846153846154 0.02403846153846154
0 0.2980769230769231 0.17067307692307693 0.02403846153846154 0.02403846153846154
0 0.8629807692307693 0.14903846153846154 0.02403846153846154 0.02403846153846154
0 0.6033653846153847 0.14423076923076925 0.02403846153846154 0.02403846153846154
0 0.07692307692307693 0.12740384615384617 0.02403846153846154 0.02403846153846154
0 0.3245192307692308 0.12259615384615385 0.02403846153846154 0.02403846153846154
0 0.5841346153846154 0.1201923076923077 0.02403846153846154 0.02403846153846154
0 0.1514423076923077 0.11778846153846155 0.02403846153846154 0.02403846153846154
0 0.2716346153846154 0.11057692307692309 0.02403846153846154 0.02403846153846154
0 0.7980769230769231 0.10096153846153846 0.02403846153846154 0.02403846153846154
0 0.4182692307692308 0.10096153846153846 0.02403846153846154 0.02403846153846154
0 0.65625 0.09375 0.02403846153846154 0.02403846153846154
0 0.37980769230769235 0.0889423076923077 0.02403846153846154 0.02403846153846154
0 0.36778846153846156 0.07692307692307693 0.02403846153846154 0.02403846153846154
0 0.6466346153846154 0.06490384615384616 0.02403846153846154 0.02403846153846154
0 0.040865384615384616 0.05288461538461539 0.02403846153846154 0.02403846153846154
0 0.7427884615384616 0.04807692307692308 0.02403846153846154 0.02403846153846154
0 0.06971153846153846 0.040865384615384616 0.02403846153846154 0.02403846153846154
0 0.16346153846153846 0.026442307692307696 0.02403846153846154 0.02403846153846154
0 0.25240384615384615 0.5288461538461539 0.02403846153846154 0.02403846153846154
0 0.16586538461538464 0.5024038461538461 0.02403846153846154 0.02403846153846154
0 0.09615384615384616 0.4903846153846154 0.02403846153846154 0.02403846153846154
0 0.14903846153846154 0.4254807692307693 0.02403846153846154 0.02403846153846154
0 0.19711538461538464 0.3966346153846154 0.02403846153846154 0.02403846153846154
0 0.0625 0.3557692307692308 0.02403846153846154 0.02403846153846154
0 0.08413461538461539 0.20673076923076925 0.02403846153846154 0.02403846153846154
0 0.11778846153846155 0.21875 0.02403846153846154 0.02403846153846154
0 0.13701923076923078 0.22355769230769232 0.02403846153846154 0.02403846153846154
0 0.13942307692307693 0.16105769230769232 0.02403846153846154 0.02403846153846154
0 0.15384615384615385 0.1875 0.02403846153846154 0.02403846153846154
0 0.1875 0.17307692307692307 0.02403846153846154 0.02403846153846154
0 0.17067307692307693 0.12980769230769232 0.02403846153846154 0.02403846153846154
0 0.125 0.06490384615384616 0.02403846153846154 0.02403846153846154
0 0.2644230769230769 0.25961538461538464 0.02403846153846154 0.02403846153846154
0 0.28125 0.2956730769230769 0.02403846153846154 0.02403846153846154
0 0.30528846153846156 0.3557692307692308 0.02403846153846154 0.02403846153846154
0 0.3076923076923077 0.4134615384615385 0.02403846153846154 0.02403846153846154
0 0.28365384615384615 0.4495192307692308 0.02403846153846154 0.02403846153846154
0 0.4759615384615385 0.5721153846153847 0.02403846153846154 0.02403846153846154
0 0.4447115384615385 0.6466346153846154 0.02403846153846154 0.02403846153846154
0 0.4951923076923077 0.608173076923077 0.02403846153846154 0.02403846153846154
0 0.3341346153846154 0.5096153846153847 0.02403846153846154 0.02403846153846154
0 0.4591346153846154 0.3605769230769231 0.02403846153846154 0.02403846153846154
0 0.40625 0.3942307692307693 0.02403846153846154 0.02403846153846154
0 0.47836538461538464 0.31730769230769235 0.02403846153846154 0.02403846153846154
0 0.3605769230769231 0.16826923076923078 0.02403846153846154 0.02403846153846154
0 0.4903846153846154 0.15384615384615385 0.02403846153846154 0.02403846153846154
0 0.5793269230769231 0.10576923076923078 0.02403846153846154 0.02403846153846154
0 0.5625 0.22836538461538464 0.02403846153846154 0.02403846153846154
0 0.4807692307692308 0.09375 0.02403846153846154 0.02403846153846154
0 0.6514423076923077 0.23798076923076925 0.02403846153846154 0.02403846153846154
0 0.6802884615384616 0.41586538461538464 0.02403846153846154 0.02403846153846154
0 0.8100961538461539 0.4951923076923077 0.02403846153846154 0.02403846153846154
0 0.9543269230769231 0.43509615384615385 0.02403846153846154 0.02403846153846154
0 0.9615384615384616 0.5889423076923077 0.02403846153846154 0.02403846153846154
0 0.65625 0.03605769230769231 0.02403846153846154 0.02403846153846154
0 0.8725961538461539 0.04807692307692308 0.02403846153846154 0.02403846153846154
0 0.8629807692307693 0.07932692307692309 0.02403846153846154 0.02403846153846154
0 0.9495192307692308 0.1514423076923077 0.02403846153846154 0.02403846153846154
0 0.8365384615384616 0.16105769230769232 0.02403846153846154 0.02403846153846154
0 0.858173076923077 0.19471153846153846 0.02403846153846154 0.02403846153846154
0 0.9471153846153847 0.7908653846153847 0.02403846153846154 0.02403846153846154
0 0.9663461538461539 0.733173076923077 0.02403846153846154 0.02403846153846154
0 0.47836538461538464 0.8004807692307693 0.02403846153846154 0.02403846153846154
0 0.34375 0.889423076923077 0.02403846153846154 0.02403846153846154
0 0.4014423076923077 0.8870192307692308 0.02403846153846154 0.02403846153846154
0 0.43509615384615385 0.920673076923077 0.02403846153846154 0.02403846153846154
0 0.11778846153846155 0.8990384615384616 0.02403846153846154 0.02403846153846154
0 0.16346153846153846 0.8870192307692308 0.02403846153846154 0.02403846153846154
0 0.12259615384615385 0.6586538461538461 0.02403846153846154 0.02403846153846154
