0 0.5625 0.9495192307692308 0.02403846153846154 0.02403846153846154
0 0.3509615384615385 0.8461538461538463 0.02403846153846154 0.02403846153846154
0 0.59375 0.7451923076923077 0.02403846153846154 0.02403846153846154
0 0.4711538461538462 0.7115384615384616 0.02403846153846154 0.02403846153846154
0 0.6298076923076923 0.6105769230769231 0.02403846153846154 0.02403846153846154
0 0.07211538461538462 0.5841346153846154 0.02403846153846154 0.02403846153846154
0 0.44230769230769235 0.5697115384615385 0.02403846153846154 0.02403846153846154
0 0.3245192307692308 0.5504807692307693 0.02403846153846154 0.02403846153846154
0 0.6466346153846154 0.514423076923077 0.02403846153846154 0.02403846153846154
0 0.25240384615384615 0.4879807692307693 0.02403846153846154 0.02403846153846154
0 0.2091346153846154 0.3509615384615385 0.02403846153846154 0.02403846153846154
0 0.10096153846153846 0.31490384615384615 0.02403846153846154 0.02403846153846154
0 0.1514423076923077 0.30528846153846156 0.02403846153846154 0.02403846153846154
0 0.826923076923077 0.2884615384615385 0.02403846153846154 0.02403846153846154
0 0.09134615384615385 0.29086538461538464 0.02403846153846154 0.02403846153846154
0 0.5432692307692308 0.25240384615384615 0.02403846153846154 0.02403846153846154
0 0.3870192307692308 0.25480769230769235 0.02403846153846154 0.02403846153846154
0 0.3317307692307693 0.22355769230769232 0.02403846153846154 0.02403846153846154
0 0.07211538461538462 0.19711538461538464 0.02403846153846154 0.02403846153846154
0 0.8605769230769231 0.18028846153846154 0.02403846153846154 0.02403846153846154
0 0.3653846153846154 0.1201923076923077 0.02403846153846154 0.02403846153846154
0 0.6658653846153847 0.09855769230769232 0.02403846153846154 0.02403846153846154
0 0.12740384615384617 0.08653846153846154 0.02403846153846154 0.02403846153846154
0 0.4326923076923077 0.04326923076923077 0.02403846153846154 0.02403846153846154
0 0.8846153846153847 0.6995192307692308 0.02403846153846154 0.02403846153846154
0 0.8461538461538463 0.6057692307692308 0.02403846153846154 0.02403846153846154
0 0.8028846153846154 0.5625 0.02403846153846154 0.02403846153846154
0 0.8725961538461539 0.09855769230769232 0.02403846153846154 0.02403846153846154
0 0.8509615384615385 0.25961538461538464 0.02403846153846154 0.02403846153846154
0 0.826923076923077 0.21153846153846156 0.02403846153846154 0.02403846153846154
0 0.7091346153846154 0.17307692307692307 0.02403846153846154 0.02403846153846154
0 0.4951923076923077 0.11538461538461539 0.02403846153846154 0.02403846153846154
0 0.5817307692307693 0.14903846153846154 0.02403846153846154 0.02403846153846154
0 0.4807692307692308 0.22596153846153846 0.02403846153846154 0.02403846153846154
0 0.5721153846153847 0.34134615384615385 0.02403846153846154 0.02403846153846154
0 0.6346153846153847 0.37259615384615385 0.02403846153846154 0.02403846153846154
0 0.6971153846153847 0.4639423076923077 0.02403846153846154 0.02403846153846154
0 0.40384615384615385 0.4831730769230769 0.02403846153846154 0.02403846153846154
0 0.2956730769230769 0.40625 0.02403846153846154 0.02403846153846154
0 0.2355769230769231 0.41586538461538464 0.02403846153846154 0.02403846153846154
0 0.17067307692307693 0.3389423076923077 0.02403846153846154 0.02403846153846154
0 0.2139423076923077 0.2668269230769231 0.02403846153846154 0.02403846153846154
0 0.24759615384615385 0.19230769230769232 0.02403846153846154 0.02403846153846154
0 0.20192307692307693 0.15865384615384617 0.02403846153846154 0.02403846153846154
0 0.31009615384615385 0.21875 0.02403846153846154 0.02403846153846154
0 0.14423076923076925 0.15625 0.02403846153846154 0.02403846153846154
0 0.14903846153846154 0.2091346153846154 0.02403846153846154 0.02403846153846154
0 0.057692307692307696 0.701923076923077 0.02403846153846154 0.02403846153846154
0 0.3028846153846154 0.6225961538461539 0.02403846153846154 0.02403846153846154
0 0.41105769230769235 0.5865384615384616 0.02403846153846154 0.02403846153846154
0 0.2932692307692308 0.8100961538461539 0.02403846153846154 0.02403846153846154
0 0.4807692307692308 0.7355769230769231 0.02403846153846154 0.02403846153846154
