0 0.3966346153846154 0.8605769230769231 0.02403846153846154 0.02403846153846154
0 0.18509615384615385 0.7572115384615385 0.02403846153846154 0.02403846153846154
0 0.4278846153846154 0.65625 0.02403846153846154 0.02403846153846154
0 0.30528846153846156 0.6225961538461539 0.02403846153846154 0.02403846153846154
0 0.4639423076923077 0.5216346153846154 0.02403846153846154 0.02403846153846154
0 0.2764423076923077 0.4807692307692308 0.02403846153846154 0.02403846153846154
0 0.15865384615384617 0.46153846153846156 0.02403846153846154 0.02403846153846154
0 0.4807692307692308 0.4254807692307693 0.02403846153846154 0.02403846153846154
0 0.08653846153846154 0.39903846153846156 0.02403846153846154 0.02403846153846154
0 0.04326923076923077 0.2620192307692308 0.02403846153846154 0.02403846153846154
0 0.6610576923076923 0.19951923076923078 0.02403846153846154 0.02403846153846154
0 0.3774038461538462 0.16346153846153846 0.02403846153846154 0.02403846153846154
0 0.22115384615384617 0.16586538461538464 0.02403846153846154 0.02403846153846154
0 0.16586538461538464 0.13461538461538464 0.02403846153846154 0.02403846153846154
0 0.6947115384615385 0.09134615384615385 0.02403846153846154 0.02403846153846154
0 0.19951923076923078 0.03125 0.02403846153846154 0.02403846153846154
0 0.71875 0.6105769230769231 0.02403846153846154 0.02403846153846154
0 0.6802884615384616 0.5168269230769231 0.02403846153846154 0.02403846153846154
0 0.6370192307692308 0.47355769230769235 0.02403846153846154 0.02403846153846154
0 0.8293269230769231 0.4807692307692308 0.02403846153846154 0.02403846153846154
0 0.8293269230769231 0.16826923076923078 0.02403846153846154 0.02403846153846154
0 0.6850961538461539 0.17067307692307693 0.02403846153846154 0.02403846153846154
0 0.6610576923076923 0.12259615384615385 0.02403846153846154 0.02403846153846154
0 0.5432692307692308 0.08413461538461539 0.02403846153846154 0.02403846153846154
0 0.3293269230769231 0.026442307692307696 0.02403846153846154 0.02403846153846154
0 0.41586538461538464 0.06009615384615385 0.02403846153846154 0.02403846153846154
0 0.31490384615384615 0.13701923076923078 0.02403846153846154 0.02403846153846154
0 0.40625 0.25240384615384615 0.02403846153846154 0.02403846153846154
0 0.46875 0.28365384615384615 0.02403846153846154 0.02403846153846154
0 0.53125 0.375 0.02403846153846154 0.02403846153846154
0 0.23798076923076925 0.3942307692307693 0.02403846153846154 0.02403846153846154
0 0.12980769230769232 0.31730769230769235 0.02403846153846154 0.02403846153846154
0 0.06971153846153846 0.3269230769230769 0.02403846153846154 0.02403846153846154
0 0.04807692307692308 0.1778846153846154 0.02403846153846154 0.02403846153846154
0 0.08173076923076923 0.10336538461538462 0.02403846153846154 0.02403846153846154
0 0.03605769230769231 0.06971153846153846 0.02403846153846154 0.02403846153846154
0 0.14423076923076925 0.12980769230769232 0.02403846153846154 0.02403846153846154
0 0.13701923076923078 0.5336538461538461 0.02403846153846154 0.02403846153846154
0 0.2451923076923077 0.49759615384615385 0.02403846153846154 0.02403846153846154
0 0.12740384615384617 0.7211538461538461 0.02403846153846154 0.02403846153846154
0 0.31490384615384615 0.6466346153846154 0.02403846153846154 0.02403846153846154
