0 0.20192307692307693 0.9471153846153847 0.02403846153846154 0.02403846153846154
0 0.7139423076923077 0.8990384615384616 0.02403846153846154 0.02403846153846154
0 0.5024038461538461 0.795673076923077 0.02403846153846154 0.02403846153846154
0 0.7451923076923077 0.6947115384615385 0.02403846153846154 0.02403846153846154
0 0.6225961538461539 0.6610576923076923 0.02403846153846154 0.02403846153846154
0 0.78125 0.5600961538461539 0.02403846153846154 0.02403846153846154
0 0.22355769230769232 0.5336538461538461 0.02403846153846154 0.02403846153846154
0 0.59375 0.5192307692307693 0.02403846153846154 0.02403846153846154
0 0.4759615384615385 0.5 0.02403846153846154 0.02403846153846154
0 0.7980769230769231 0.4639423076923077 0.02403846153846154 0.02403846153846154
0 0.40384615384615385 0.4375 0.02403846153846154 0.02403846153846154
0 0.3605769230769231 0.3004807692307693 0.02403846153846154 0.02403846153846154
0 0.25240384615384615 0.2644230769230769 0.02403846153846154 0.02403846153846154
0 0.3028846153846154 0.25480769230769235 0.02403846153846154 0.02403846153846154
0 0.24278846153846156 0.2403846153846154 0.02403846153846154 0.02403846153846154
0 0.06971153846153846 0.2355769230769231 0.02403846153846154 0.02403846153846154
0 0.6947115384615385 0.20192307692307693 0.02403846153846154 0.02403846153846154
0 0.5384615384615385 0.2043269230769231 0.02403846153846154 0.02403846153846154
0 0.4831730769230769 0.17307692307692307 0.02403846153846154 0.02403846153846154
0 0.22355769230769232 0.1466346153846154 0.02403846153846154 0.02403846153846154
0 0.5168269230769231 0.06971153846153846 0.02403846153846154 0.02403846153846154
0 0.8173076923076924 0.04807692307692308 0.02403846153846154 0.02403846153846154
0 0.27884615384615385 0.03605769230769231 0.02403846153846154 0.02403846153846154
0 0.9543269230769231 0.5120192307692308 0.02403846153846154 0.02403846153846154
0 0.8605769230769231 0.12259615384615385 0.02403846153846154 0.02403846153846154
0 0.6466346153846154 0.06490384615384616 0.02403846153846154 0.02403846153846154
0 0.733173076923077 0.09855769230769232 0.02403846153846154 0.02403846153846154
0 0.6322115384615385 0.17548076923076925 0.02403846153846154 0.02403846153846154
0 0.7235576923076924 0.29086538461538464 0.02403846153846154 0.02403846153846154
0 0.7860576923076924 0.32211538461538464 0.02403846153846154 0.02403846153846154
0 0.8485576923076924 0.4134615384615385 0.02403846153846154 0.02403846153846154
0 0.5552884615384616 0.4326923076923077 0.02403846153846154 0.02403846153846154
0 0.44711538461538464 0.3557692307692308 0.02403846153846154 0.02403846153846154
0 0.3870192307692308 0.3653846153846154 0.02403846153846154 0.02403846153846154
0 0.32211538461538464 0.2884615384615385 0.02403846153846154 0.02403846153846154
0 0.3653846153846154 0.21634615384615385 0.02403846153846154 0.02403846153846154
0 0.39903846153846156 0.14182692307692307 0.02403846153846154 0.02403846153846154
0 0.35336538461538464 0.10817307692307693 0.02403846153846154 0.02403846153846154
0 0.46153846153846156 0.16826923076923078 0.02403846153846154 0.02403846153846154
0 0.2956730769230769 0.10576923076923078 0.02403846153846154 0.02403846153846154
0 0.3004807692307693 0.15865384615384617 0.02403846153846154 0.02403846153846154
0 0.08413461538461539 0.15865384615384617 0.02403846153846154 0.02403846153846154
0 0.11778846153846155 0.2572115384615385 0.02403846153846154 0.02403846153846154
0 0.11538461538461539 0.3004807692307693 0.02403846153846154 0.02403846153846154
0 0.11057692307692309 0.28365384615384615 0.02403846153846154 0.02403846153846154
0 0.040865384615384616 0.2620192307692308 0.02403846153846154 0.02403846153846154
0 0.04326923076923077 0.5649038461538461 0.02403846153846154 0.02403846153846154
0 0.04807692307692308 0.5961538461538461 0.02403846153846154 0.02403846153846154
0 0.2091346153846154 0.6514423076923077 0.02403846153846154 0.02403846153846154
0 0.45432692307692313 0.5721153846153847 0.02403846153846154 0.02403846153846154
0 0.5625 0.5360576923076923 0.02403846153846154 0.02403846153846154
0 0.4447115384615385 0.7596153846153847 0.02403846153846154 0.02403846153846154
0 0.6322115384615385 0.6850961538461539 0.02403846153846154 0.02403846153846154
