0 0.8701923076923077 0.9326923076923077 0.02403846153846154 0.02403846153846154
0 0.16346153846153846 0.889423076923077 0.02403846153846154 0.02403846153846154
0 0.6586538461538461 0.8293269230769231 0.02403846153846154 0.02403846153846154
0 0.1514423076923077 0.7668269230769231 0.02403846153846154 0.02403846153846154
0 0.9014423076923077 0.7283653846153847 0.02403846153846154 0.02403846153846154
0 0.7788461538461539 0.6947115384615385 0.02403846153846154 0.02403846153846154
0 0.9375 0.59375 0.02403846153846154 0.02403846153846154
0 0.37980769230769235 0.5673076923076923 0.02403846153846154 0.02403846153846154
0 0.75 0.5528846153846154 0.02403846153846154 0.02403846153846154
0 0.6322115384615385 0.5336538461538461 0.02403846153846154 0.02403846153846154
0 0.9543269230769231 0.49759615384615385 0.02403846153846154 0.02403846153846154
0 0.5600961538461539 0.4711538461538462 0.02403846153846154 0.02403846153846154
0 0.040865384615384616 0.39903846153846156 0.02403846153846154 0.02403846153846154
0 0.08173076923076923 0.3774038461538462 0.02403846153846154 0.02403846153846154
0 0.5168269230769231 0.3341346153846154 0.02403846153846154 0.02403846153846154
0 0.4086538461538462 0.2980769230769231 0.02403846153846154 0.02403846153846154
0 0.4591346153846154 0.2884615384615385 0.02403846153846154 0.02403846153846154
0 0.02403846153846154 0.2884615384615385 0.02403846153846154 0.02403846153846154
0 0.39903846153846156 0.27403846153846156 0.02403846153846154 0.02403846153846154
0 0.22596153846153846 0.2692307692307693 0.02403846153846154 0.02403846153846154
0 0.8509615384615385 0.2355769230769231 0.02403846153846154 0.02403846153846154
0 0.6947115384615385 0.23798076923076925 0.02403846153846154 0.02403846153846154
0 0.639423076923077 0.20673076923076925 0.02403846153846154 0.02403846153846154
0 0.15865384615384617 0.2043269230769231 0.02403846153846154 0.02403846153846154
0 0.37980769230769235 0.18028846153846154 0.02403846153846154 0.02403846153846154
0 0.6730769230769231 0.10336538461538462 0.02403846153846154 0.02403846153846154
0 0.43509615384615385 0.06971153846153846 0.02403846153846154 0.02403846153846154
0 0.7403846153846154 0.026442307692307696 0.02403846153846154 0.02403846153846154
0 0.8028846153846154 0.09855769230769232 0.02403846153846154 0.02403846153846154
0 0.889423076923077 0.13221153846153846 0.02403846153846154 0.02403846153846154
0 0.7884615384615385 0.2091346153846154 0.02403846153846154 0.02403846153846154
0 0.8798076923076924 0.3245192307692308 0.02403846153846154 0.02403846153846154
0 0.9423076923076924 0.3557692307692308 0.02403846153846154 0.02403846153846154
0 0.7115384615384616 0.46634615384615385 0.02403846153846154 0.02403846153846154
0 0.6033653846153847 0.3894230769230769 0.02403846153846154 0.02403846153846154
0 0.5432692307692308 0.39903846153846156 0.02403846153846154 0.02403846153846154
0 0.47836538461538464 0.32211538461538464 0.02403846153846154 0.02403846153846154
0 0.5216346153846154 0.25 0.02403846153846154 0.02403846153846154
0 0.5552884615384616 0.17548076923076925 0.02403846153846154 0.02403846153846154
0 0.5096153846153847 0.14182692307692307 0.02403846153846154 0.02403846153846154
0 0.6177884615384616 0.20192307692307693 0.02403846153846154 0.02403846153846154
0 0.4519230769230769 0.13942307692307693 0.02403846153846154 0.02403846153846154
0 0.4567307692307693 0.19230769230769232 0.02403846153846154 0.02403846153846154
0 0.2620192307692308 0.03125 0.02403846153846154 0.02403846153846154
0 0.2403846153846154 0.19230769230769232 0.02403846153846154 0.02403846153846154
0 0.17307692307692307 0.1514423076923077 0.02403846153846154 0.02403846153846154
0 0.1466346153846154 0.09615384615384616 0.02403846153846154 0.02403846153846154
0 0.27403846153846156 0.29086538461538464 0.02403846153846154 0.02403846153846154
0 0.2716346153846154 0.3341346153846154 0.02403846153846154 0.02403846153846154
0 0.2668269230769231 0.31730769230769235 0.02403846153846154 0.02403846153846154
0 0.19711538461538464 0.2956730769230769 0.02403846153846154 0.02403846153846154
0 0.11538461538461539 0.2956730769230769 0.02403846153846154 0.02403846153846154
0 0.19951923076923078 0.5985576923076923 0.02403846153846154 0.02403846153846154
0 0.2043269230769231 0.6298076923076923 0.02403846153846154 0.02403846153846154
0 0.3653846153846154 0.6850961538461539 0.02403846153846154 0.02403846153846154
0 0.6105769230769231 0.6057692307692308 0.02403846153846154 0.02403846153846154
0 0.71875 0.5697115384615385 0.02403846153846154 0.02403846153846154
0 0.6009615384615385 0.7932692307692308 0.02403846153846154 0.02403846153846154
0 0.7884615384615385 0.71875 0.02403846153846154 0.02403846153846154
