0 0.22596153846153846 0.9615384615384616 0.02403846153846154 0.02403846153846154
0 0.10576923076923078 0.9350961538461539 0.02403846153846154 0.02403846153846154
0 0.53125 0.8846153846153847 0.02403846153846154 0.02403846153846154
0 0.14182692307692307 0.8245192307692308 0.02403846153846154 0.02403846153846154
0 0.19471153846153846 0.8221153846153847 0.02403846153846154 0.02403846153846154
0 0.028846153846153848 0.8100961538461539 0.02403846153846154 0.02403846153846154
0 0.8197115384615385 0.7475961538461539 0.02403846153846154 0.02403846153846154
0 0.057692307692307696 0.7211538461538461 0.02403846153846154 0.02403846153846154
0 0.03125 0.6971153846153847 0.02403846153846154 0.02403846153846154
0 0.41105769230769235 0.6947115384615385 0.02403846153846154 0.02403846153846154
0 0.5360576923076923 0.670673076923077 0.02403846153846154 0.02403846153846154
0 0.24278846153846156 0.65625 0.02403846153846154 0.02403846153846154
0 0.31730769230769235 0.6298076923076923 0.02403846153846154 0.02403846153846154
0 0.06971153846153846 0.5985576923076923 0.02403846153846154 0.02403846153846154
0 0.12740384615384617 0.5649038461538461 0.02403846153846154 0.02403846153846154
0 0.8822115384615385 0.5120192307692308 0.02403846153846154 0.02403846153846154
0 0.34375 0.5120192307692308 0.02403846153846154 0.02403846153846154
0 0.0625 0.5048076923076923 0.02403846153846154 0.02403846153846154
0 0.15384615384615385 0.5 0.02403846153846154 0.02403846153846154
0 0.29086538461538464 0.46634615384615385 0.02403846153846154 0.02403846153846154
0 0.5600961538461539 0.43509615384615385 0.02403846153846154 0.02403846153846154
0 0.13221153846153846 0.43509615384615385 0.02403846153846154 0.02403846153846154
0 0.29086538461538464 0.4278846153846154 0.02403846153846154 0.02403846153846154
0 0.03125 0.40384615384615385 0.02403846153846154 0.02403846153846154
0 0.34375 0.38461538461538464 0.02403846153846154 0.02403846153846154
0 0.028846153846153848 0.3653846153846154 0.02403846153846154 0.02403846153846154
0 0.4014423076923077 0.3509615384615385 0.02403846153846154 0.02403846153846154
0 0.951923076923077 0.34134615384615385 0.02403846153846154 0.02403846153846154
0 0.2091346153846154 0.31490384615384615 0.02403846153846154 0.02403846153846154
0 0.18990384615384617 0.22596153846153846 0.02403846153846154 0.02403846153846154
0 0.06490384615384616 0.2091346153846154 0.02403846153846154 0.02403846153846154
0 0.02403846153846154 0.2091346153846154 0.02403846153846154 0.02403846153846154
0 0.14182692307692307 0.19471153846153846 0.02403846153846154 0.02403846153846154
0 0.125 0.18028846153846154 0.02403846153846154 0.02403846153846154
0 0.49278846153846156 0.16586538461538464 0.02403846153846154 0.02403846153846154
0 0.16105769230769232 0.14182692307692307 0.02403846153846154 0.02403846153846154
0 0.06730769230769232 0.13221153846153846 0.02403846153846154 0.02403846153846154
0 0.16105769230769232 0.09375 0.02403846153846154 0.02403846153846154
0 0.2668269230769231 0.07932692307692309 0.02403846153846154 0.02403846153846154
0 0.34134615384615385 0.07211538461538462 0.02403846153846154 0.02403846153846154
0 0.15625 0.06009615384615385 0.02403846153846154 0.02403846153846154
0 0.057692307692307696 0.8942307692307693 0.02403846153846154 0.02403846153846154
0 0.07451923076923077 0.7475961538461539 0.02403846153846154 0.02403846153846154
0 0.2091346153846154 0.7211538461538461 0.02403846153846154 0.02403846153846154
0 0.2043269230769231 0.6442307692307693 0.02403846153846154 0.02403846153846154
0 0.19951923076923078 0.59375 0.02403846153846154 0.02403846153846154
0 0.18028846153846154 0.5649038461538461 0.02403846153846154 0.02403846153846154
0 0.1466346153846154 0.5600961538461539 0.02403846153846154 0.02403846153846154
0 0.04807692307692308 0.5576923076923077 0.02403846153846154 0.02403846153846154
0 0.03605769230769231 0.47836538461538464 0.02403846153846154 0.02403846153846154
0 0.06971153846153846 0.44230769230769235 0.02403846153846154 0.02403846153846154
0 0.05528846153846154 0.42307692307692313 0.02403846153846154 0.02403846153846154
0 0.07451923076923077 0.3389423076923077 0.02403846153846154 0.02403846153846154
0 0.03605769230769231 0.3028846153846154 0.02403846153846154 0.02403846153846154
0 0.19951923076923078 0.1875 0.02403846153846154 0.02403846153846154
0 0.22355769230769232 0.1514423076923077 0.02403846153846154 0.02403846153846154
0 0.5865384615384616 0.028846153846153848 0.02403846153846154 0.02403846153846154
0 0.3918269230769231 0.07692307692307693 0.02403846153846154 0.02403846153846154
0 0.37259615384615385 0.125 0.02403846153846154 0.02403846153846154
0 0.3269230769230769 0.08653846153846154 0.02403846153846154 0.02403846153846154
0 0.6875 0.15384615384615385 0.02403846153846154 0.02403846153846154
0 0.5432692307692308 0.23317307692307693 0.02403846153846154 0.02403846153846154
0 0.6418269230769231 0.18990384615384617 0.02403846153846154 0.02403846153846154
0 0.6658653846153847 0.20673076923076925 0.02403846153846154 0.02403846153846154
0 0.46875 0.25240384615384615 0.02403846153846154 0.02403846153846154
0 0.4278846153846154 0.2692307692307693 0.02403846153846154 0.02403846153846154
0 0.4639423076923077 0.2956730769230769 0.02403846153846154 0.02403846153846154
0 0.53125 0.3341346153846154 0.02403846153846154 0.02403846153846154
0 0.5793269230769231 0.3701923076923077 0.02403846153846154 0.02403846153846154
0 0.6201923076923077 0.3918269230769231 0.02403846153846154 0.02403846153846154
0 0.5096153846153847 0.40384615384615385 0.02403846153846154 0.02403846153846154
0 0.4182692307692308 0.4134615384615385 0.02403846153846154 0.02403846153846154
0 0.3894230769230769 0.4495192307692308 0.02403846153846154 0.02403846153846154
0 0.25240384615384615 0.41105769230769235 0.02403846153846154 0.02403846153846154
0 0.16105769230769232 0.3942307692307693 0.02403846153846154 0.02403846153846154
0 0.22836538461538464 0.48557692307692313 0.02403846153846154 0.02403846153846154
0 0.35336538461538464 0.6682692307692308 0.02403846153846154 0.02403846153846154
0 0.4326923076923077 0.6466346153846154 0.02403846153846154 0.02403846153846154
0 0.31730769230769235 0.7379807692307693 0.02403846153846154 0.02403846153846154
0 0.40625 0.9350961538461539 0.02403846153846154 0.02403846153846154
0 0.3605769230769231 0.9086538461538463 0.02403846153846154 0.02403846153846154
0 0.3125 0.889423076923077 0.02403846153846154 0.02403846153846154
0 0.4639423076923077 0.43509615384615385 0.02403846153846154 0.02403846153846154
0 0.5168269230769231 0.4831730769230769 0.02403846153846154 0.02403846153846154
0 0.5697115384615385 0.5384615384615385 0.02403846153846154 0.02403846153846154
0 0.6682692307692308 0.4519230769230769 0.02403846153846154 0.02403846153846154
0 0.6778846153846154 0.514423076923077 0.02403846153846154 0.02403846153846154
0 0.6153846153846154 0.6490384615384616 0.02403846153846154 0.02403846153846154
0 0.6177884615384616 0.7884615384615385 0.02403846153846154 0.02403846153846154
0 0.5889423076923077 0.8125 0.02403846153846154 0.02403846153846154
0 0.6298076923076923 0.8365384615384616 0.02403846153846154 0.02403846153846154
0 0.7043269230769231 0.8365384615384616 0.02403846153846154 0.02403846153846154
0 0.6947115384615385 0.9230769230769231 0.02403846153846154 0.02403846153846154
0 0.6971153846153847 0.6658653846153847 0.02403846153846154 0.02403846153846154
0 0.49759615384615385 0.7355769230769231 0.02403846153846154 0.02403846153846154
0 0.5096153846153847 0.8293269230769231 0.02403846153846154 0.02403846153846154
