0 0.7475961538461539 0.8365384615384616 0.02403846153846154 0.02403846153846154
0 0.4879807692307693 0.6274038461538461 0.02403846153846154 0.02403846153846154
0 0.5649038461538461 0.5913461538461539 0.02403846153846154 0.02403846153846154
0 0.71875 0.5288461538461539 0.02403846153846154 0.02403846153846154
0 0.8629807692307693 0.49278846153846156 0.02403846153846154 0.02403846153846154
0 0.46153846153846156 0.3774038461538462 0.02403846153846154 0.02403846153846154
0 0.9447115384615385 0.35336538461538464 0.02403846153846154 0.02403846153846154
0 0.4447115384615385 0.34615384615384615 0.02403846153846154 0.02403846153846154
0 0.78125 0.33653846153846156 0.02403846153846154 0.02403846153846154
0 0.795673076923077 0.25 0.02403846153846154 0.02403846153846154
0 0.826923076923077 0.18990384615384617 0.02403846153846154 0.02403846153846154
0 0.11778846153846155 0.1514423076923077 0.02403846153846154 0.02403846153846154
0 0.43509615384615385 0.12740384615384617 0.02403846153846154 0.02403846153846154
0 0.35336538461538464 0.08173076923076923 0.02403846153846154 0.02403846153846154
0 0.8918269230769231 0.25480769230769235 0.02403846153846154 0.02403846153846154
0 0.7283653846153847 0.41105769230769235 0.02403846153846154 0.02403846153846154
0 0.5552884615384616 0.39903846153846156 0.02403846153846154 0.02403846153846154
0 0.4951923076923077 0.3245192307692308 0.02403846153846154 0.02403846153846154
0 0.39903846153846156 0.31730769230769235 0.02403846153846154 0.02403846153846154
0 0.2451923076923077 0.3076923076923077 0.02403846153846154 0.02403846153846154
0 0.19711538461538464 0.3076923076923077 0.02403846153846154 0.02403846153846154
0 0.4879807692307693 0.11778846153846155 0.02403846153846154 0.02403846153846154
0 0.7836538461538461 0.03125 0.02403846153846154 0.02403846153846154
0 0.19230769230769232 0.16346153846153846 0.02403846153846154 0.02403846153846154
0 0.09855769230769232 0.25961538461538464 0.02403846153846154 0.02403846153846154
0 0.6947115384615385 0.06490384615384616 0.02403846153846154 0.02403846153846154
0 0.6610576923076923 0.09375 0.02403846153846154 0.02403846153846154
0 0.19230769230769232 0.09855769230769232 0.02403846153846154 0.02403846153846154
0 0.4495192307692308 0.5576923076923077 0.02403846153846154 0.02403846153846154
0 0.3653846153846154 0.5432692307692308 0.02403846153846154 0.02403846153846154
0 0.75 0.5384615384615385 0.02403846153846154 0.02403846153846154
0 0.5817307692307693 0.625 0.02403846153846154 0.02403846153846154
0 0.3293269230769231 0.8341346153846154 0.02403846153846154 0.02403846153846154
0 0.9326923076923077 0.2980769230769231 0.02403846153846154 0.02403846153846154
0 0.8846153846153847 0.31490384615384615 0.02403846153846154 0.02403846153846154
0 0.6177884615384616 0.3125 0.02403846153846154 0.02403846153846154
0 0.45432692307692313 0.13461538461538464 0.02403846153846154 0.02403846153846154
0 0.9086538461538463 0.0889423076923077 0.02403846153846154 0.02403846153846154
0 0.8870192307692308 0.8413461538461539 0.02403846153846154 0.02403846153846154
0 0.8149038461538461 0.8533653846153847 0.02403846153846154 0.02403846153846154
0 0.9639423076923077 0.5264423076923077 0.02403846153846154 0.02403846153846154
