0 0.6490384615384616 0.9639423076923077 0.02403846153846154 0.02403846153846154
0 0.8701923076923077 0.9158653846153847 0.02403846153846154 0.02403846153846154
0 0.6802884615384616 0.9038461538461539 0.02403846153846154 0.02403846153846154
0 0.9615384615384616 0.8533653846153847 0.02403846153846154 0.02403846153846154
0 0.2884615384615385 0.8413461538461539 0.02403846153846154 0.02403846153846154
0 0.20673076923076925 0.795673076923077 0.02403846153846154 0.02403846153846154
0 0.9134615384615385 0.7620192307692308 0.02403846153846154 0.02403846153846154
0 0.3653846153846154 0.7091346153846154 0.02403846153846154 0.02403846153846154
0 0.7836538461538461 0.6754807692307693 0.02403846153846154 0.02403846153846154
0 0.7403846153846154 0.6634615384615385 0.02403846153846154 0.02403846153846154
0 0.5913461538461539 0.6538461538461539 0.02403846153846154 0.02403846153846154
0 0.7211538461538461 0.6490384615384616 0.02403846153846154 0.02403846153846154
0 0.9375 0.6370192307692308 0.02403846153846154 0.02403846153846154
0 0.5697115384615385 0.6274038461538461 0.02403846153846154 0.02403846153846154
0 0.9543269230769231 0.625 0.02403846153846154 0.02403846153846154
0 0.8221153846153847 0.6009615384615385 0.02403846153846154 0.02403846153846154
0 0.9158653846153847 0.59375 0.02403846153846154 0.02403846153846154
0 0.7355769230769231 0.59375 0.02403846153846154 0.02403846153846154
0 0.7860576923076924 0.5841346153846154 0.02403846153846154 0.02403846153846154
0 0.3341346153846154 0.5697115384615385 0.02403846153846154 0.02403846153846154
0 0.5504807692307693 0.5504807692307693 0.02403846153846154 0.02403846153846154
0 0.75 0.5360576923076923 0.02403846153846154 0.02403846153846154
0 0.9278846153846154 0.47355769230769235 0.02403846153846154 0.02403846153846154
0 0.8653846153846154 0.4495192307692308 0.02403846153846154 0.02403846153846154
0 0.47355769230769235 0.4182692307692308 0.02403846153846154 0.02403846153846154
0 0.8461538461538463 0.41586538461538464 0.02403846153846154 0.02403846153846154
0 0.8389423076923077 0.3942307692307693 0.02403846153846154 0.02403846153846154
0 0.5528846153846154 0.37980769230769235 0.02403846153846154 0.02403846153846154
0 0.514423076923077 0.375 0.02403846153846154 0.02403846153846154
0 0.1201923076923077 0.34134615384615385 0.02403846153846154 0.02403846153846154
0 0.5865384615384616 0.34134615384615385 0.02403846153846154 0.02403846153846154
0 0.9567307692307693 0.3028846153846154 0.02403846153846154 0.02403846153846154
0 0.9086538461538463 0.2956730769230769 0.02403846153846154 0.02403846153846154
0 0.5600961538461539 0.27884615384615385 0.02403846153846154 0.02403846153846154
0 0.625 0.25240384615384615 0.02403846153846154 0.02403846153846154
0 0.6105769230769231 0.2451923076923077 0.02403846153846154 0.02403846153846154
0 0.03365384615384616 0.2451923076923077 0.02403846153846154 0.02403846153846154
0 0.65625 0.23798076923076925 0.02403846153846154 0.02403846153846154
0 0.4014423076923077 0.23317307692307693 0.02403846153846154 0.02403846153846154
0 0.8413461538461539 0.2139423076923077 0.02403846153846154 0.02403846153846154
0 0.701923076923077 0.19711538461538464 0.02403846153846154 0.02403846153846154
0 0.8149038461538461 0.19230769230769232 0.02403846153846154 0.02403846153846154
0 0.5072115384615384 0.1778846153846154 0.02403846153846154 0.02403846153846154
0 0.2403846153846154 0.16346153846153846 0.02403846153846154 0.02403846153846154
0 0.90625 0.15865384615384617 0.02403846153846154 0.02403846153846154
0 0.8798076923076924 0.10336538461538462 0.02403846153846154 0.02403846153846154
0 0.7860576923076924 0.0889423076923077 0.02403846153846154 0.02403846153846154
0 0.9110576923076924 0.08173076923076923 0.02403846153846154 0.02403846153846154
0 0.5408653846153847 0.07211538461538462 0.02403846153846154 0.02403846153846154
0 0.1778846153846154 0.06971153846153846 0.02403846153846154 0.02403846153846154
0 0.951923076923077 0.5600961538461539 0.02403846153846154 0.02403846153846154
0 0.9254807692307693 0.5120192307692308 0.02403846153846154 0.02403846153846154
0 0.8966346153846154 0.6826923076923077 0.02403846153846154 0.02403846153846154
0 0.9230769230769231 0.6586538461538461 0.02403846153846154 0.02403846153846154
0 0.6971153846153847 0.040865384615384616 0.02403846153846154 0.02403846153846154
0 0.7211538461538461 0.026442307692307696 0.02403846153846154 0.02403846153846154
0 0.7668269230769231 0.1826923076923077 0.02403846153846154 0.02403846153846154
0 0.75 0.21153846153846156 0.02403846153846154 0.02403846153846154
0 0.6634615384615385 0.17307692307692307 0.02403846153846154 0.02403846153846154
0 0.9423076923076924 0.34615384615384615 0.02403846153846154 0.02403846153846154
0 0.8149038461538461 0.30528846153846156 0.02403846153846154 0.02403846153846154
0 0.7427884615384616 0.35336538461538464 0.02403846153846154 0.02403846153846154
0 0.7211538461538461 0.41586538461538464 0.02403846153846154 0.02403846153846154
0 0.3581730769230769 0.45432692307692313 0.02403846153846154 0.02403846153846154
0 0.3870192307692308 0.48557692307692313 0.02403846153846154 0.02403846153846154
0 0.34855769230769235 0.3605769230769231 0.02403846153846154 0.02403846153846154
0 0.6538461538461539 0.5336538461538461 0.02403846153846154 0.02403846153846154
0 0.7908653846153847 0.6298076923076923 0.02403846153846154 0.02403846153846154
0 0.7596153846153847 0.625 0.02403846153846154 0.02403846153846154
0 0.733173076923077 0.6850961538461539 0.02403846153846154 0.02403846153846154
0 0.889423076923077 0.7524038461538461 0.02403846153846154 0.02403846153846154
0 0.7451923076923077 0.96875 0.02403846153846154 0.02403846153846154
0 0.34134615384615385 0.8317307692307693 0.02403846153846154 0.02403846153846154
0 0.3389423076923077 0.6177884615384616 0.02403846153846154 0.02403846153846154
0 0.36778846153846156 0.576923076923077 0.02403846153846154 0.02403846153846154
0 0.6370192307692308 0.7451923076923077 0.02403846153846154 0.02403846153846154
0 0.12740384615384617 0.53125 0.02403846153846154 0.02403846153846154
0 0.31730769230769235 0.6947115384615385 0.02403846153846154 0.02403846153846154
0 0.04567307692307693 0.8774038461538463 0.02403846153846154 0.02403846153846154
0 0.08653846153846154 0.45432692307692313 0.02403846153846154 0.02403846153846154
0 0.18990384615384617 0.3269230769230769 0.02403846153846154 0.02403846153846154
0 0.14182692307692307 0.31009615384615385 0.02403846153846154 0.02403846153846154
0 0.3629807692307693 0.2139423076923077 0.02403846153846154 0.02403846153846154
0 0.4831730769230769 0.13221153846153846 0.02403846153846154 0.02403846153846154
0 0.37980769230769235 0.14903846153846154 0.02403846153846154 0.02403846153846154
0 0.3197115384615385 0.16586538461538464 0.02403846153846154 0.02403846153846154
0 0.028846153846153848 0.10096153846153846 0.02403846153846154 0.02403846153846154
0 0.20673076923076925 0.16586538461538464 0.02403846153846154 0.02403846153846154
0 0.5480769230769231 0.7788461538461539 0.02403846153846154 0.02403846153846154
0 0.514423076923077 0.8076923076923077 0.02403846153846154 0.02403846153846154
0 0.04567307692307693 0.8125 0.02403846153846154 0.02403846153846154
0 0.3076923076923077 0.8485576923076924 0.02403846153846154 0.02403846153846154
0 0.7620192307692308 0.8028846153846154 0.02403846153846154 0.02403846153846154
