0 0.4182692307692308 0.8052884615384616 0.02403846153846154 0.02403846153846154
0 0.15865384615384617 0.5961538461538461 0.02403846153846154 0.02403846153846154
0 0.2355769230769231 0.5600961538461539 0.02403846153846154 0.02403846153846154
0 0.3894230769230769 0.49759615384615385 0.02403846153846154 0.02403846153846154
0 0.875 0.47836538461538464 0.02403846153846154 0.02403846153846154
0 0.8846153846153847 0.46153846153846156 0.02403846153846154 0.02403846153846154
0 0.5336538461538461 0.46153846153846156 0.02403846153846154 0.02403846153846154
0 0.8557692307692308 0.3918269230769231 0.02403846153846154 0.02403846153846154
0 0.13221153846153846 0.34615384615384615 0.02403846153846154 0.02403846153846154
0 0.6153846153846154 0.32211538461538464 0.02403846153846154 0.02403846153846154
0 0.11538461538461539 0.31490384615384615 0.02403846153846154 0.02403846153846154
0 0.6802884615384616 0.3076923076923077 0.02403846153846154 0.02403846153846154
0 0.4519230769230769 0.30528846153846156 0.02403846153846154 0.02403846153846154
0 0.46634615384615385 0.21875 0.02403846153846154 0.02403846153846154
0 0.7908653846153847 0.17307692307692307 0.02403846153846154 0.02403846153846154
0 0.6875 0.17067307692307693 0.02403846153846154 0.02403846153846154
0 0.49759615384615385 0.15865384615384617 0.02403846153846154 0.02403846153846154
0 0.7788461538461539 0.10817307692307693 0.02403846153846154 0.02403846153846154
0 0.10576923076923078 0.09615384615384616 0.02403846153846154 0.02403846153846154
0 0.8076923076923077 0.06971153846153846 0.02403846153846154 0.02403846153846154
0 0.02403846153846154 0.05048076923076923 0.02403846153846154 0.02403846153846154
0 0.90625 0.23798076923076925 0.02403846153846154 0.02403846153846154
0 0.7980769230769231 0.28125 0.02403846153846154 0.02403846153846154
0 0.5625 0.22355769230769232 0.02403846153846154 0.02403846153846154
0 0.39903846153846156 0.37980769230769235 0.02403846153846154 0.02403846153846154
0 0.22596153846153846 0.36778846153846156 0.02403846153846154 0.02403846153846154
0 0.16586538461538464 0.2932692307692308 0.02403846153846154 0.02403846153846154
0 0.06971153846153846 0.28605769230769235 0.02403846153846154 0.02403846153846154
0 0.15865384615384617 0.08653846153846154 0.02403846153846154 0.02403846153846154
0 0.3653846153846154 0.03365384615384616 0.02403846153846154 0.02403846153846154
0 0.3317307692307693 0.0625 0.02403846153846154 0.02403846153846154
0 0.1201923076923077 0.5264423076923077 0.02403846153846154 0.02403846153846154
0 0.03605769230769231 0.5120192307692308 0.02403846153846154 0.02403846153846154
0 0.4206730769230769 0.5072115384615384 0.02403846153846154 0.02403846153846154
0 0.25240384615384615 0.59375 0.02403846153846154 0.02403846153846154
0 0.6033653846153847 0.2668269230769231 0.02403846153846154 0.02403846153846154
0 0.5552884615384616 0.28365384615384615 0.02403846153846154 0.02403846153846154
0 0.2884615384615385 0.28125 0.02403846153846154 0.02403846153846154
0 0.125 0.10336538461538462 0.02403846153846154 0.02403846153846154
0 0.5793269230769231 0.057692307692307696 0.02403846153846154 0.02403846153846154
0 0.5576923076923077 0.8100961538461539 0.02403846153846154 0.02403846153846154
0 0.48557692307692313 0.8221153846153847 0.02403846153846154 0.02403846153846154
0 0.6346153846153847 0.4951923076923077 0.02403846153846154 0.02403846153846154
