0 0.6634615384615385 0.875 0.02403846153846154 0.02403846153846154
0 0.545673076923077 0.8413461538461539 0.02403846153846154 0.02403846153846154
0 0.5216346153846154 0.8389423076923077 0.02403846153846154 0.02403846153846154
0 0.8605769230769231 0.7860576923076924 0.02403846153846154 0.02403846153846154
0 0.920673076923077 0.7211538461538461 0.02403846153846154 0.02403846153846154
0 0.2403846153846154 0.6826923076923077 0.02403846153846154 0.02403846153846154
0 0.25 0.6658653846153847 0.02403846153846154 0.02403846153846154
0 0.3653846153846154 0.6346153846153847 0.02403846153846154 0.02403846153846154
0 0.5721153846153847 0.6129807692307693 0.02403846153846154 0.02403846153846154
0 0.22115384615384617 0.5961538461538461 0.02403846153846154 0.02403846153846154
0 0.576923076923077 0.5552884615384616 0.02403846153846154 0.02403846153846154
0 0.3774038461538462 0.5264423076923077 0.02403846153846154 0.02403846153846154
0 0.04567307692307693 0.5120192307692308 0.02403846153846154 0.02403846153846154
0 0.40625 0.44711538461538464 0.02403846153846154 0.02403846153846154
0 0.15625 0.3774038461538462 0.02403846153846154 0.02403846153846154
0 0.05288461538461539 0.375 0.02403846153846154 0.02403846153846154
0 0.7692307692307693 0.34855769230769235 0.02403846153846154 0.02403846153846154
0 0.7139423076923077 0.3317307692307693 0.02403846153846154 0.02403846153846154
0 0.5168269230769231 0.3197115384615385 0.02403846153846154 0.02403846153846154
0 0.14423076923076925 0.3125 0.02403846153846154 0.02403846153846154
0 0.6754807692307693 0.28605769230769235 0.02403846153846154 0.02403846153846154
0 0.17307692307692307 0.27403846153846156 0.02403846153846154 0.02403846153846154
0 0.09615384615384616 0.22115384615384617 0.02403846153846154 0.02403846153846154
0 0.9302884615384616 0.21153846153846156 0.02403846153846154 0.02403846153846154
0 0.8942307692307693 0.1875 0.02403846153846154 0.02403846153846154
0 0.7716346153846154 0.18509615384615385 0.02403846153846154 0.02403846153846154
0 0.3557692307692308 0.15384615384615385 0.02403846153846154 0.02403846153846154
0 0.8245192307692308 0.11778846153846155 0.02403846153846154 0.02403846153846154
0 0.1201923076923077 0.09615384615384616 0.02403846153846154 0.02403846153846154
0 0.16346153846153846 0.0889423076923077 0.02403846153846154 0.02403846153846154
0 0.13701923076923078 0.08413461538461539 0.02403846153846154 0.02403846153846154
0 0.09855769230769232 0.05288461538461539 0.02403846153846154 0.02403846153846154
0 0.4375 0.04807692307692308 0.02403846153846154 0.02403846153846154
0 0.3269230769230769 0.038461538461538464 0.02403846153846154 0.02403846153846154
0 0.2692307692307693 0.06971153846153846 0.02403846153846154 0.02403846153846154
0 0.3870192307692308 0.06971153846153846 0.02403846153846154 0.02403846153846154
0 0.5120192307692308 0.13701923076923078 0.02403846153846154 0.02403846153846154
0 0.5216346153846154 0.1826923076923077 0.02403846153846154 0.02403846153846154
0 0.4711538461538462 0.21634615384615385 0.02403846153846154 0.02403846153846154
0 0.4399038461538462 0.24759615384615385 0.02403846153846154 0.02403846153846154
0 0.6225961538461539 0.19711538461538464 0.02403846153846154 0.02403846153846154
0 0.2043269230769231 0.18028846153846154 0.02403846153846154 0.02403846153846154
0 0.07932692307692309 0.14182692307692307 0.02403846153846154 0.02403846153846154
0 0.10576923076923078 0.11778846153846155 0.02403846153846154 0.02403846153846154
0 0.3629807692307693 0.1875 0.02403846153846154 0.02403846153846154
0 0.375 0.2932692307692308 0.02403846153846154 0.02403846153846154
0 0.2716346153846154 0.44230769230769235 0.02403846153846154 0.02403846153846154
0 0.16346153846153846 0.48557692307692313 0.02403846153846154 0.02403846153846154
0 0.46634615384615385 0.5240384615384616 0.02403846153846154 0.02403846153846154
0 0.07211538461538462 0.21153846153846156 0.02403846153846154 0.02403846153846154
0 0.889423076923077 0.2139423076923077 0.02403846153846154 0.02403846153846154
0 0.8918269230769231 0.5 0.02403846153846154 0.02403846153846154
0 0.7836538461538461 0.5504807692307693 0.02403846153846154 0.02403846153846154
0 0.6778846153846154 0.39903846153846156 0.02403846153846154 0.02403846153846154
0 0.7043269230769231 0.6682692307692308 0.02403846153846154 0.02403846153846154
0 0.8413461538461539 0.8774038461538463 0.02403846153846154 0.02403846153846154
0 0.6658653846153847 0.46153846153846156 0.02403846153846154 0.02403846153846154
0 0.7451923076923077 0.3341346153846154 0.02403846153846154 0.02403846153846154
