0 0.8100961538461539 0.9375 0.02403846153846154 0.02403846153846154
0 0.12980769230769232 0.8990384615384616 0.02403846153846154 0.02403846153846154
0 0.13942307692307693 0.8822115384615385 0.02403846153846154 0.02403846153846154
0 0.25480769230769235 0.8509615384615385 0.02403846153846154 0.02403846153846154
0 0.46153846153846156 0.8293269230769231 0.02403846153846154 0.02403846153846154
0 0.11057692307692309 0.8125 0.02403846153846154 0.02403846153846154
0 0.46634615384615385 0.7716346153846154 0.02403846153846154 0.02403846153846154
0 0.2668269230769231 0.7427884615384616 0.02403846153846154 0.02403846153846154
0 0.2956730769230769 0.6634615384615385 0.02403846153846154 0.02403846153846154
0 0.04567307692307693 0.59375 0.02403846153846154 0.02403846153846154
0 0.6586538461538461 0.5649038461538461 0.02403846153846154 0.02403846153846154
0 0.6033653846153847 0.5480769230769231 0.02403846153846154 0.02403846153846154
0 0.40625 0.5360576923076923 0.02403846153846154 0.02403846153846154
0 0.03365384615384616 0.5288461538461539 0.02403846153846154 0.02403846153846154
0 0.5649038461538461 0.5024038461538461 0.02403846153846154 0.02403846153846154
0 0.0625 0.4903846153846154 0.02403846153846154 0.02403846153846154
0 0.8197115384615385 0.4278846153846154 0.02403846153846154 0.02403846153846154
0 0.7836538461538461 0.40384615384615385 0.02403846153846154 0.02403846153846154
0 0.6610576923076923 0.4014423076923077 0.02403846153846154 0.02403846153846154
0 0.2451923076923077 0.3701923076923077 0.02403846153846154 0.02403846153846154
0 0.8629807692307693 0.3509615384615385 0.02403846153846154 0.02403846153846154
0 0.7139423076923077 0.3341346153846154 0.02403846153846154 0.02403846153846154
0 0.05288461538461539 0.30528846153846156 0.02403846153846154 0.02403846153846154
0 0.026442307692307696 0.3004807692307693 0.02403846153846154 0.02403846153846154
0 0.3269230769230769 0.2644230769230769 0.02403846153846154 0.02403846153846154
0 0.21634615384615385 0.25480769230769235 0.02403846153846154 0.02403846153846154
0 0.8918269230769231 0.25 0.02403846153846154 0.02403846153846154
0 0.39903846153846156 0.22115384615384617 0.02403846153846154 0.02403846153846154
0 0.8461538461538463 0.19711538461538464 0.02403846153846154 0.02403846153846154
0 0.6538461538461539 0.19711538461538464 0.02403846153846154 0.02403846153846154
0 0.5192307692307693 0.1826923076923077 0.02403846153846154 0.02403846153846154
0 0.3942307692307693 0.14423076923076925 0.02403846153846154 0.02403846153846154
0 0.3341346153846154 0.13942307692307693 0.02403846153846154 0.02403846153846154
0 0.2932692307692308 0.13461538461538464 0.02403846153846154 0.02403846153846154
0 0.07211538461538462 0.10096153846153846 0.02403846153846154 0.02403846153846154
0 0.6899038461538461 0.09375 0.02403846153846154 0.02403846153846154
0 0.875 0.07692307692307693 0.02403846153846154 0.02403846153846154
0 0.07692307692307693 0.057692307692307696 0.02403846153846154 0.02403846153846154
0 0.6370192307692308 0.04326923076923077 0.02403846153846154 0.02403846153846154
0 0.6538461538461539 0.03125 0.02403846153846154 0.02403846153846154
0 0.96875 0.03125 0.02403846153846154 0.02403846153846154
0 0.06730769230769232 0.02403846153846154 0.02403846153846154 0.02403846153846154
0 0.96875 0.11778846153846155 0.02403846153846154 0.02403846153846154
0 0.5 0.07692307692307693 0.02403846153846154 0.02403846153846154
0 0.5288461538461539 0.08413461538461539 0.02403846153846154 0.02403846153846154
0 0.3822115384615385 0.0625 0.02403846153846154 0.02403846153846154
0 0.2764423076923077 0.10096153846153846 0.02403846153846154 0.02403846153846154
0 0.2403846153846154 0.09855769230769232 0.02403846153846154 0.02403846153846154
0 0.16346153846153846 0.08413461538461539 0.02403846153846154 0.02403846153846154
0 0.11057692307692309 0.08413461538461539 0.02403846153846154 0.02403846153846154
0 0.04807692307692308 0.15384615384615385 0.02403846153846154 0.02403846153846154
0 0.02403846153846154 0.2355769230769231 0.02403846153846154 0.02403846153846154
0 0.15865384615384617 0.28605769230769235 0.02403846153846154 0.02403846153846154
0 0.2764423076923077 0.28605769230769235 0.02403846153846154 0.02403846153846154
0 0.4014423076923077 0.35336538461538464 0.02403846153846154 0.02403846153846154
0 0.41105769230769235 0.39903846153846156 0.02403846153846154 0.02403846153846154
0 0.3605769230769231 0.4326923076923077 0.02403846153846154 0.02403846153846154
0 0.3293269230769231 0.4639423076923077 0.02403846153846154 0.02403846153846154
0 0.5120192307692308 0.4134615384615385 0.02403846153846154 0.02403846153846154
0 0.09375 0.3966346153846154 0.02403846153846154 0.02403846153846154
0 0.25240384615384615 0.40384615384615385 0.02403846153846154 0.02403846153846154
0 0.2644230769230769 0.5096153846153847 0.02403846153846154 0.02403846153846154
0 0.16105769230769232 0.6586538461538461 0.02403846153846154 0.02403846153846154
0 0.05288461538461539 0.701923076923077 0.02403846153846154 0.02403846153846154
0 0.3557692307692308 0.7403846153846154 0.02403846153846154 0.02403846153846154
0 0.7788461538461539 0.43028846153846156 0.02403846153846154 0.02403846153846154
0 0.9495192307692308 0.6634615384615385 0.02403846153846154 0.02403846153846154
0 0.78125 0.7163461538461539 0.02403846153846154 0.02403846153846154
0 0.6730769230769231 0.7668269230769231 0.02403846153846154 0.02403846153846154
0 0.5673076923076923 0.6153846153846154 0.02403846153846154 0.02403846153846154
0 0.59375 0.8846153846153847 0.02403846153846154 0.02403846153846154
0 0.5552884615384616 0.6778846153846154 0.02403846153846154 0.02403846153846154
0 0.6346153846153847 0.5504807692307693 0.02403846153846154 0.02403846153846154
