0 0.14182692307692307 0.7884615384615385 0.02403846153846154 0.02403846153846154
0 0.21875 0.7524038461538461 0.02403846153846154 0.02403846153846154
0 0.37259615384615385 0.6899038461538461 0.02403846153846154 0.02403846153846154
0 0.858173076923077 0.670673076923077 0.02403846153846154 0.02403846153846154
0 0.8677884615384616 0.6538461538461539 0.02403846153846154 0.02403846153846154
0 0.5168269230769231 0.6538461538461539 0.02403846153846154 0.02403846153846154
0 0.8389423076923077 0.5841346153846154 0.02403846153846154 0.02403846153846154
0 0.11538461538461539 0.5384615384615385 0.02403846153846154 0.02403846153846154
0 0.5985576923076923 0.514423076923077 0.02403846153846154 0.02403846153846154
0 0.09855769230769232 0.5072115384615384 0.02403846153846154 0.02403846153846154
0 0.6634615384615385 0.5 0.02403846153846154 0.02403846153846154
0 0.43509615384615385 0.49759615384615385 0.02403846153846154 0.02403846153846154
0 0.4495192307692308 0.41105769230769235 0.02403846153846154 0.02403846153846154
0 0.7740384615384616 0.3653846153846154 0.02403846153846154 0.02403846153846154
0 0.670673076923077 0.3629807692307693 0.02403846153846154 0.02403846153846154
0 0.4807692307692308 0.3509615384615385 0.02403846153846154 0.02403846153846154
0 0.7620192307692308 0.3004807692307693 0.02403846153846154 0.02403846153846154
0 0.0889423076923077 0.2884615384615385 0.02403846153846154 0.02403846153846154
0 0.7908653846153847 0.2620192307692308 0.02403846153846154 0.02403846153846154
0 0.7139423076923077 0.2091346153846154 0.02403846153846154 0.02403846153846154
0 0.16586538461538464 0.15625 0.02403846153846154 0.02403846153846154
0 0.5841346153846154 0.12259615384615385 0.02403846153846154 0.02403846153846154
0 0.5408653846153847 0.11057692307692309 0.02403846153846154 0.02403846153846154
0 0.3918269230769231 0.10096153846153846 0.02403846153846154 0.02403846153846154
0 0.5216346153846154 0.09615384615384616 0.02403846153846154 0.02403846153846154
0 0.7379807692307693 0.08413461538461539 0.02403846153846154 0.02403846153846154
0 0.78125 0.07692307692307693 0.02403846153846154 0.02403846153846154
0 0.3701923076923077 0.07451923076923077 0.02403846153846154 0.02403846153846154
0 0.7548076923076924 0.07211538461538462 0.02403846153846154 0.02403846153846154
0 0.6225961538461539 0.04807692307692308 0.02403846153846154 0.02403846153846154
0 0.7163461538461539 0.040865384615384616 0.02403846153846154 0.02403846153846154
0 0.5360576923076923 0.040865384615384616 0.02403846153846154 0.02403846153846154
0 0.5865384615384616 0.03125 0.02403846153846154 0.02403846153846154
0 0.9447115384615385 0.026442307692307696 0.02403846153846154 0.02403846153846154
0 0.8870192307692308 0.057692307692307696 0.02403846153846154 0.02403846153846154
0 0.8221153846153847 0.16826923076923078 0.02403846153846154 0.02403846153846154
0 0.6971153846153847 0.12980769230769232 0.02403846153846154 0.02403846153846154
0 0.7235576923076924 0.10576923076923078 0.02403846153846154 0.02403846153846154
0 0.889423076923077 0.43028846153846156 0.02403846153846154 0.02403846153846154
0 0.78125 0.47355769230769235 0.02403846153846154 0.02403846153846154
0 0.5913461538461539 0.07692307692307693 0.02403846153846154 0.02403846153846154
0 0.5600961538461539 0.07211538461538462 0.02403846153846154 0.02403846153846154
0 0.5336538461538461 0.13221153846153846 0.02403846153846154 0.02403846153846154
0 0.6899038461538461 0.19951923076923078 0.02403846153846154 0.02403846153846154
0 0.545673076923077 0.41586538461538464 0.02403846153846154 0.02403846153846154
0 0.3822115384615385 0.5721153846153847 0.02403846153846154 0.02403846153846154
0 0.2091346153846154 0.5600961538461539 0.02403846153846154 0.02403846153846154
0 0.14903846153846154 0.48557692307692313 0.02403846153846154 0.02403846153846154
0 0.05288461538461539 0.47836538461538464 0.02403846153846154 0.02403846153846154
0 0.14182692307692307 0.27884615384615385 0.02403846153846154 0.02403846153846154
0 0.13942307692307693 0.06490384615384616 0.02403846153846154 0.02403846153846154
0 0.16826923076923078 0.02403846153846154 0.02403846153846154 0.02403846153846154
0 0.4375 0.19230769230769232 0.02403846153846154 0.02403846153846154
0 0.11778846153846155 0.14182692307692307 0.02403846153846154 0.02403846153846154
0 0.34855769230769235 0.22596153846153846 0.02403846153846154 0.02403846153846154
0 0.31490384615384615 0.25480769230769235 0.02403846153846154 0.02403846153846154
0 0.10336538461538462 0.71875 0.02403846153846154 0.02403846153846154
0 0.40384615384615385 0.6995192307692308 0.02403846153846154 0.02403846153846154
0 0.2355769230769231 0.7860576923076924 0.02403846153846154 0.02403846153846154
0 0.5865384615384616 0.4591346153846154 0.02403846153846154 0.02403846153846154
0 0.5384615384615385 0.4759615384615385 0.02403846153846154 0.02403846153846154
0 0.2716346153846154 0.47355769230769235 0.02403846153846154 0.02403846153846154
0 0.10817307692307693 0.2956730769230769 0.02403846153846154 0.02403846153846154
0 0.5625 0.25 0.02403846153846154 0.02403846153846154
0 0.6177884615384616 0.6875 0.02403846153846154 0.02403846153846154
