0 0.7860576923076924 0.9543269230769231 0.02403846153846154 0.02403846153846154
0 0.6923076923076923 0.9399038461538463 0.02403846153846154 0.02403846153846154
0 0.8173076923076924 0.9326923076923077 0.02403846153846154 0.02403846153846154
0 0.44711538461538464 0.9230769230769231 0.02403846153846154 0.02403846153846154
0 0.08413461538461539 0.920673076923077 0.02403846153846154 0.02403846153846154
0 0.9663461538461539 0.9182692307692308 0.02403846153846154 0.02403846153846154
0 0.7884615384615385 0.8677884615384616 0.02403846153846154 0.02403846153846154
0 0.4375 0.8485576923076924 0.02403846153846154 0.02403846153846154
0 0.2644230769230769 0.8221153846153847 0.02403846153846154 0.02403846153846154
0 0.47836538461538464 0.8149038461538461 0.02403846153846154 0.02403846153846154
0 0.920673076923077 0.8100961538461539 0.02403846153846154 0.02403846153846154
0 0.7475961538461539 0.8076923076923077 0.02403846153846154 0.02403846153846154
0 0.1875 0.8028846153846154 0.02403846153846154 0.02403846153846154
0 0.9711538461538463 0.7980769230769231 0.02403846153846154 0.02403846153846154
0 0.4951923076923077 0.7836538461538461 0.02403846153846154 0.02403846153846154
0 0.2980769230769231 0.78125 0.02403846153846154 0.02403846153846154
0 0.22836538461538464 0.78125 0.02403846153846154 0.02403846153846154
0 0.8485576923076924 0.7788461538461539 0.02403846153846154 0.02403846153846154
0 0.7548076923076924 0.7740384615384616 0.02403846153846154 0.02403846153846154
0 0.25961538461538464 0.7620192307692308 0.02403846153846154 0.02403846153846154
0 0.8125 0.7427884615384616 0.02403846153846154 0.02403846153846154
0 0.43028846153846156 0.7355769230769231 0.02403846153846154 0.02403846153846154
0 0.858173076923077 0.7235576923076924 0.02403846153846154 0.02403846153846154
0 0.8149038461538461 0.7139423076923077 0.02403846153846154 0.02403846153846154
0 0.1514423076923077 0.7115384615384616 0.02403846153846154 0.02403846153846154
0 0.4519230769230769 0.7067307692307693 0.02403846153846154 0.02403846153846154
0 0.5 0.6971153846153847 0.02403846153846154 0.02403846153846154
0 0.8365384615384616 0.6947115384615385 0.02403846153846154 0.02403846153846154
0 0.9230769230769231 0.6923076923076923 0.02403846153846154 0.02403846153846154
0 0.6995192307692308 0.6754807692307693 0.02403846153846154 0.02403846153846154
0 0.6442307692307693 0.6754807692307693 0.02403846153846154 0.02403846153846154
0 0.7932692307692308 0.670673076923077 0.02403846153846154 0.02403846153846154
0 0.5048076923076923 0.6418269230769231 0.02403846153846154 0.02403846153846154
0 0.6634615384615385 0.639423076923077 0.02403846153846154 0.02403846153846154
0 0.08653846153846154 0.6346153846153847 0.02403846153846154 0.02403846153846154
0 0.7235576923076924 0.6298076923076923 0.02403846153846154 0.02403846153846154
0 0.8317307692307693 0.6201923076923077 0.02403846153846154 0.02403846153846154
0 0.7572115384615385 0.6201923076923077 0.02403846153846154 0.02403846153846154
0 0.8942307692307693 0.6105769230769231 0.02403846153846154 0.02403846153846154
0 0.31490384615384615 0.6105769230769231 0.02403846153846154 0.02403846153846154
0 0.22355769230769232 0.6105769230769231 0.02403846153846154 0.02403846153846154
0 0.9543269230769231 0.608173076923077 0.02403846153846154 0.02403846153846154
0 0.5504807692307693 0.6033653846153847 0.02403846153846154 0.02403846153846154
0 0.6778846153846154 0.59375 0.02403846153846154 0.02403846153846154
0 0.18990384615384617 0.59375 0.02403846153846154 0.02403846153846154
0 0.11298076923076923 0.5841346153846154 0.02403846153846154 0.02403846153846154
0 0.7764423076923077 0.5817307692307693 0.02403846153846154 0.02403846153846154
0 0.53125 0.5625 0.02403846153846154 0.02403846153846154
0 0.4399038461538462 0.5625 0.02403846153846154 0.02403846153846154
0 0.9350961538461539 0.5528846153846154 0.02403846153846154 0.02403846153846154
0 0.37259615384615385 0.5384615384615385 0.02403846153846154 0.02403846153846154
0 0.7091346153846154 0.5264423076923077 0.02403846153846154 0.02403846153846154
0 0.3870192307692308 0.5120192307692308 0.02403846153846154 0.02403846153846154
0 0.9591346153846154 0.5048076923076923 0.02403846153846154 0.02403846153846154
0 0.30528846153846156 0.49278846153846156 0.02403846153846154 0.02403846153846154
0 0.026442307692307696 0.4903846153846154 0.02403846153846154 0.02403846153846154
0 0.8798076923076924 0.48557692307692313 0.02403846153846154 0.02403846153846154
0 0.2451923076923077 0.4591346153846154 0.02403846153846154 0.02403846153846154
0 0.9471153846153847 0.44711538461538464 0.02403846153846154 0.02403846153846154
0 0.20192307692307693 0.4375 0.02403846153846154 0.02403846153846154
0 0.2980769230769231 0.42307692307692313 0.02403846153846154 0.02403846153846154
0 0.3870192307692308 0.4206730769230769 0.02403846153846154 0.02403846153846154
0 0.24278846153846156 0.38461538461538464 0.02403846153846154 0.02403846153846154
0 0.6634615384615385 0.35336538461538464 0.02403846153846154 0.02403846153846154
0 0.6826923076923077 0.34615384615384615 0.02403846153846154 0.02403846153846154
0 0.3629807692307693 0.34615384615384615 0.02403846153846154 0.02403846153846154
0 0.9086538461538463 0.34375 0.02403846153846154 0.02403846153846154
0 0.34375 0.33653846153846156 0.02403846153846154 0.02403846153846154
0 0.05528846153846154 0.3293269230769231 0.02403846153846154 0.02403846153846154
0 0.8173076923076924 0.3245192307692308 0.02403846153846154 0.02403846153846154
0 0.9495192307692308 0.2956730769230769 0.02403846153846154 0.02403846153846154
0 0.19951923076923078 0.27884615384615385 0.02403846153846154 0.02403846153846154
0 0.7548076923076924 0.2620192307692308 0.02403846153846154 0.02403846153846154
0 0.7283653846153847 0.2620192307692308 0.02403846153846154 0.02403846153846154
0 0.6442307692307693 0.25240384615384615 0.02403846153846154 0.02403846153846154
0 0.4447115384615385 0.25240384615384615 0.02403846153846154 0.02403846153846154
0 0.5384615384615385 0.24278846153846156 0.02403846153846154 0.02403846153846154
0 0.7548076923076924 0.2403846153846154 0.02403846153846154 0.02403846153846154
0 0.576923076923077 0.2403846153846154 0.02403846153846154 0.02403846153846154
0 0.3701923076923077 0.2091346153846154 0.02403846153846154 0.02403846153846154
0 0.5865384615384616 0.20192307692307693 0.02403846153846154 0.02403846153846154
0 0.6899038461538461 0.19230769230769232 0.02403846153846154 0.02403846153846154
0 0.6466346153846154 0.1826923076923077 0.02403846153846154 0.02403846153846154
0 0.3125 0.1778846153846154 0.02403846153846154 0.02403846153846154
0 0.4326923076923077 0.13461538461538464 0.02403846153846154 0.02403846153846154
0 0.2884615384615385 0.11538461538461539 0.02403846153846154 0.02403846153846154
0 0.8725961538461539 0.11298076923076923 0.02403846153846154 0.02403846153846154
0 0.7668269230769231 0.06971153846153846 0.02403846153846154 0.02403846153846154
0 0.3581730769230769 0.06490384615384616 0.02403846153846154 0.02403846153846154
0 0.12740384615384617 0.03365384615384616 0.02403846153846154 0.02403846153846154
0 0.06971153846153846 0.05288461538461539 0.02403846153846154 0.02403846153846154
0 0.14182692307692307 0.06730769230769232 0.02403846153846154 0.02403846153846154
0 0.23076923076923078 0.04567307692307693 0.02403846153846154 0.02403846153846154
0 0.19711538461538464 0.0889423076923077 0.02403846153846154 0.02403846153846154
0 0.1466346153846154 0.10576923076923078 0.02403846153846154 0.02403846153846154
0 0.2091346153846154 0.12740384615384617 0.02403846153846154 0.02403846153846154
0 0.125 0.14423076923076925 0.02403846153846154 0.02403846153846154
0 0.08413461538461539 0.07932692307692309 0.02403846153846154 0.02403846153846154
0 0.44711538461538464 0.10096153846153846 0.02403846153846154 0.02403846153846154
0 0.4375 0.03365384615384616 0.02403846153846154 0.02403846153846154
0 0.49759615384615385 0.05048076923076923 0.02403846153846154 0.02403846153846154
0 0.2403846153846154 0.19230769230769232 0.02403846153846154 0.02403846153846154
0 0.3125 0.22836538461538464 0.02403846153846154 0.02403846153846154
0 0.3028846153846154 0.2932692307692308 0.02403846153846154 0.02403846153846154
0 0.44711538461538464 0.19951923076923078 0.02403846153846154 0.02403846153846154
0 0.41105769230769235 0.28125 0.02403846153846154 0.02403846153846154
0 0.3894230769230769 0.25 0.02403846153846154 0.02403846153846154
0 0.7259615384615385 0.1514423076923077 0.02403846153846154 0.02403846153846154
0 0.8557692307692308 0.24278846153846156 0.02403846153846154 0.02403846153846154
0 0.9423076923076924 0.3293269230769231 0.02403846153846154 0.02403846153846154
0 0.8509615384615385 0.4807692307692308 0.02403846153846154 0.02403846153846154
0 0.8653846153846154 0.5096153846153847 0.02403846153846154 0.02403846153846154
0 0.7788461538461539 0.5264423076923077 0.02403846153846154 0.02403846153846154
0 0.7211538461538461 0.4711538461538462 0.02403846153846154 0.02403846153846154
0 0.9615384615384616 0.8629807692307693 0.02403846153846154 0.02403846153846154
0 0.8245192307692308 0.8605769230769231 0.02403846153846154 0.02403846153846154
0 0.7043269230769231 0.8100961538461539 0.02403846153846154 0.02403846153846154
0 0.5961538461538461 0.8221153846153847 0.02403846153846154 0.02403846153846154
0 0.6033653846153847 0.8918269230769231 0.02403846153846154 0.02403846153846154
0 0.6274038461538461 0.8774038461538463 0.02403846153846154 0.02403846153846154
0 0.6778846153846154 0.764423076923077 0.02403846153846154 0.02403846153846154
0 0.7379807692307693 0.6995192307692308 0.02403846153846154 0.02403846153846154
0 0.795673076923077 0.639423076923077 0.02403846153846154 0.02403846153846154
0 0.8774038461538463 0.5673076923076923 0.02403846153846154 0.02403846153846154
0 0.6610576923076923 0.6153846153846154 0.02403846153846154 0.02403846153846154
0 0.5504807692307693 0.625 0.02403846153846154 0.02403846153846154
0 0.514423076923077 0.6875 0.02403846153846154 0.02403846153846154
0 0.4495192307692308 0.6298076923076923 0.02403846153846154 0.02403846153846154
0 0.4014423076923077 0.47836538461538464 0.02403846153846154 0.02403846153846154
0 0.42307692307692313 0.3870192307692308 0.02403846153846154 0.02403846153846154
0 0.4495192307692308 0.47836538461538464 0.02403846153846154 0.02403846153846154
0 0.5408653846153847 0.4951923076923077 0.02403846153846154 0.02403846153846154
0 0.6514423076923077 0.28365384615384615 0.02403846153846154 0.02403846153846154
0 0.7139423076923077 0.2355769230769231 0.02403846153846154 0.02403846153846154
0 0.3389423076923077 0.7307692307692308 0.02403846153846154 0.02403846153846154
0 0.2932692307692308 0.8076923076923077 0.02403846153846154 0.02403846153846154
0 0.21153846153846156 0.8413461538461539 0.02403846153846154 0.02403846153846154
0 0.23317307692307693 0.8365384615384616 0.02403846153846154 0.02403846153846154
0 0.2355769230769231 0.8076923076923077 0.02403846153846154 0.02403846153846154
0 0.22355769230769232 0.7379807692307693 0.02403846153846154 0.02403846153846154
0 0.27403846153846156 0.608173076923077 0.02403846153846154 0.02403846153846154
0 0.11057692307692309 0.7403846153846154 0.02403846153846154 0.02403846153846154
0 0.09615384615384616 0.7836538461538461 0.02403846153846154 0.02403846153846154
0 0.06730769230769232 0.5961538461538461 0.02403846153846154 0.02403846153846154
0 0.09855769230769232 0.5216346153846154 0.02403846153846154 0.02403846153846154
0 0.15384615384615385 0.4375 0.02403846153846154 0.02403846153846154
0 0.13461538461538464 0.28605769230769235 0.02403846153846154 0.02403846153846154
0 0.09134615384615385 0.2451923076923077 0.02403846153846154 0.02403846153846154
0 0.03365384615384616 0.3629807692307693 0.02403846153846154 0.02403846153846154
0 0.0625 0.4086538461538462 0.02403846153846154 0.02403846153846154
0 0.04567307692307693 0.5168269230769231 0.02403846153846154 0.02403846153846154
0 0.06009615384615385 0.7620192307692308 0.02403846153846154 0.02403846153846154
