0 0.733173076923077 0.9326923076923077 0.02403846153846154 0.02403846153846154
0 0.47355769230769235 0.7235576923076924 0.02403846153846154 0.02403846153846154
0 0.5504807692307693 0.6875 0.02403846153846154 0.02403846153846154
0 0.7043269230769231 0.625 0.02403846153846154 0.02403846153846154
0 0.8485576923076924 0.5889423076923077 0.02403846153846154 0.02403846153846154
0 0.44711538461538464 0.47355769230769235 0.02403846153846154 0.02403846153846154
0 0.9302884615384616 0.4495192307692308 0.02403846153846154 0.02403846153846154
0 0.43028846153846156 0.44230769230769235 0.02403846153846154 0.02403846153846154
0 0.7668269230769231 0.4326923076923077 0.02403846153846154 0.02403846153846154
0 0.78125 0.34615384615384615 0.02403846153846154 0.02403846153846154
0 0.8125 0.28605769230769235 0.02403846153846154 0.02403846153846154
0 0.10336538461538462 0.24759615384615385 0.02403846153846154 0.02403846153846154
0 0.4206730769230769 0.22355769230769232 0.02403846153846154 0.02403846153846154
0 0.3389423076923077 0.1778846153846154 0.02403846153846154 0.02403846153846154
0 0.49759615384615385 0.09134615384615385 0.02403846153846154 0.02403846153846154
0 0.9158653846153847 0.057692307692307696 0.02403846153846154 0.02403846153846154
0 0.8725961538461539 0.04567307692307693 0.02403846153846154 0.02403846153846154
0 0.7235576923076924 0.03605769230769231 0.02403846153846154 0.02403846153846154
0 0.8533653846153847 0.03125 0.02403846153846154 0.02403846153846154
0 0.8653846153846154 0.06730769230769232 0.02403846153846154 0.02403846153846154
0 0.8774038461538463 0.3509615384615385 0.02403846153846154 0.02403846153846154
0 0.7139423076923077 0.5072115384615384 0.02403846153846154 0.02403846153846154
0 0.5408653846153847 0.4951923076923077 0.02403846153846154 0.02403846153846154
0 0.4807692307692308 0.4206730769230769 0.02403846153846154 0.02403846153846154
0 0.38461538461538464 0.4134615384615385 0.02403846153846154 0.02403846153846154
0 0.23076923076923078 0.40384615384615385 0.02403846153846154 0.02403846153846154
0 0.1826923076923077 0.40384615384615385 0.02403846153846154 0.02403846153846154
0 0.47355769230769235 0.2139423076923077 0.02403846153846154 0.02403846153846154
0 0.7692307692307693 0.12740384615384617 0.02403846153846154 0.02403846153846154
0 0.4495192307692308 0.07692307692307693 0.02403846153846154 0.02403846153846154
0 0.1778846153846154 0.25961538461538464 0.02403846153846154 0.02403846153846154
0 0.08413461538461539 0.3557692307692308 0.02403846153846154 0.02403846153846154
0 0.6802884615384616 0.16105769230769232 0.02403846153846154 0.02403846153846154
0 0.6466346153846154 0.18990384615384617 0.02403846153846154 0.02403846153846154
0 0.1778846153846154 0.19471153846153846 0.02403846153846154 0.02403846153846154
0 0.43509615384615385 0.6538461538461539 0.02403846153846154 0.02403846153846154
0 0.3509615384615385 0.639423076923077 0.02403846153846154 0.02403846153846154
0 0.7355769230769231 0.6346153846153847 0.02403846153846154 0.02403846153846154
0 0.5673076923076923 0.7211538461538461 0.02403846153846154 0.02403846153846154
0 0.31490384615384615 0.9302884615384616 0.02403846153846154 0.02403846153846154
0 0.9182692307692308 0.3942307692307693 0.02403846153846154 0.02403846153846154
0 0.8701923076923077 0.41105769230769235 0.02403846153846154 0.02403846153846154
0 0.6033653846153847 0.4086538461538462 0.02403846153846154 0.02403846153846154
0 0.4399038461538462 0.23076923076923078 0.02403846153846154 0.02403846153846154
0 0.8942307692307693 0.18509615384615385 0.02403846153846154 0.02403846153846154
0 0.8725961538461539 0.9375 0.02403846153846154 0.02403846153846154
0 0.8004807692307693 0.9495192307692308 0.02403846153846154 0.02403846153846154
0 0.9495192307692308 0.6225961538461539 0.02403846153846154 0.02403846153846154
