0 0.10336538461538462 0.5913461538461539 0.02403846153846154 0.02403846153846154
0 0.75 0.5721153846153847 0.02403846153846154 0.02403846153846154
0 0.8653846153846154 0.42307692307692313 0.02403846153846154 0.02403846153846154
0 0.8413461538461539 0.4206730769230769 0.02403846153846154 0.02403846153846154
0 0.07451923076923077 0.28365384615384615 0.02403846153846154 0.02403846153846154
0 0.5600961538461539 0.2644230769230769 0.02403846153846154 0.02403846153846154
0 0.5697115384615385 0.24759615384615385 0.02403846153846154 0.02403846153846154
0 0.21875 0.24759615384615385 0.02403846153846154 0.02403846153846154
0 0.6850961538461539 0.21634615384615385 0.02403846153846154 0.02403846153846154
0 0.8918269230769231 0.19471153846153846 0.02403846153846154 0.02403846153846154
0 0.5408653846153847 0.1778846153846154 0.02403846153846154 0.02403846153846154
0 0.8966346153846154 0.13701923076923078 0.02403846153846154 0.02403846153846154
0 0.6971153846153847 0.10817307692307693 0.02403846153846154 0.02403846153846154
0 0.3004807692307693 0.10817307692307693 0.02403846153846154 0.02403846153846154
0 0.3653846153846154 0.09375 0.02403846153846154 0.02403846153846154
0 0.13701923076923078 0.09134615384615385 0.02403846153846154 0.02403846153846154
0 0.7259615384615385 0.028846153846153848 0.02403846153846154 0.02403846153846154
0 0.5913461538461539 0.02403846153846154 0.02403846153846154 0.02403846153846154
0 0.4831730769230769 0.06730769230769232 0.02403846153846154 0.02403846153846154
0 0.7860576923076924 0.10576923076923078 0.02403846153846154 0.02403846153846154
0 0.08413461538461539 0.16586538461538464 0.02403846153846154 0.02403846153846154
0 0.10576923076923078 0.2932692307692308 0.02403846153846154 0.02403846153846154
0 0.2884615384615385 0.05288461538461539 0.02403846153846154 0.02403846153846154
0 0.2403846153846154 0.06971153846153846 0.02403846153846154 0.02403846153846154
0 0.24278846153846156 0.5961538461538461 0.02403846153846154 0.02403846153846154
0 0.17067307692307693 0.608173076923077 0.02403846153846154 0.02403846153846154
0 0.3197115384615385 0.28125 0.02403846153846154 0.02403846153846154
0 0.14903846153846154 0.858173076923077 0.02403846153846154 0.02403846153846154
0 0.22355769230769232 0.8870192307692308 0.02403846153846154 0.02403846153846154
