0 0.15625 0.9591346153846154 0.02403846153846154 0.02403846153846154
0 0.05288461538461539 0.9567307692307693 0.02403846153846154 0.02403846153846154
0 0.7692307692307693 0.9302884615384616 0.02403846153846154 0.02403846153846154
0 0.7139423076923077 0.9134615384615385 0.02403846153846154 0.02403846153846154
0 0.5168269230769231 0.9014423076923077 0.02403846153846154 0.02403846153846154
0 0.14423076923076925 0.8942307692307693 0.02403846153846154 0.02403846153846154
0 0.6754807692307693 0.8677884615384616 0.02403846153846154 0.02403846153846154
0 0.17307692307692307 0.8557692307692308 0.02403846153846154 0.02403846153846154
0 0.09615384615384616 0.8028846153846154 0.02403846153846154 0.02403846153846154
0 0.9302884615384616 0.7932692307692308 0.02403846153846154 0.02403846153846154
0 0.8942307692307693 0.7692307692307693 0.02403846153846154 0.02403846153846154
0 0.7716346153846154 0.7668269230769231 0.02403846153846154 0.02403846153846154
0 0.3557692307692308 0.7355769230769231 0.02403846153846154 0.02403846153846154
0 0.8245192307692308 0.6995192307692308 0.02403846153846154 0.02403846153846154
0 0.1201923076923077 0.6778846153846154 0.02403846153846154 0.02403846153846154
0 0.16346153846153846 0.670673076923077 0.02403846153846154 0.02403846153846154
0 0.13701923076923078 0.6658653846153847 0.02403846153846154 0.02403846153846154
0 0.09855769230769232 0.6346153846153847 0.02403846153846154 0.02403846153846154
0 0.4375 0.6298076923076923 0.02403846153846154 0.02403846153846154
0 0.3269230769230769 0.6201923076923077 0.02403846153846154 0.02403846153846154
0 0.5096153846153847 0.5865384615384616 0.02403846153846154 0.02403846153846154
0 0.9567307692307693 0.5625 0.02403846153846154 0.02403846153846154
0 0.764423076923077 0.5625 0.02403846153846154 0.02403846153846154
0 0.6298076923076923 0.5480769230769231 0.02403846153846154 0.02403846153846154
0 0.11057692307692309 0.514423076923077 0.02403846153846154 0.02403846153846154
0 0.5048076923076923 0.5096153846153847 0.02403846153846154 0.02403846153846154
0 0.4447115384615385 0.5048076923076923 0.02403846153846154 0.02403846153846154
0 0.40384615384615385 0.5 0.02403846153846154 0.02403846153846154
0 0.04807692307692308 0.4903846153846154 0.02403846153846154 0.02403846153846154
0 0.1826923076923077 0.46634615384615385 0.02403846153846154 0.02403846153846154
0 0.8004807692307693 0.4591346153846154 0.02403846153846154 0.02403846153846154
0 0.028846153846153848 0.4567307692307693 0.02403846153846154 0.02403846153846154
0 0.1875 0.42307692307692313 0.02403846153846154 0.02403846153846154
0 0.7475961538461539 0.4086538461538462 0.02403846153846154 0.02403846153846154
0 0.764423076923077 0.3966346153846154 0.02403846153846154 0.02403846153846154
0 0.1778846153846154 0.3894230769230769 0.02403846153846154 0.02403846153846154
0 0.4831730769230769 0.3629807692307693 0.02403846153846154 0.02403846153846154
0 0.889423076923077 0.3581730769230769 0.02403846153846154 0.02403846153846154
0 0.19711538461538464 0.35336538461538464 0.02403846153846154 0.02403846153846154
0 0.2139423076923077 0.34375 0.02403846153846154 0.02403846153846154
0 0.13942307692307693 0.34375 0.02403846153846154 0.02403846153846154
0 0.09134615384615385 0.33653846153846156 0.02403846153846154 0.02403846153846154
0 0.5817307692307693 0.3269230769230769 0.02403846153846154 0.02403846153846154
0 0.7548076923076924 0.2932692307692308 0.02403846153846154 0.02403846153846154
0 0.4326923076923077 0.2932692307692308 0.02403846153846154 0.02403846153846154
0 0.5985576923076923 0.2884615384615385 0.02403846153846154 0.02403846153846154
0 0.37259615384615385 0.2884615384615385 0.02403846153846154 0.02403846153846154
0 0.5216346153846154 0.28365384615384615 0.02403846153846154 0.02403846153846154
0 0.3557692307692308 0.2764423076923077 0.02403846153846154 0.02403846153846154
0 0.6995192307692308 0.2644230769230769 0.02403846153846154 0.02403846153846154
0 0.02403846153846154 0.25480769230769235 0.02403846153846154 0.02403846153846154
0 0.9134615384615385 0.22115384615384617 0.02403846153846154 0.02403846153846154
0 0.8822115384615385 0.22115384615384617 0.02403846153846154 0.02403846153846154
0 0.0889423076923077 0.19951923076923078 0.02403846153846154 0.02403846153846154
0 0.5480769230769231 0.19471153846153846 0.02403846153846154 0.02403846153846154
0 0.2572115384615385 0.20192307692307693 0.02403846153846154 0.02403846153846154
0 0.8822115384615385 0.18990384615384617 0.02403846153846154 0.02403846153846154
0 0.9230769230769231 0.1826923076923077 0.02403846153846154 0.02403846153846154
0 0.8605769230769231 0.17548076923076925 0.02403846153846154 0.02403846153846154
0 0.8725961538461539 0.15625 0.02403846153846154 0.02403846153846154
0 0.2716346153846154 0.14423076923076925 0.02403846153846154 0.02403846153846154
0 0.0625 0.14423076923076925 0.02403846153846154 0.02403846153846154
0 0.858173076923077 0.14182692307692307 0.02403846153846154 0.02403846153846154
0 0.5096153846153847 0.125 0.02403846153846154 0.02403846153846154
0 0.09375 0.12259615384615385 0.02403846153846154 0.02403846153846154
0 0.3870192307692308 0.11778846153846155 0.02403846153846154 0.02403846153846154
0 0.5889423076923077 0.11298076923076923 0.02403846153846154 0.02403846153846154
0 0.7307692307692308 0.11057692307692309 0.02403846153846154 0.02403846153846154
0 0.24278846153846156 0.10817307692307693 0.02403846153846154 0.02403846153846154
0 0.6923076923076923 0.09615384615384616 0.02403846153846154 0.02403846153846154
0 0.6514423076923077 0.0889423076923077 0.02403846153846154 0.02403846153846154
0 0.96875 0.08653846153846154 0.02403846153846154 0.02403846153846154
0 0.7788461538461539 0.08653846153846154 0.02403846153846154 0.02403846153846154
0 0.6826923076923077 0.06009615384615385 0.02403846153846154 0.02403846153846154
0 0.34615384615384615 0.06009615384615385 0.02403846153846154 0.02403846153846154
0 0.4639423076923077 0.057692307692307696 0.02403846153846154 0.02403846153846154
0 0.06490384615384616 0.057692307692307696 0.02403846153846154 0.02403846153846154
0 0.5745192307692308 0.04326923076923077 0.02403846153846154 0.02403846153846154
0 0.4014423076923077 0.03365384615384616 0.02403846153846154 0.02403846153846154
0 0.7716346153846154 0.028846153846153848 0.02403846153846154 0.02403846153846154
0 0.9134615384615385 0.02403846153846154 0.02403846153846154 0.02403846153846154
0 0.9447115384615385 0.2668269230769231 0.02403846153846154 0.02403846153846154
0 0.826923076923077 0.3004807692307693 0.02403846153846154 0.02403846153846154
0 0.8966346153846154 0.16105769230769232 0.02403846153846154 0.02403846153846154
0 0.8365384615384616 0.0625 0.02403846153846154 0.02403846153846154
0 0.8197115384615385 0.04326923076923077 0.02403846153846154 0.02403846153846154
0 0.7283653846153847 0.038461538461538464 0.02403846153846154 0.02403846153846154
0 0.7427884615384616 0.07932692307692309 0.02403846153846154 0.02403846153846154
0 0.6778846153846154 0.1514423076923077 0.02403846153846154 0.02403846153846154
0 0.6177884615384616 0.038461538461538464 0.02403846153846154 0.02403846153846154
0 0.6153846153846154 0.09375 0.02403846153846154 0.02403846153846154
0 0.5168269230769231 0.07451923076923077 0.02403846153846154 0.02403846153846154
0 0.5673076923076923 0.2043269230769231 0.02403846153846154 0.02403846153846154
0 0.4759615384615385 0.19951923076923078 0.02403846153846154 0.02403846153846154
0 0.625 0.3581730769230769 0.02403846153846154 0.02403846153846154
0 0.6105769230769231 0.44230769230769235 0.02403846153846154 0.02403846153846154
0 0.639423076923077 0.4495192307692308 0.02403846153846154 0.02403846153846154
0 0.7716346153846154 0.3581730769230769 0.02403846153846154 0.02403846153846154
0 0.8100961538461539 0.3774038461538462 0.02403846153846154 0.02403846153846154
0 0.49278846153846156 0.4278846153846154 0.02403846153846154 0.02403846153846154
0 0.3870192307692308 0.46634615384615385 0.02403846153846154 0.02403846153846154
0 0.3509615384615385 0.4639423076923077 0.02403846153846154 0.02403846153846154
0 0.31730769230769235 0.3509615384615385 0.02403846153846154 0.02403846153846154
0 0.28365384615384615 0.30528846153846156 0.02403846153846154 0.02403846153846154
0 0.21875 0.25480769230769235 0.02403846153846154 0.02403846153846154
0 0.27403846153846156 0.4495192307692308 0.02403846153846154 0.02403846153846154
0 0.22115384615384617 0.4495192307692308 0.02403846153846154 0.02403846153846154
0 0.15865384615384617 0.5192307692307693 0.02403846153846154 0.02403846153846154
0 0.13461538461538464 0.6009615384615385 0.02403846153846154 0.02403846153846154
0 0.10817307692307693 0.5528846153846154 0.02403846153846154 0.02403846153846154
0 0.2692307692307693 0.6514423076923077 0.02403846153846154 0.02403846153846154
0 0.3870192307692308 0.6514423076923077 0.02403846153846154 0.02403846153846154
0 0.5120192307692308 0.71875 0.02403846153846154 0.02403846153846154
0 0.5216346153846154 0.764423076923077 0.02403846153846154 0.02403846153846154
0 0.4711538461538462 0.7980769230769231 0.02403846153846154 0.02403846153846154
0 0.4399038461538462 0.8293269230769231 0.02403846153846154 0.02403846153846154
0 0.6225961538461539 0.7788461538461539 0.02403846153846154 0.02403846153846154
0 0.2043269230769231 0.7620192307692308 0.02403846153846154 0.02403846153846154
0 0.07932692307692309 0.7235576923076924 0.02403846153846154 0.02403846153846154
0 0.10576923076923078 0.6995192307692308 0.02403846153846154 0.02403846153846154
0 0.3629807692307693 0.7692307692307693 0.02403846153846154 0.02403846153846154
0 0.375 0.875 0.02403846153846154 0.02403846153846154
0 0.37980769230769235 0.057692307692307696 0.02403846153846154 0.02403846153846154
0 0.7692307692307693 0.2403846153846154 0.02403846153846154 0.02403846153846154
0 0.23798076923076925 0.05288461538461539 0.02403846153846154 0.02403846153846154
0 0.10096153846153846 0.05048076923076923 0.02403846153846154 0.02403846153846154
0 0.125 0.3870192307692308 0.02403846153846154 0.02403846153846154
0 0.07211538461538462 0.7932692307692308 0.02403846153846154 0.02403846153846154
0 0.889423076923077 0.795673076923077 0.02403846153846154 0.02403846153846154
0 0.7451923076923077 0.9158653846153847 0.02403846153846154 0.02403846153846154
