0 0.43028846153846156 0.9591346153846154 0.02403846153846154 0.02403846153846154
0 0.5432692307692308 0.9086538461538463 0.02403846153846154 0.02403846153846154
0 0.3341346153846154 0.8389423076923077 0.02403846153846154 0.02403846153846154
0 0.9543269230769231 0.8125 0.02403846153846154 0.02403846153846154
0 0.7668269230769231 0.78125 0.02403846153846154 0.02403846153846154
0 0.90625 0.7788461538461539 0.02403846153846154 0.02403846153846154
0 0.9014423076923077 0.75 0.02403846153846154 0.02403846153846154
0 0.8846153846153847 0.6923076923076923 0.02403846153846154 0.02403846153846154
0 0.7788461538461539 0.6634615384615385 0.02403846153846154 0.02403846153846154
0 0.9399038461538463 0.6586538461538461 0.02403846153846154 0.02403846153846154
0 0.16105769230769232 0.6442307692307693 0.02403846153846154 0.02403846153846154
0 0.7427884615384616 0.5865384615384616 0.02403846153846154 0.02403846153846154
0 0.9663461538461539 0.5408653846153847 0.02403846153846154 0.02403846153846154
0 0.514423076923077 0.4903846153846154 0.02403846153846154 0.02403846153846154
0 0.5817307692307693 0.46153846153846156 0.02403846153846154 0.02403846153846154
0 0.8245192307692308 0.43028846153846156 0.02403846153846154 0.02403846153846154
0 0.3557692307692308 0.3942307692307693 0.02403846153846154 0.02403846153846154
0 0.9471153846153847 0.375 0.02403846153846154 0.02403846153846154
0 0.8245192307692308 0.34375 0.02403846153846154 0.02403846153846154
0 0.764423076923077 0.33653846153846156 0.02403846153846154 0.02403846153846154
0 0.5552884615384616 0.3245192307692308 0.02403846153846154 0.02403846153846154
0 0.6490384615384616 0.31009615384615385 0.02403846153846154 0.02403846153846154
0 0.4759615384615385 0.31009615384615385 0.02403846153846154 0.02403846153846154
0 0.795673076923077 0.30528846153846156 0.02403846153846154 0.02403846153846154
0 0.8245192307692308 0.2956730769230769 0.02403846153846154 0.02403846153846154
0 0.7211538461538461 0.2716346153846154 0.02403846153846154 0.02403846153846154
0 0.6730769230769231 0.2692307692307693 0.02403846153846154 0.02403846153846154
0 0.7235576923076924 0.24759615384615385 0.02403846153846154 0.02403846153846154
0 0.25 0.23317307692307693 0.02403846153846154 0.02403846153846154
0 0.8173076923076924 0.23076923076923078 0.02403846153846154 0.02403846153846154
0 0.31009615384615385 0.22836538461538464 0.02403846153846154 0.02403846153846154
0 0.5793269230769231 0.21875 0.02403846153846154 0.02403846153846154
0 0.4711538461538462 0.21875 0.02403846153846154 0.02403846153846154
0 0.6875 0.21634615384615385 0.02403846153846154 0.02403846153846154
0 0.6298076923076923 0.20192307692307693 0.02403846153846154 0.02403846153846154
0 0.49759615384615385 0.19471153846153846 0.02403846153846154 0.02403846153846154
0 0.25 0.17067307692307693 0.02403846153846154 0.02403846153846154
0 0.7572115384615385 0.16826923076923078 0.02403846153846154 0.02403846153846154
0 0.4399038461538462 0.16826923076923078 0.02403846153846154 0.02403846153846154
0 0.875 0.16105769230769232 0.02403846153846154 0.02403846153846154
0 0.5913461538461539 0.16346153846153846 0.02403846153846154 0.02403846153846154
0 0.7283653846153847 0.16105769230769232 0.02403846153846154 0.02403846153846154
0 0.5985576923076923 0.12980769230769232 0.02403846153846154 0.02403846153846154
0 0.5504807692307693 0.1201923076923077 0.02403846153846154 0.02403846153846154
0 0.3245192307692308 0.11778846153846155 0.02403846153846154 0.02403846153846154
0 0.5120192307692308 0.10576923076923078 0.02403846153846154 0.02403846153846154
0 0.16826923076923078 0.10336538461538462 0.02403846153846154 0.02403846153846154
0 0.6923076923076923 0.09855769230769232 0.02403846153846154 0.02403846153846154
0 0.2764423076923077 0.09855769230769232 0.02403846153846154 0.02403846153846154
0 0.5528846153846154 0.08173076923076923 0.02403846153846154 0.02403846153846154
0 0.6418269230769231 0.07692307692307693 0.02403846153846154 0.02403846153846154
0 0.8822115384615385 0.06490384615384616 0.02403846153846154 0.02403846153846154
0 0.6875 0.057692307692307696 0.02403846153846154 0.02403846153846154
0 0.17548076923076925 0.057692307692307696 0.02403846153846154 0.02403846153846154
0 0.8197115384615385 0.05288461538461539 0.02403846153846154 0.02403846153846154
0 0.07451923076923077 0.05288461538461539 0.02403846153846154 0.02403846153846154
0 0.6610576923076923 0.026442307692307696 0.02403846153846154 0.02403846153846154
0 0.4591346153846154 0.026442307692307696 0.02403846153846154 0.02403846153846154
0 0.3245192307692308 0.026442307692307696 0.02403846153846154 0.02403846153846154
0 0.7980769230769231 0.07932692307692309 0.02403846153846154 0.02403846153846154
0 0.7211538461538461 0.9086538461538463 0.02403846153846154 0.02403846153846154
0 0.5745192307692308 0.90625 0.02403846153846154 0.02403846153846154
0 0.8701923076923077 0.4326923076923077 0.02403846153846154 0.02403846153846154
0 0.9326923076923077 0.40384615384615385 0.02403846153846154 0.02403846153846154
0 0.9326923076923077 0.3870192307692308 0.02403846153846154 0.02403846153846154
0 0.8798076923076924 0.3894230769230769 0.02403846153846154 0.02403846153846154
0 0.9639423076923077 0.2355769230769231 0.02403846153846154 0.02403846153846154
0 0.6274038461538461 0.2692307692307693 0.02403846153846154 0.02403846153846154
0 0.6947115384615385 0.13942307692307693 0.02403846153846154 0.02403846153846154
0 0.7043269230769231 0.24759615384615385 0.02403846153846154 0.02403846153846154
0 0.6298076923076923 0.22355769230769232 0.02403846153846154 0.02403846153846154
0 0.701923076923077 0.026442307692307696 0.02403846153846154 0.02403846153846154
0 0.6634615384615385 0.06009615384615385 0.02403846153846154 0.02403846153846154
0 0.4134615384615385 0.11057692307692309 0.02403846153846154 0.02403846153846154
0 0.34134615384615385 0.1466346153846154 0.02403846153846154 0.02403846153846154
0 0.21153846153846156 0.21153846153846156 0.02403846153846154 0.02403846153846154
0 0.17067307692307693 0.33653846153846156 0.02403846153846154 0.02403846153846154
0 0.2403846153846154 0.31009615384615385 0.02403846153846154 0.02403846153846154
0 0.2932692307692308 0.18028846153846154 0.02403846153846154 0.02403846153846154
0 0.2884615384615385 0.19711538461538464 0.02403846153846154 0.02403846153846154
0 0.31730769230769235 0.2043269230769231 0.02403846153846154 0.02403846153846154
0 0.3557692307692308 0.25 0.02403846153846154 0.02403846153846154
0 0.3076923076923077 0.25 0.02403846153846154 0.02403846153846154
0 0.34134615384615385 0.2956730769230769 0.02403846153846154 0.02403846153846154
0 0.3197115384615385 0.31490384615384615 0.02403846153846154 0.02403846153846154
0 0.34375 0.32211538461538464 0.02403846153846154 0.02403846153846154
0 0.4326923076923077 0.3076923076923077 0.02403846153846154 0.02403846153846154
0 0.3966346153846154 0.3870192307692308 0.02403846153846154 0.02403846153846154
0 0.4495192307692308 0.43509615384615385 0.02403846153846154 0.02403846153846154
0 0.4879807692307693 0.4086538461538462 0.02403846153846154 0.02403846153846154
0 0.576923076923077 0.6875 0.02403846153846154 0.02403846153846154
0 0.49759615384615385 0.6802884615384616 0.02403846153846154 0.02403846153846154
0 0.3942307692307693 0.6033653846153847 0.02403846153846154 0.02403846153846154
0 0.8774038461538463 0.7427884615384616 0.02403846153846154 0.02403846153846154
0 0.8677884615384616 0.7668269230769231 0.02403846153846154 0.02403846153846154
0 0.23798076923076925 0.9663461538461539 0.02403846153846154 0.02403846153846154
0 0.38461538461538464 0.889423076923077 0.02403846153846154 0.02403846153846154
0 0.20192307692307693 0.8798076923076924 0.02403846153846154 0.02403846153846154
0 0.2956730769230769 0.7572115384615385 0.02403846153846154 0.02403846153846154
0 0.25 0.7572115384615385 0.02403846153846154 0.02403846153846154
0 0.13461538461538464 0.7836538461538461 0.02403846153846154 0.02403846153846154
0 0.23076923076923078 0.6346153846153847 0.02403846153846154 0.02403846153846154
0 0.22115384615384617 0.4711538461538462 0.02403846153846154 0.02403846153846154
0 0.3004807692307693 0.42307692307692313 0.02403846153846154 0.02403846153846154
0 0.05048076923076923 0.4903846153846154 0.02403846153846154 0.02403846153846154
0 0.09615384615384616 0.4278846153846154 0.02403846153846154 0.02403846153846154
0 0.03365384615384616 0.3076923076923077 0.02403846153846154 0.02403846153846154
0 0.04326923076923077 0.05288461538461539 0.02403846153846154 0.02403846153846154
0 0.03365384615384616 0.03125 0.02403846153846154 0.02403846153846154
0 0.19230769230769232 0.5360576923076923 0.02403846153846154 0.02403846153846154
0 0.7427884615384616 0.40384615384615385 0.02403846153846154 0.02403846153846154
0 0.7307692307692308 0.34134615384615385 0.02403846153846154 0.02403846153846154
0 0.6129807692307693 0.46634615384615385 0.02403846153846154 0.02403846153846154
0 0.28365384615384615 0.040865384615384616 0.02403846153846154 0.02403846153846154
0 0.2692307692307693 0.04567307692307693 0.02403846153846154 0.02403846153846154
0 0.24759615384615385 0.08653846153846154 0.02403846153846154 0.02403846153846154
0 0.12740384615384617 0.057692307692307696 0.02403846153846154 0.02403846153846154
0 0.038461538461538464 0.2668269230769231 0.02403846153846154 0.02403846153846154
0 0.8533653846153847 0.6610576923076923 0.02403846153846154 0.02403846153846154
