0 0.3125 0.96875 0.02403846153846154 0.02403846153846154
0 0.6514423076923077 0.9471153846153847 0.02403846153846154 0.02403846153846154
0 0.6346153846153847 0.9447115384615385 0.02403846153846154 0.02403846153846154
0 0.125 0.9375 0.02403846153846154 0.02403846153846154
0 0.2644230769230769 0.9350961538461539 0.02403846153846154 0.02403846153846154
0 0.75 0.9278846153846154 0.02403846153846154 0.02403846153846154
0 0.25961538461538464 0.90625 0.02403846153846154 0.02403846153846154
0 0.40384615384615385 0.9038461538461539 0.02403846153846154 0.02403846153846154
0 0.4639423076923077 0.8966346153846154 0.02403846153846154 0.02403846153846154
0 0.375 0.8942307692307693 0.02403846153846154 0.02403846153846154
0 0.4831730769230769 0.858173076923077 0.02403846153846154 0.02403846153846154
0 0.24278846153846156 0.8485576923076924 0.02403846153846154 0.02403846153846154
0 0.8221153846153847 0.8221153846153847 0.02403846153846154 0.02403846153846154
0 0.13701923076923078 0.8197115384615385 0.02403846153846154 0.02403846153846154
0 0.2980769230769231 0.8149038461538461 0.02403846153846154 0.02403846153846154
0 0.951923076923077 0.7716346153846154 0.02403846153846154 0.02403846153846154
0 0.53125 0.7451923076923077 0.02403846153846154 0.02403846153846154
0 0.10096153846153846 0.7427884615384616 0.02403846153846154 0.02403846153846154
0 0.6225961538461539 0.7307692307692308 0.02403846153846154 0.02403846153846154
0 0.8028846153846154 0.7235576923076924 0.02403846153846154 0.02403846153846154
0 0.6754807692307693 0.7211538461538461 0.02403846153846154 0.02403846153846154
0 0.5841346153846154 0.71875 0.02403846153846154 0.02403846153846154
0 0.3245192307692308 0.6971153846153847 0.02403846153846154 0.02403846153846154
0 0.795673076923077 0.6923076923076923 0.02403846153846154 0.02403846153846154
0 0.6658653846153847 0.6971153846153847 0.02403846153846154 0.02403846153846154
0 0.44711538461538464 0.6682692307692308 0.02403846153846154 0.02403846153846154
0 0.6947115384615385 0.6658653846153847 0.02403846153846154 0.02403846153846154
0 0.6658653846153847 0.6586538461538461 0.02403846153846154 0.02403846153846154
0 0.34615384615384615 0.6466346153846154 0.02403846153846154 0.02403846153846154
0 0.7572115384615385 0.639423076923077 0.02403846153846154 0.02403846153846154
0 0.6826923076923077 0.6370192307692308 0.02403846153846154 0.02403846153846154
0 0.5913461538461539 0.6274038461538461 0.02403846153846154 0.02403846153846154
0 0.65625 0.6177884615384616 0.02403846153846154 0.02403846153846154
0 0.37980769230769235 0.6129807692307693 0.02403846153846154 0.02403846153846154
0 0.1826923076923077 0.5865384615384616 0.02403846153846154 0.02403846153846154
0 0.4182692307692308 0.5697115384615385 0.02403846153846154 0.02403846153846154
0 0.30528846153846156 0.53125 0.02403846153846154 0.02403846153846154
0 0.9375 0.5240384615384616 0.02403846153846154 0.02403846153846154
0 0.7572115384615385 0.5192307692307693 0.02403846153846154 0.02403846153846154
0 0.43509615384615385 0.5024038461538461 0.02403846153846154 0.02403846153846154
0 0.1826923076923077 0.5 0.02403846153846154 0.02403846153846154
0 0.12259615384615385 0.49278846153846156 0.02403846153846154 0.02403846153846154
0 0.608173076923077 0.4807692307692308 0.02403846153846154 0.02403846153846154
0 0.9278846153846154 0.4639423076923077 0.02403846153846154 0.02403846153846154
0 0.15384615384615385 0.46153846153846156 0.02403846153846154 0.02403846153846154
0 0.1826923076923077 0.4519230769230769 0.02403846153846154 0.02403846153846154
0 0.8701923076923077 0.4326923076923077 0.02403846153846154 0.02403846153846154
0 0.07932692307692309 0.4278846153846154 0.02403846153846154 0.02403846153846154
0 0.03125 0.4254807692307693 0.02403846153846154 0.02403846153846154
0 0.42307692307692313 0.4206730769230769 0.02403846153846154 0.02403846153846154
0 0.6153846153846154 0.40625 0.02403846153846154 0.02403846153846154
0 0.08173076923076923 0.40384615384615385 0.02403846153846154 0.02403846153846154
0 0.17548076923076925 0.3870192307692308 0.02403846153846154 0.02403846153846154
0 0.04567307692307693 0.37259615384615385 0.02403846153846154 0.02403846153846154
0 0.5817307692307693 0.35336538461538464 0.02403846153846154 0.02403846153846154
0 0.6947115384615385 0.3509615384615385 0.02403846153846154 0.02403846153846154
0 0.3774038461538462 0.3509615384615385 0.02403846153846154 0.02403846153846154
0 0.6322115384615385 0.34855769230769235 0.02403846153846154 0.02403846153846154
0 0.7716346153846154 0.34134615384615385 0.02403846153846154 0.02403846153846154
0 0.9254807692307693 0.3317307692307693 0.02403846153846154 0.02403846153846154
0 0.5168269230769231 0.3245192307692308 0.02403846153846154 0.02403846153846154
0 0.11538461538461539 0.3245192307692308 0.02403846153846154 0.02403846153846154
0 0.8629807692307693 0.3197115384615385 0.02403846153846154 0.02403846153846154
0 0.23317307692307693 0.31730769230769235 0.02403846153846154 0.02403846153846154
0 0.608173076923077 0.31730769230769235 0.02403846153846154 0.02403846153846154
0 0.08653846153846154 0.31730769230769235 0.02403846153846154 0.02403846153846154
0 0.41586538461538464 0.29086538461538464 0.02403846153846154 0.02403846153846154
0 0.5 0.29086538461538464 0.02403846153846154 0.02403846153846154
0 0.5168269230769231 0.27403846153846156 0.02403846153846154 0.02403846153846154
0 0.43509615384615385 0.27403846153846156 0.02403846153846154 0.02403846153846154
0 0.5673076923076923 0.2572115384615385 0.02403846153846154 0.02403846153846154
0 0.6105769230769231 0.2620192307692308 0.02403846153846154 0.02403846153846154
0 0.6658653846153847 0.25240384615384615 0.02403846153846154 0.02403846153846154
0 0.05048076923076923 0.25480769230769235 0.02403846153846154 0.02403846153846154
0 0.6899038461538461 0.2451923076923077 0.02403846153846154 0.02403846153846154
0 0.8293269230769231 0.22836538461538464 0.02403846153846154 0.02403846153846154
0 0.9158653846153847 0.22115384615384617 0.02403846153846154 0.02403846153846154
0 0.6995192307692308 0.22115384615384617 0.02403846153846154 0.02403846153846154
0 0.2403846153846154 0.22115384615384617 0.02403846153846154 0.02403846153846154
0 0.6802884615384616 0.22115384615384617 0.02403846153846154 0.02403846153846154
0 0.6057692307692308 0.21875 0.02403846153846154 0.02403846153846154
0 0.545673076923077 0.21634615384615385 0.02403846153846154 0.02403846153846154
0 0.04567307692307693 0.2139423076923077 0.02403846153846154 0.02403846153846154
0 0.9038461538461539 0.21153846153846156 0.02403846153846154 0.02403846153846154
0 0.1778846153846154 0.2091346153846154 0.02403846153846154 0.02403846153846154
0 0.4399038461538462 0.2043269230769231 0.02403846153846154 0.02403846153846154
0 0.9375 0.18990384615384617 0.02403846153846154 0.02403846153846154
0 0.8774038461538463 0.1875 0.02403846153846154 0.02403846153846154
0 0.11298076923076923 0.17307692307692307 0.02403846153846154 0.02403846153846154
0 0.5240384615384616 0.16826923076923078 0.02403846153846154 0.02403846153846154
0 0.21634615384615385 0.16105769230769232 0.02403846153846154 0.02403846153846154
0 0.5913461538461539 0.15865384615384617 0.02403846153846154 0.02403846153846154
0 0.8966346153846154 0.1514423076923077 0.02403846153846154 0.02403846153846154
0 0.40384615384615385 0.14903846153846154 0.02403846153846154 0.02403846153846154
0 0.12980769230769232 0.13221153846153846 0.02403846153846154 0.02403846153846154
0 0.8918269230769231 0.12980769230769232 0.02403846153846154 0.02403846153846154
0 0.5793269230769231 0.1201923076923077 0.02403846153846154 0.02403846153846154
0 0.8774038461538463 0.11057692307692309 0.02403846153846154 0.02403846153846154
0 0.5072115384615384 0.10336538461538462 0.02403846153846154 0.02403846153846154
0 0.4278846153846154 0.10576923076923078 0.02403846153846154 0.02403846153846154
0 0.5264423076923077 0.10096153846153846 0.02403846153846154 0.02403846153846154
0 0.05048076923076923 0.10096153846153846 0.02403846153846154 0.02403846153846154
0 0.8004807692307693 0.09134615384615385 0.02403846153846154 0.02403846153846154
0 0.7548076923076924 0.08413461538461539 0.02403846153846154 0.02403846153846154
0 0.3317307692307693 0.09615384615384616 0.02403846153846154 0.02403846153846154
0 0.28365384615384615 0.08413461538461539 0.02403846153846154 0.02403846153846154
0 0.7427884615384616 0.06009615384615385 0.02403846153846154 0.02403846153846154
0 0.30528846153846156 0.04567307692307693 0.02403846153846154 0.02403846153846154
0 0.3701923076923077 0.038461538461538464 0.02403846153846154 0.02403846153846154
0 0.47836538461538464 0.03125 0.02403846153846154 0.02403846153846154
0 0.8100961538461539 0.026442307692307696 0.02403846153846154 0.02403846153846154
0 0.826923076923077 0.05048076923076923 0.02403846153846154 0.02403846153846154
0 0.9230769230769231 0.25240384615384615 0.02403846153846154 0.02403846153846154
0 0.90625 0.18509615384615385 0.02403846153846154 0.02403846153846154
0 0.8774038461538463 0.375 0.02403846153846154 0.02403846153846154
0 0.7548076923076924 0.3004807692307693 0.02403846153846154 0.02403846153846154
0 0.7524038461538461 0.23076923076923078 0.02403846153846154 0.02403846153846154
0 0.7163461538461539 0.23317307692307693 0.02403846153846154 0.02403846153846154
0 0.7115384615384616 0.1826923076923077 0.02403846153846154 0.02403846153846154
0 0.7283653846153847 0.1514423076923077 0.02403846153846154 0.02403846153846154
0 0.6201923076923077 0.06490384615384616 0.02403846153846154 0.02403846153846154
0 0.5889423076923077 0.028846153846153848 0.02403846153846154 0.02403846153846154
0 0.6466346153846154 0.14423076923076925 0.02403846153846154 0.02403846153846154
0 0.6466346153846154 0.07451923076923077 0.02403846153846154 0.02403846153846154
0 0.4519230769230769 0.14903846153846154 0.02403846153846154 0.02403846153846154
0 0.5600961538461539 0.2451923076923077 0.02403846153846154 0.02403846153846154
0 0.5865384615384616 0.22836538461538464 0.02403846153846154 0.02403846153846154
0 0.6201923076923077 0.2139423076923077 0.02403846153846154 0.02403846153846154
0 0.6370192307692308 0.25240384615384615 0.02403846153846154 0.02403846153846154
0 0.23076923076923078 0.021634615384615384 0.02403846153846154 0.02403846153846154
0 0.2884615384615385 0.16586538461538464 0.02403846153846154 0.02403846153846154
0 0.2764423076923077 0.11538461538461539 0.02403846153846154 0.02403846153846154
0 0.13221153846153846 0.03365384615384616 0.02403846153846154 0.02403846153846154
0 0.14903846153846154 0.07211538461538462 0.02403846153846154 0.02403846153846154
0 0.15625 0.2355769230769231 0.02403846153846154 0.02403846153846154
0 0.42307692307692313 0.3293269230769231 0.02403846153846154 0.02403846153846154
0 0.39903846153846156 0.3317307692307693 0.02403846153846154 0.02403846153846154
0 0.9639423076923077 0.34134615384615385 0.02403846153846154 0.02403846153846154
0 0.9495192307692308 0.8317307692307693 0.02403846153846154 0.02403846153846154
0 0.7091346153846154 0.9375 0.02403846153846154 0.02403846153846154
0 0.6370192307692308 0.8485576923076924 0.02403846153846154 0.02403846153846154
0 0.7307692307692308 0.6658653846153847 0.02403846153846154 0.02403846153846154
0 0.8870192307692308 0.608173076923077 0.02403846153846154 0.02403846153846154
0 0.8701923076923077 0.6730769230769231 0.02403846153846154 0.02403846153846154
0 0.6754807692307693 0.4711538461538462 0.02403846153846154 0.02403846153846154
0 0.6298076923076923 0.6201923076923077 0.02403846153846154 0.02403846153846154
0 0.5576923076923077 0.5408653846153847 0.02403846153846154 0.02403846153846154
0 0.5024038461538461 0.6009615384615385 0.02403846153846154 0.02403846153846154
0 0.5697115384615385 0.4495192307692308 0.02403846153846154 0.02403846153846154
0 0.3629807692307693 0.4014423076923077 0.02403846153846154 0.02403846153846154
0 0.43509615384615385 0.8173076923076924 0.02403846153846154 0.02403846153846154
0 0.22836538461538464 0.5889423076923077 0.02403846153846154 0.02403846153846154
0 0.29086538461538464 0.5600961538461539 0.02403846153846154 0.02403846153846154
0 0.29086538461538464 0.5432692307692308 0.02403846153846154 0.02403846153846154
0 0.23798076923076925 0.545673076923077 0.02403846153846154 0.02403846153846154
0 0.32211538461538464 0.3918269230769231 0.02403846153846154 0.02403846153846154
0 0.05288461538461539 0.2956730769230769 0.02403846153846154 0.02403846153846154
0 0.0625 0.40384615384615385 0.02403846153846154 0.02403846153846154
0 0.0625 0.03365384615384616 0.02403846153846154 0.02403846153846154
0 0.06009615384615385 0.1826923076923077 0.02403846153846154 0.02403846153846154
0 0.021634615384615384 0.21634615384615385 0.02403846153846154 0.02403846153846154
0 0.2355769230769231 0.8990384615384616 0.02403846153846154 0.02403846153846154
0 0.22596153846153846 0.9230769230769231 0.02403846153846154 0.02403846153846154
0 0.10096153846153846 0.5600961538461539 0.02403846153846154 0.02403846153846154
0 0.0889423076923077 0.49759615384615385 0.02403846153846154 0.02403846153846154
0 0.21153846153846156 0.8173076923076924 0.02403846153846154 0.02403846153846154
