0 0.7572115384615385 0.9615384615384616 0.02403846153846154 0.02403846153846154
0 0.7091346153846154 0.951923076923077 0.02403846153846154 0.02403846153846154
0 0.4831730769230769 0.9495192307692308 0.02403846153846154 0.02403846153846154
0 0.670673076923077 0.9375 0.02403846153846154 0.02403846153846154
0 0.3269230769230769 0.9350961538461539 0.02403846153846154 0.02403846153846154
0 0.8509615384615385 0.9302884615384616 0.02403846153846154 0.02403846153846154
0 0.43509615384615385 0.9302884615384616 0.02403846153846154 0.02403846153846154
0 0.7115384615384616 0.9134615384615385 0.02403846153846154 0.02403846153846154
0 0.8004807692307693 0.9086538461538463 0.02403846153846154 0.02403846153846154
0 0.8461538461538463 0.889423076923077 0.02403846153846154 0.02403846153846154
0 0.3341346153846154 0.889423076923077 0.02403846153846154 0.02403846153846154
0 0.23317307692307693 0.8846153846153847 0.02403846153846154 0.02403846153846154
0 0.17067307692307693 0.8725961538461539 0.02403846153846154 0.02403846153846154
0 0.8197115384615385 0.858173076923077 0.02403846153846154 0.02403846153846154
0 0.6177884615384616 0.858173076923077 0.02403846153846154 0.02403846153846154
0 0.4831730769230769 0.858173076923077 0.02403846153846154 0.02403846153846154
0 0.9134615384615385 0.8485576923076924 0.02403846153846154 0.02403846153846154
0 0.1201923076923077 0.84375 0.02403846153846154 0.02403846153846154
0 0.30528846153846156 0.8173076923076924 0.02403846153846154 0.02403846153846154
0 0.9302884615384616 0.8076923076923077 0.02403846153846154 0.02403846153846154
0 0.3557692307692308 0.8076923076923077 0.02403846153846154 0.02403846153846154
0 0.6658653846153847 0.7980769230769231 0.02403846153846154 0.02403846153846154
0 0.3966346153846154 0.7860576923076924 0.02403846153846154 0.02403846153846154
0 0.8509615384615385 0.7764423076923077 0.02403846153846154 0.02403846153846154
0 0.6658653846153847 0.7692307692307693 0.02403846153846154 0.02403846153846154
0 0.2451923076923077 0.7668269230769231 0.02403846153846154 0.02403846153846154
0 0.46875 0.7355769230769231 0.02403846153846154 0.02403846153846154
0 0.43509615384615385 0.7043269230769231 0.02403846153846154 0.02403846153846154
0 0.2716346153846154 0.6995192307692308 0.02403846153846154 0.02403846153846154
0 0.6634615384615385 0.6899038461538461 0.02403846153846154 0.02403846153846154
0 0.8798076923076924 0.6850961538461539 0.02403846153846154 0.02403846153846154
0 0.8605769230769231 0.6802884615384616 0.02403846153846154 0.02403846153846154
0 0.6947115384615385 0.6730769230769231 0.02403846153846154 0.02403846153846154
0 0.7596153846153847 0.6538461538461539 0.02403846153846154 0.02403846153846154
0 0.7283653846153847 0.6538461538461539 0.02403846153846154 0.02403846153846154
0 0.8341346153846154 0.6514423076923077 0.02403846153846154 0.02403846153846154
0 0.5408653846153847 0.6466346153846154 0.02403846153846154 0.02403846153846154
0 0.12980769230769232 0.6418269230769231 0.02403846153846154 0.02403846153846154
0 0.5552884615384616 0.6346153846153847 0.02403846153846154 0.02403846153846154
0 0.32211538461538464 0.625 0.02403846153846154 0.02403846153846154
0 0.17067307692307693 0.6225961538461539 0.02403846153846154 0.02403846153846154
0 0.6586538461538461 0.6129807692307693 0.02403846153846154 0.02403846153846154
0 0.8653846153846154 0.6033653846153847 0.02403846153846154 0.02403846153846154
0 0.8846153846153847 0.5913461538461539 0.02403846153846154 0.02403846153846154
0 0.22115384615384617 0.5865384615384616 0.02403846153846154 0.02403846153846154
0 0.08413461538461539 0.5649038461538461 0.02403846153846154 0.02403846153846154
0 0.7860576923076924 0.5600961538461539 0.02403846153846154 0.02403846153846154
0 0.4903846153846154 0.5600961538461539 0.02403846153846154 0.02403846153846154
0 0.4447115384615385 0.5552884615384616 0.02403846153846154 0.02403846153846154
0 0.25 0.5552884615384616 0.02403846153846154 0.02403846153846154
0 0.12259615384615385 0.5552884615384616 0.02403846153846154 0.02403846153846154
0 0.9110576923076924 0.5504807692307693 0.02403846153846154 0.02403846153846154
0 0.5600961538461539 0.5408653846153847 0.02403846153846154 0.02403846153846154
0 0.5865384615384616 0.53125 0.02403846153846154 0.02403846153846154
0 0.8004807692307693 0.5288461538461539 0.02403846153846154 0.02403846153846154
0 0.6610576923076923 0.5216346153846154 0.02403846153846154 0.02403846153846154
0 0.4182692307692308 0.5216346153846154 0.02403846153846154 0.02403846153846154
0 0.5528846153846154 0.5096153846153847 0.02403846153846154 0.02403846153846154
0 0.5072115384615384 0.5072115384615384 0.02403846153846154 0.02403846153846154
0 0.3557692307692308 0.5072115384615384 0.02403846153846154 0.02403846153846154
0 0.7860576923076924 0.5 0.02403846153846154 0.02403846153846154
0 0.49278846153846156 0.5 0.02403846153846154 0.02403846153846154
0 0.9086538461538463 0.4831730769230769 0.02403846153846154 0.02403846153846154
0 0.47355769230769235 0.47355769230769235 0.02403846153846154 0.02403846153846154
0 0.8461538461538463 0.46634615384615385 0.02403846153846154 0.02403846153846154
0 0.2692307692307693 0.46634615384615385 0.02403846153846154 0.02403846153846154
0 0.10817307692307693 0.46634615384615385 0.02403846153846154 0.02403846153846154
0 0.17307692307692307 0.4639423076923077 0.02403846153846154 0.02403846153846154
0 0.7235576923076924 0.4495192307692308 0.02403846153846154 0.02403846153846154
0 0.7043269230769231 0.44711538461538464 0.02403846153846154 0.02403846153846154
0 0.1466346153846154 0.4399038461538462 0.02403846153846154 0.02403846153846154
0 0.5504807692307693 0.43509615384615385 0.02403846153846154 0.02403846153846154
0 0.49278846153846156 0.4254807692307693 0.02403846153846154 0.02403846153846154
0 0.4519230769230769 0.4206730769230769 0.02403846153846154 0.02403846153846154
0 0.040865384615384616 0.4206730769230769 0.02403846153846154 0.02403846153846154
0 0.6947115384615385 0.4182692307692308 0.02403846153846154 0.02403846153846154
0 0.11778846153846155 0.41105769230769235 0.02403846153846154 0.02403846153846154
0 0.4399038461538462 0.40625 0.02403846153846154 0.02403846153846154
0 0.2668269230769231 0.3918269230769231 0.02403846153846154 0.02403846153846154
0 0.4134615384615385 0.38461538461538464 0.02403846153846154 0.02403846153846154
0 0.43509615384615385 0.3774038461538462 0.02403846153846154 0.02403846153846154
0 0.9567307692307693 0.3629807692307693 0.02403846153846154 0.02403846153846154
0 0.46875 0.34615384615384615 0.02403846153846154 0.02403846153846154
0 0.19471153846153846 0.31730769230769235 0.02403846153846154 0.02403846153846154
0 0.2980769230769231 0.30528846153846156 0.02403846153846154 0.02403846153846154
0 0.8197115384615385 0.3004807692307693 0.02403846153846154 0.02403846153846154
0 0.4567307692307693 0.2932692307692308 0.02403846153846154 0.02403846153846154
0 0.2668269230769231 0.2668269230769231 0.02403846153846154 0.02403846153846154
0 0.7524038461538461 0.24759615384615385 0.02403846153846154 0.02403846153846154
0 0.21634615384615385 0.22596153846153846 0.02403846153846154 0.02403846153846154
0 0.6129807692307693 0.21634615384615385 0.02403846153846154 0.02403846153846154
0 0.8605769230769231 0.20192307692307693 0.02403846153846154 0.02403846153846154
0 0.71875 0.19711538461538464 0.02403846153846154 0.02403846153846154
0 0.9278846153846154 0.1826923076923077 0.02403846153846154 0.02403846153846154
0 0.9447115384615385 0.16105769230769232 0.02403846153846154 0.02403846153846154
0 0.7788461538461539 0.14903846153846154 0.02403846153846154 0.02403846153846154
0 0.5216346153846154 0.14903846153846154 0.02403846153846154 0.02403846153846154
0 0.8509615384615385 0.14423076923076925 0.02403846153846154 0.02403846153846154
0 0.20192307692307693 0.13701923076923078 0.02403846153846154 0.02403846153846154
0 0.4278846153846154 0.13221153846153846 0.02403846153846154 0.02403846153846154
0 0.6225961538461539 0.12980769230769232 0.02403846153846154 0.02403846153846154
0 0.25480769230769235 0.12259615384615385 0.02403846153846154 0.02403846153846154
0 0.6658653846153847 0.1201923076923077 0.02403846153846154 0.02403846153846154
0 0.8293269230769231 0.11057692307692309 0.02403846153846154 0.02403846153846154
0 0.20192307692307693 0.11057692307692309 0.02403846153846154 0.02403846153846154
0 0.13221153846153846 0.0889423076923077 0.02403846153846154 0.02403846153846154
0 0.026442307692307696 0.08653846153846154 0.02403846153846154 0.02403846153846154
0 0.6274038461538461 0.06730769230769232 0.02403846153846154 0.02403846153846154
0 0.06730769230769232 0.04567307692307693 0.02403846153846154 0.02403846153846154
0 0.6201923076923077 0.040865384615384616 0.02403846153846154 0.02403846153846154
0 0.19711538461538464 0.03365384615384616 0.02403846153846154 0.02403846153846154
0 0.8870192307692308 0.021634615384615384 0.02403846153846154 0.02403846153846154
0 0.9543269230769231 0.03365384615384616 0.02403846153846154 0.02403846153846154
0 0.8918269230769231 0.125 0.02403846153846154 0.02403846153846154
0 0.8870192307692308 0.18509615384615385 0.02403846153846154 0.02403846153846154
0 0.71875 0.04807692307692308 0.02403846153846154 0.02403846153846154
0 0.7307692307692308 0.11057692307692309 0.02403846153846154 0.02403846153846154
0 0.8461538461538463 0.03605769230769231 0.02403846153846154 0.02403846153846154
0 0.7524038461538461 0.16826923076923078 0.02403846153846154 0.02403846153846154
0 0.7908653846153847 0.1875 0.02403846153846154 0.02403846153846154
0 0.8028846153846154 0.20673076923076925 0.02403846153846154 0.02403846153846154
0 0.920673076923077 0.19230769230769232 0.02403846153846154 0.02403846153846154
0 0.78125 0.2764423076923077 0.02403846153846154 0.02403846153846154
0 0.9158653846153847 0.2764423076923077 0.02403846153846154 0.02403846153846154
0 0.9615384615384616 0.6730769230769231 0.02403846153846154 0.02403846153846154
0 0.9326923076923077 0.7091346153846154 0.02403846153846154 0.02403846153846154
0 0.9495192307692308 0.7475961538461539 0.02403846153846154 0.02403846153846154
0 0.9567307692307693 0.9110576923076924 0.02403846153846154 0.02403846153846154
0 0.8533653846153847 0.9711538461538463 0.02403846153846154 0.02403846153846154
0 0.5384615384615385 0.125 0.02403846153846154 0.02403846153846154
0 0.5024038461538461 0.16586538461538464 0.02403846153846154 0.02403846153846154
0 0.5360576923076923 0.17307692307692307 0.02403846153846154 0.02403846153846154
0 0.3629807692307693 0.08413461538461539 0.02403846153846154 0.02403846153846154
0 0.34134615384615385 0.15625 0.02403846153846154 0.02403846153846154
0 0.38461538461538464 0.1778846153846154 0.02403846153846154 0.02403846153846154
0 0.41586538461538464 0.34134615384615385 0.02403846153846154 0.02403846153846154
0 0.4326923076923077 0.2692307692307693 0.02403846153846154 0.02403846153846154
0 0.5961538461538461 0.2355769230769231 0.02403846153846154 0.02403846153846154
0 0.44711538461538464 0.3197115384615385 0.02403846153846154 0.02403846153846154
0 0.5024038461538461 0.28365384615384615 0.02403846153846154 0.02403846153846154
0 0.6418269230769231 0.3942307692307693 0.02403846153846154 0.02403846153846154
0 0.7043269230769231 0.3966346153846154 0.02403846153846154 0.02403846153846154
0 0.6682692307692308 0.4399038461538462 0.02403846153846154 0.02403846153846154
0 0.6730769230769231 0.5 0.02403846153846154 0.02403846153846154
0 0.7451923076923077 0.4879807692307693 0.02403846153846154 0.02403846153846154
0 0.75 0.5504807692307693 0.02403846153846154 0.02403846153846154
0 0.8028846153846154 0.48557692307692313 0.02403846153846154 0.02403846153846154
0 0.8485576923076924 0.5336538461538461 0.02403846153846154 0.02403846153846154
0 0.8509615384615385 0.5504807692307693 0.02403846153846154 0.02403846153846154
0 0.889423076923077 0.514423076923077 0.02403846153846154 0.02403846153846154
0 0.8677884615384616 0.44711538461538464 0.02403846153846154 0.02403846153846154
0 0.8052884615384616 0.5889423076923077 0.02403846153846154 0.02403846153846154
0 0.8629807692307693 0.7091346153846154 0.02403846153846154 0.02403846153846154
0 0.8341346153846154 0.6923076923076923 0.02403846153846154 0.02403846153846154
0 0.7788461538461539 0.6899038461538461 0.02403846153846154 0.02403846153846154
0 0.7524038461538461 0.6826923076923077 0.02403846153846154 0.02403846153846154
0 0.8004807692307693 0.7259615384615385 0.02403846153846154 0.02403846153846154
0 0.7620192307692308 0.8413461538461539 0.02403846153846154 0.02403846153846154
0 0.8605769230769231 0.858173076923077 0.02403846153846154 0.02403846153846154
0 0.8221153846153847 0.8918269230769231 0.02403846153846154 0.02403846153846154
0 0.5721153846153847 0.9423076923076924 0.02403846153846154 0.02403846153846154
0 0.20192307692307693 0.8846153846153847 0.02403846153846154 0.02403846153846154
0 0.19230769230769232 0.8629807692307693 0.02403846153846154 0.02403846153846154
0 0.5913461538461539 0.5024038461538461 0.02403846153846154 0.02403846153846154
0 0.5384615384615385 0.46634615384615385 0.02403846153846154 0.02403846153846154
0 0.5120192307692308 0.4254807692307693 0.02403846153846154 0.02403846153846154
0 0.48557692307692313 0.4014423076923077 0.02403846153846154 0.02403846153846154
0 0.4254807692307693 0.4134615384615385 0.02403846153846154 0.02403846153846154
0 0.3822115384615385 0.4182692307692308 0.02403846153846154 0.02403846153846154
0 0.3269230769230769 0.43509615384615385 0.02403846153846154 0.02403846153846154
0 0.2764423076923077 0.4278846153846154 0.02403846153846154 0.02403846153846154
0 0.24759615384615385 0.3966346153846154 0.02403846153846154 0.02403846153846154
0 0.3245192307692308 0.37259615384615385 0.02403846153846154 0.02403846153846154
0 0.2956730769230769 0.3341346153846154 0.02403846153846154 0.02403846153846154
0 0.23798076923076925 0.27403846153846156 0.02403846153846154 0.02403846153846154
0 0.2043269230769231 0.20673076923076925 0.02403846153846154 0.02403846153846154
0 0.11057692307692309 0.14423076923076925 0.02403846153846154 0.02403846153846154
0 0.21153846153846156 0.021634615384615384 0.02403846153846154 0.02403846153846154
0 0.021634615384615384 0.13942307692307693 0.02403846153846154 0.02403846153846154
0 0.09615384615384616 0.3581730769230769 0.02403846153846154 0.02403846153846154
0 0.1201923076923077 0.3822115384615385 0.02403846153846154 0.02403846153846154
0 0.0889423076923077 0.40384615384615385 0.02403846153846154 0.02403846153846154
0 0.09615384615384616 0.4254807692307693 0.02403846153846154 0.02403846153846154
0 0.1778846153846154 0.4759615384615385 0.02403846153846154 0.02403846153846154
0 0.21634615384615385 0.4711538461538462 0.02403846153846154 0.02403846153846154
0 0.10336538461538462 0.28125 0.02403846153846154 0.02403846153846154
0 0.28365384615384615 0.59375 0.02403846153846154 0.02403846153846154
0 0.25961538461538464 0.6490384615384616 0.02403846153846154 0.02403846153846154
0 0.19230769230769232 0.6850961538461539 0.02403846153846154 0.02403846153846154
0 0.31009615384615385 0.5721153846153847 0.02403846153846154 0.02403846153846154
0 0.3509615384615385 0.5745192307692308 0.02403846153846154 0.02403846153846154
0 0.3701923076923077 0.5576923076923077 0.02403846153846154 0.02403846153846154
0 0.31730769230769235 0.4759615384615385 0.02403846153846154 0.02403846153846154
0 0.3341346153846154 0.4639423076923077 0.02403846153846154 0.02403846153846154
0 0.4495192307692308 0.4951923076923077 0.02403846153846154 0.02403846153846154
0 0.4326923076923077 0.6274038461538461 0.02403846153846154 0.02403846153846154
0 0.46875 0.5865384615384616 0.02403846153846154 0.02403846153846154
0 0.46875 0.6177884615384616 0.02403846153846154 0.02403846153846154
0 0.53125 0.5745192307692308 0.02403846153846154 0.02403846153846154
0 0.5288461538461539 0.6033653846153847 0.02403846153846154 0.02403846153846154
0 0.5600961538461539 0.5697115384615385 0.02403846153846154 0.02403846153846154
0 0.6682692307692308 0.6033653846153847 0.02403846153846154 0.02403846153846154
0 0.59375 0.6442307692307693 0.02403846153846154 0.02403846153846154
0 0.5697115384615385 0.6298076923076923 0.02403846153846154 0.02403846153846154
0 0.5096153846153847 0.6490384615384616 0.02403846153846154 0.02403846153846154
0 0.545673076923077 0.6826923076923077 0.02403846153846154 0.02403846153846154
0 0.5336538461538461 0.7091346153846154 0.02403846153846154 0.02403846153846154
0 0.5168269230769231 0.7235576923076924 0.02403846153846154 0.02403846153846154
0 0.48557692307692313 0.7980769230769231 0.02403846153846154 0.02403846153846154
0 0.5384615384615385 0.7860576923076924 0.02403846153846154 0.02403846153846154
0 0.6057692307692308 0.7475961538461539 0.02403846153846154 0.02403846153846154
0 0.639423076923077 0.7379807692307693 0.02403846153846154 0.02403846153846154
0 0.639423076923077 0.7764423076923077 0.02403846153846154 0.02403846153846154
0 0.5961538461538461 0.7764423076923077 0.02403846153846154 0.02403846153846154
0 0.4399038461538462 0.7355769230769231 0.02403846153846154 0.02403846153846154
0 0.4206730769230769 0.78125 0.02403846153846154 0.02403846153846154
0 0.3605769230769231 0.7764423076923077 0.02403846153846154 0.02403846153846154
0 0.39903846153846156 0.764423076923077 0.02403846153846154 0.02403846153846154
0 0.44230769230769235 0.8725961538461539 0.02403846153846154 0.02403846153846154
0 0.4278846153846154 0.8774038461538463 0.02403846153846154 0.02403846153846154
0 0.40625 0.9182692307692308 0.02403846153846154 0.02403846153846154
0 0.28605769230769235 0.889423076923077 0.02403846153846154 0.02403846153846154
0 0.02403846153846154 0.5360576923076923 0.02403846153846154 0.02403846153846154
