0 0.37980769230769235 0.8341346153846154 0.02403846153846154 0.02403846153846154
0 0.09134615384615385 0.8197115384615385 0.02403846153846154 0.02403846153846154
0 0.3197115384615385 0.8076923076923077 0.02403846153846154 0.02403846153846154
0 0.8605769230769231 0.795673076923077 0.02403846153846154 0.02403846153846154
0 0.10336538461538462 0.7427884615384616 0.02403846153846154 0.02403846153846154
0 0.71875 0.7355769230769231 0.02403846153846154 0.02403846153846154
0 0.9134615384615385 0.7259615384615385 0.02403846153846154 0.02403846153846154
0 0.16346153846153846 0.7067307692307693 0.02403846153846154 0.02403846153846154
0 0.2644230769230769 0.7091346153846154 0.02403846153846154 0.02403846153846154
0 0.14903846153846154 0.6730769230769231 0.02403846153846154 0.02403846153846154
0 0.1875 0.6514423076923077 0.02403846153846154 0.02403846153846154
0 0.4711538461538462 0.6057692307692308 0.02403846153846154 0.02403846153846154
0 0.6971153846153847 0.6009615384615385 0.02403846153846154 0.02403846153846154
0 0.4879807692307693 0.5096153846153847 0.02403846153846154 0.02403846153846154
0 0.6225961538461539 0.5 0.02403846153846154 0.02403846153846154
0 0.9302884615384616 0.4591346153846154 0.02403846153846154 0.02403846153846154
0 0.6201923076923077 0.4134615384615385 0.02403846153846154 0.02403846153846154
0 0.10576923076923078 0.375 0.02403846153846154 0.02403846153846154
0 0.9254807692307693 0.30528846153846156 0.02403846153846154 0.02403846153846154
0 0.9182692307692308 0.2139423076923077 0.02403846153846154 0.02403846153846154
0 0.4831730769230769 0.2091346153846154 0.02403846153846154 0.02403846153846154
0 0.28365384615384615 0.19951923076923078 0.02403846153846154 0.02403846153846154
0 0.6225961538461539 0.1778846153846154 0.02403846153846154 0.02403846153846154
0 0.6057692307692308 0.17548076923076925 0.02403846153846154 0.02403846153846154
0 0.09615384615384616 0.16826923076923078 0.02403846153846154 0.02403846153846154
0 0.2355769230769231 0.16586538461538464 0.02403846153846154 0.02403846153846154
0 0.7211538461538461 0.15865384615384617 0.02403846153846154 0.02403846153846154
0 0.23076923076923078 0.13701923076923078 0.02403846153846154 0.02403846153846154
0 0.375 0.13461538461538464 0.02403846153846154 0.02403846153846154
0 0.43509615384615385 0.12740384615384617 0.02403846153846154 0.02403846153846154
0 0.34615384615384615 0.125 0.02403846153846154 0.02403846153846154
0 0.45432692307692313 0.0889423076923077 0.02403846153846154 0.02403846153846154
0 0.2139423076923077 0.07932692307692309 0.02403846153846154 0.02403846153846154
0 0.7932692307692308 0.05288461538461539 0.02403846153846154 0.02403846153846154
0 0.10817307692307693 0.05048076923076923 0.02403846153846154 0.02403846153846154
0 0.2692307692307693 0.04567307692307693 0.02403846153846154 0.02403846153846154
0 0.920673076923077 0.0625 0.02403846153846154 0.02403846153846154
0 0.9447115384615385 0.14423076923076925 0.02403846153846154 0.02403846153846154
0 0.9423076923076924 0.4278846153846154 0.02403846153846154 0.02403846153846154
0 0.8293269230769231 0.5504807692307693 0.02403846153846154 0.02403846153846154
0 0.8966346153846154 0.6538461538461539 0.02403846153846154 0.02403846153846154
0 0.8653846153846154 0.9110576923076924 0.02403846153846154 0.02403846153846154
0 0.7451923076923077 0.8245192307692308 0.02403846153846154 0.02403846153846154
0 0.5865384615384616 0.7836538461538461 0.02403846153846154 0.02403846153846154
0 0.5985576923076923 0.608173076923077 0.02403846153846154 0.02403846153846154
0 0.2451923076923077 0.6033653846153847 0.02403846153846154 0.02403846153846154
0 0.3581730769230769 0.7980769230769231 0.02403846153846154 0.02403846153846154
0 0.34615384615384615 0.5360576923076923 0.02403846153846154 0.02403846153846154
0 0.4326923076923077 0.4134615384615385 0.02403846153846154 0.02403846153846154
0 0.5360576923076923 0.4086538461538462 0.02403846153846154 0.02403846153846154
0 0.18509615384615385 0.45432692307692313 0.02403846153846154 0.02403846153846154
0 0.24759615384615385 0.49759615384615385 0.02403846153846154 0.02403846153846154
0 0.06971153846153846 0.5793269230769231 0.02403846153846154 0.02403846153846154
0 0.11057692307692309 0.5504807692307693 0.02403846153846154 0.02403846153846154
0 0.05048076923076923 0.2956730769230769 0.02403846153846154 0.02403846153846154
0 0.6802884615384616 0.16826923076923078 0.02403846153846154 0.02403846153846154
0 0.608173076923077 0.07932692307692309 0.02403846153846154 0.02403846153846154
0 0.40625 0.04807692307692308 0.02403846153846154 0.02403846153846154
0 0.20673076923076925 0.12980769230769232 0.02403846153846154 0.02403846153846154
0 0.19711538461538464 0.15384615384615385 0.02403846153846154 0.02403846153846154
0 0.02403846153846154 0.9447115384615385 0.02403846153846154 0.02403846153846154
0 0.3317307692307693 0.23798076923076925 0.02403846153846154 0.02403846153846154
0 0.33653846153846156 0.27403846153846156 0.02403846153846154 0.02403846153846154
0 0.1826923076923077 0.04807692307692308 0.02403846153846154 0.02403846153846154
