0 0.41586538461538464 0.9495192307692308 0.02403846153846154 0.02403846153846154
0 0.45432692307692313 0.9278846153846154 0.02403846153846154 0.02403846153846154
0 0.7379807692307693 0.8822115384615385 0.02403846153846154 0.02403846153846154
0 0.9639423076923077 0.8774038461538463 0.02403846153846154 0.02403846153846154
0 0.7548076923076924 0.7860576923076924 0.02403846153846154 0.02403846153846154
0 0.889423076923077 0.7764423076923077 0.02403846153846154 0.02403846153846154
0 0.8870192307692308 0.6899038461538461 0.02403846153846154 0.02403846153846154
0 0.37259615384615385 0.6514423076923077 0.02403846153846154 0.02403846153846154
0 0.026442307692307696 0.6225961538461539 0.02403846153846154 0.02403846153846154
0 0.13942307692307693 0.5721153846153847 0.02403846153846154 0.02403846153846154
0 0.75 0.48557692307692313 0.02403846153846154 0.02403846153846154
0 0.5504807692307693 0.4759615384615385 0.02403846153846154 0.02403846153846154
0 0.889423076923077 0.45432692307692313 0.02403846153846154 0.02403846153846154
0 0.8725961538461539 0.4519230769230769 0.02403846153846154 0.02403846153846154
0 0.3629807692307693 0.4447115384615385 0.02403846153846154 0.02403846153846154
0 0.5024038461538461 0.44230769230769235 0.02403846153846154 0.02403846153846154
0 0.49759615384615385 0.4134615384615385 0.02403846153846154 0.02403846153846154
0 0.6418269230769231 0.41105769230769235 0.02403846153846154 0.02403846153846154
0 0.701923076923077 0.40384615384615385 0.02403846153846154 0.02403846153846154
0 0.6129807692307693 0.4014423076923077 0.02403846153846154 0.02403846153846154
0 0.7211538461538461 0.3653846153846154 0.02403846153846154 0.02403846153846154
0 0.4807692307692308 0.3557692307692308 0.02403846153846154 0.02403846153846154
0 0.375 0.3269230769230769 0.02403846153846154 0.02403846153846154
0 0.5360576923076923 0.32211538461538464 0.02403846153846154 0.02403846153846154
0 0.7692307692307693 0.25240384615384615 0.02403846153846154 0.02403846153846154
0 0.3389423076923077 0.25 0.02403846153846154 0.02403846153846154
0 0.8605769230769231 0.23798076923076925 0.02403846153846154 0.02403846153846154
0 0.9134615384615385 0.22836538461538464 0.02403846153846154 0.02403846153846154
0 0.8221153846153847 0.22596153846153846 0.02403846153846154 0.02403846153846154
0 0.5625 0.2043269230769231 0.02403846153846154 0.02403846153846154
0 0.9038461538461539 0.2043269230769231 0.02403846153846154 0.02403846153846154
0 0.6850961538461539 0.17548076923076925 0.02403846153846154 0.02403846153846154
0 0.9326923076923077 0.17307692307692307 0.02403846153846154 0.02403846153846154
0 0.9038461538461539 0.16586538461538464 0.02403846153846154 0.02403846153846154
0 0.5841346153846154 0.15384615384615385 0.02403846153846154 0.02403846153846154
0 0.11057692307692309 0.15384615384615385 0.02403846153846154 0.02403846153846154
0 0.920673076923077 0.14423076923076925 0.02403846153846154 0.02403846153846154
0 0.8293269230769231 0.13461538461538464 0.02403846153846154 0.02403846153846154
0 0.8942307692307693 0.125 0.02403846153846154 0.02403846153846154
0 0.1778846153846154 0.125 0.02403846153846154 0.02403846153846154
0 0.6177884615384616 0.1201923076923077 0.02403846153846154 0.02403846153846154
0 0.4206730769230769 0.09375 0.02403846153846154 0.02403846153846154
0 0.65625 0.07692307692307693 0.02403846153846154 0.02403846153846154
0 0.5432692307692308 0.038461538461538464 0.02403846153846154 0.02403846153846154
0 0.8653846153846154 0.8846153846153847 0.02403846153846154 0.02403846153846154
0 0.5120192307692308 0.8798076923076924 0.02403846153846154 0.02403846153846154
0 0.6129807692307693 0.8125 0.02403846153846154 0.02403846153846154
0 0.6995192307692308 0.6899038461538461 0.02403846153846154 0.02403846153846154
0 0.8028846153846154 0.6850961538461539 0.02403846153846154 0.02403846153846154
0 0.4519230769230769 0.7307692307692308 0.02403846153846154 0.02403846153846154
0 0.514423076923077 0.7740384615384616 0.02403846153846154 0.02403846153846154
0 0.33653846153846156 0.8557692307692308 0.02403846153846154 0.02403846153846154
0 0.3774038461538462 0.826923076923077 0.02403846153846154 0.02403846153846154
0 0.2716346153846154 0.65625 0.02403846153846154 0.02403846153846154
0 0.31730769230769235 0.5721153846153847 0.02403846153846154 0.02403846153846154
0 0.17067307692307693 0.5697115384615385 0.02403846153846154 0.02403846153846154
0 0.9471153846153847 0.4447115384615385 0.02403846153846154 0.02403846153846154
0 0.875 0.3557692307692308 0.02403846153846154 0.02403846153846154
0 0.96875 0.17307692307692307 0.02403846153846154 0.02403846153846154
0 0.8677884615384616 0.12740384615384617 0.02403846153846154 0.02403846153846154
0 0.795673076923077 0.04807692307692308 0.02403846153846154 0.02403846153846154
0 0.7403846153846154 0.10817307692307693 0.02403846153846154 0.02403846153846154
0 0.6730769230769231 0.3245192307692308 0.02403846153846154 0.02403846153846154
0 0.46634615384615385 0.09615384615384616 0.02403846153846154 0.02403846153846154
0 0.5288461538461539 0.06730769230769232 0.02403846153846154 0.02403846153846154
0 0.5288461538461539 0.05048076923076923 0.02403846153846154 0.02403846153846154
0 0.4759615384615385 0.05288461538461539 0.02403846153846154 0.02403846153846154
0 0.04567307692307693 0.09855769230769232 0.02403846153846154 0.02403846153846154
0 0.08413461538461539 0.07211538461538462 0.02403846153846154 0.02403846153846154
0 0.17307692307692307 0.3509615384615385 0.02403846153846154 0.02403846153846154
0 0.09375 0.34375 0.02403846153846154 0.02403846153846154
0 0.47355769230769235 0.40625 0.02403846153846154 0.02403846153846154
0 0.4639423076923077 0.43028846153846156 0.02403846153846154 0.02403846153846154
0 0.3389423076923077 0.06730769230769232 0.02403846153846154 0.02403846153846154
0 0.2091346153846154 0.12980769230769232 0.02403846153846154 0.02403846153846154
0 0.5985576923076923 0.514423076923077 0.02403846153846154 0.02403846153846154
0 0.6033653846153847 0.5504807692307693 0.02403846153846154 0.02403846153846154
0 0.4495192307692308 0.3245192307692308 0.02403846153846154 0.02403846153846154
