0 0.9375 0.889423076923077 0.02403846153846154 0.02403846153846154
0 0.764423076923077 0.6947115384615385 0.02403846153846154 0.02403846153846154
0 0.9591346153846154 0.4447115384615385 0.02403846153846154 0.02403846153846154
0 0.8533653846153847 0.28365384615384615 0.02403846153846154 0.02403846153846154
0 0.9134615384615385 0.27884615384615385 0.02403846153846154 0.02403846153846154
0 0.8533653846153847 0.22115384615384617 0.02403846153846154 0.02403846153846154
0 0.9278846153846154 0.16826923076923078 0.02403846153846154 0.02403846153846154
0 0.7716346153846154 0.15384615384615385 0.02403846153846154 0.02403846153846154
0 0.8798076923076924 0.14903846153846154 0.02403846153846154 0.02403846153846154
0 0.7788461538461539 0.10817307692307693 0.02403846153846154 0.02403846153846154
0 0.6778846153846154 0.10336538461538462 0.02403846153846154 0.02403846153846154
0 0.6153846153846154 0.09134615384615385 0.02403846153846154 0.02403846153846154
0 0.9278846153846154 0.07692307692307693 0.02403846153846154 0.02403846153846154
0 0.5649038461538461 0.0625 0.02403846153846154 0.02403846153846154
0 0.75 0.03605769230769231 0.02403846153846154 0.02403846153846154
0 0.8004807692307693 0.026442307692307696 0.02403846153846154 0.02403846153846154
0 0.9447115384615385 0.19711538461538464 0.02403846153846154 0.02403846153846154
0 0.8149038461538461 0.2620192307692308 0.02403846153846154 0.02403846153846154
0 0.7740384615384616 0.3870192307692308 0.02403846153846154 0.02403846153846154
0 0.84375 0.3605769230769231 0.02403846153846154 0.02403846153846154
0 0.8966346153846154 0.23076923076923078 0.02403846153846154 0.02403846153846154
0 0.8918269230769231 0.24759615384615385 0.02403846153846154 0.02403846153846154
0 0.920673076923077 0.25480769230769235 0.02403846153846154 0.02403846153846154
0 0.9591346153846154 0.3004807692307693 0.02403846153846154 0.02403846153846154
0 0.9110576923076924 0.3004807692307693 0.02403846153846154 0.02403846153846154
0 0.9447115384615385 0.34615384615384615 0.02403846153846154 0.02403846153846154
0 0.9230769230769231 0.3653846153846154 0.02403846153846154 0.02403846153846154
0 0.9471153846153847 0.37259615384615385 0.02403846153846154 0.02403846153846154
0 0.8052884615384616 0.9302884615384616 0.02403846153846154 0.02403846153846154
0 0.8990384615384616 0.8076923076923077 0.02403846153846154 0.02403846153846154
0 0.8533653846153847 0.8076923076923077 0.02403846153846154 0.02403846153846154
0 0.7379807692307693 0.8341346153846154 0.02403846153846154 0.02403846153846154
0 0.8341346153846154 0.6850961538461539 0.02403846153846154 0.02403846153846154
0 0.8245192307692308 0.5216346153846154 0.02403846153846154 0.02403846153846154
0 0.9038461538461539 0.47355769230769235 0.02403846153846154 0.02403846153846154
0 0.6538461538461539 0.5408653846153847 0.02403846153846154 0.02403846153846154
0 0.6995192307692308 0.47836538461538464 0.02403846153846154 0.02403846153846154
0 0.6370192307692308 0.3581730769230769 0.02403846153846154 0.02403846153846154
0 0.5480769230769231 0.25 0.02403846153846154 0.02403846153846154
0 0.5745192307692308 0.19951923076923078 0.02403846153846154 0.02403846153846154
0 0.6466346153846154 0.10336538461538462 0.02403846153846154 0.02403846153846154
0 0.6370192307692308 0.08173076923076923 0.02403846153846154 0.02403846153846154
0 0.48557692307692313 0.30528846153846156 0.02403846153846154 0.02403846153846154
0 0.795673076923077 0.5865384615384616 0.02403846153846154 0.02403846153846154
0 0.8870192307692308 0.09134615384615385 0.02403846153846154 0.02403846153846154
0 0.8725961538461539 0.09615384615384616 0.02403846153846154 0.02403846153846154
0 0.8509615384615385 0.13701923076923078 0.02403846153846154 0.02403846153846154
0 0.7307692307692308 0.10817307692307693 0.02403846153846154 0.02403846153846154
0 0.5985576923076923 0.3918269230769231 0.02403846153846154 0.02403846153846154
0 0.6418269230769231 0.31730769230769235 0.02403846153846154 0.02403846153846154
0 0.4014423076923077 0.3653846153846154 0.02403846153846154 0.02403846153846154
0 0.3004807692307693 0.3557692307692308 0.02403846153846154 0.02403846153846154
0 0.24278846153846156 0.38461538461538464 0.02403846153846154 0.02403846153846154
0 0.17548076923076925 0.40384615384615385 0.02403846153846154 0.02403846153846154
0 0.2139423076923077 0.46153846153846156 0.02403846153846154 0.02403846153846154
0 0.3341346153846154 0.5576923076923077 0.02403846153846154 0.02403846153846154
0 0.5697115384615385 0.6514423076923077 0.02403846153846154 0.02403846153846154
0 0.33653846153846156 0.8870192307692308 0.02403846153846154 0.02403846153846154
0 0.18509615384615385 0.2764423076923077 0.02403846153846154 0.02403846153846154
0 0.3245192307692308 0.0625 0.02403846153846154 0.02403846153846154
0 0.23798076923076925 0.09855769230769232 0.02403846153846154 0.02403846153846154
0 0.15625 0.028846153846153848 0.02403846153846154 0.02403846153846154
