0 0.8870192307692308 0.9663461538461539 0.02403846153846154 0.02403846153846154
0 0.6346153846153847 0.9639423076923077 0.02403846153846154 0.02403846153846154
0 0.5745192307692308 0.9567307692307693 0.02403846153846154 0.02403846153846154
0 0.3653846153846154 0.9447115384615385 0.02403846153846154 0.02403846153846154
0 0.4591346153846154 0.9302884615384616 0.02403846153846154 0.02403846153846154
0 0.28605769230769235 0.9302884615384616 0.02403846153846154 0.02403846153846154
0 0.6057692307692308 0.9254807692307693 0.02403846153846154 0.02403846153846154
0 0.6346153846153847 0.9158653846153847 0.02403846153846154 0.02403846153846154
0 0.53125 0.8918269230769231 0.02403846153846154 0.02403846153846154
0 0.4831730769230769 0.889423076923077 0.02403846153846154 0.02403846153846154
0 0.875 0.8846153846153847 0.02403846153846154 0.02403846153846154
0 0.5336538461538461 0.8677884615384616 0.02403846153846154 0.02403846153846154
0 0.06009615384615385 0.8533653846153847 0.02403846153846154 0.02403846153846154
0 0.6274038461538461 0.8509615384615385 0.02403846153846154 0.02403846153846154
0 0.1201923076923077 0.8485576923076924 0.02403846153846154 0.02403846153846154
0 0.3894230769230769 0.8389423076923077 0.02403846153846154 0.02403846153846154
0 0.28125 0.8389423076923077 0.02403846153846154 0.02403846153846154
0 0.49759615384615385 0.8365384615384616 0.02403846153846154 0.02403846153846154
0 0.4399038461538462 0.8221153846153847 0.02403846153846154 0.02403846153846154
0 0.8293269230769231 0.8149038461538461 0.02403846153846154 0.02403846153846154
0 0.3076923076923077 0.8149038461538461 0.02403846153846154 0.02403846153846154
0 0.06009615384615385 0.7908653846153847 0.02403846153846154 0.02403846153846154
0 0.96875 0.7884615384615385 0.02403846153846154 0.02403846153846154
0 0.5673076923076923 0.7884615384615385 0.02403846153846154 0.02403846153846154
0 0.25 0.7884615384615385 0.02403846153846154 0.02403846153846154
0 0.6850961538461539 0.78125 0.02403846153846154 0.02403846153846154
0 0.4014423076923077 0.7836538461538461 0.02403846153846154 0.02403846153846154
0 0.5384615384615385 0.78125 0.02403846153846154 0.02403846153846154
0 0.8677884615384616 0.7548076923076924 0.02403846153846154 0.02403846153846154
0 0.951923076923077 0.7548076923076924 0.02403846153846154 0.02403846153846154
0 0.4086538461538462 0.75 0.02403846153846154 0.02403846153846154
0 0.96875 0.7379807692307693 0.02403846153846154 0.02403846153846154
0 0.3605769230769231 0.7403846153846154 0.02403846153846154 0.02403846153846154
0 0.13461538461538464 0.7379807692307693 0.02403846153846154 0.02403846153846154
0 0.8870192307692308 0.7379807692307693 0.02403846153846154 0.02403846153846154
0 0.32211538461538464 0.7259615384615385 0.02403846153846154 0.02403846153846154
0 0.5024038461538461 0.71875 0.02403846153846154 0.02403846153846154
0 0.08653846153846154 0.71875 0.02403846153846154 0.02403846153846154
0 0.3629807692307693 0.701923076923077 0.02403846153846154 0.02403846153846154
0 0.4519230769230769 0.6971153846153847 0.02403846153846154 0.02403846153846154
0 0.6923076923076923 0.6850961538461539 0.02403846153846154 0.02403846153846154
0 0.49759615384615385 0.6778846153846154 0.02403846153846154 0.02403846153846154
0 0.6298076923076923 0.6730769230769231 0.02403846153846154 0.02403846153846154
0 0.8918269230769231 0.6682692307692308 0.02403846153846154 0.02403846153846154
0 0.4711538461538462 0.6466346153846154 0.02403846153846154 0.02403846153846154
0 0.2692307692307693 0.6466346153846154 0.02403846153846154 0.02403846153846154
0 0.13461538461538464 0.6466346153846154 0.02403846153846154 0.02403846153846154
0 0.5649038461538461 0.6370192307692308 0.02403846153846154 0.02403846153846154
0 0.6682692307692308 0.625 0.02403846153846154 0.02403846153846154
0 0.8557692307692308 0.6129807692307693 0.02403846153846154 0.02403846153846154
0 0.5817307692307693 0.5961538461538461 0.02403846153846154 0.02403846153846154
0 0.31730769230769235 0.5865384615384616 0.02403846153846154 0.02403846153846154
0 0.04807692307692308 0.5745192307692308 0.02403846153846154 0.02403846153846154
0 0.9591346153846154 0.5673076923076923 0.02403846153846154 0.02403846153846154
0 0.8798076923076924 0.5697115384615385 0.02403846153846154 0.02403846153846154
0 0.5024038461538461 0.5649038461538461 0.02403846153846154 0.02403846153846154
0 0.31730769230769235 0.5576923076923077 0.02403846153846154 0.02403846153846154
0 0.7836538461538461 0.5600961538461539 0.02403846153846154 0.02403846153846154
0 0.7355769230769231 0.5480769230769231 0.02403846153846154 0.02403846153846154
0 0.1201923076923077 0.5240384615384616 0.02403846153846154 0.02403846153846154
0 0.7572115384615385 0.5096153846153847 0.02403846153846154 0.02403846153846154
0 0.8221153846153847 0.5024038461538461 0.02403846153846154 0.02403846153846154
0 0.9302884615384616 0.4951923076923077 0.02403846153846154 0.02403846153846154
0 0.08653846153846154 0.49278846153846156 0.02403846153846154 0.02403846153846154
0 0.31490384615384615 0.47836538461538464 0.02403846153846154 0.02403846153846154
0 0.53125 0.47355769230769235 0.02403846153846154 0.02403846153846154
0 0.5120192307692308 0.46875 0.02403846153846154 0.02403846153846154
0 0.34615384615384615 0.46153846153846156 0.02403846153846154 0.02403846153846154
0 0.96875 0.4495192307692308 0.02403846153846154 0.02403846153846154
0 0.41105769230769235 0.44230769230769235 0.02403846153846154 0.02403846153846154
0 0.37980769230769235 0.44230769230769235 0.02403846153846154 0.02403846153846154
0 0.48557692307692313 0.4399038461538462 0.02403846153846154 0.02403846153846154
0 0.19230769230769232 0.43509615384615385 0.02403846153846154 0.02403846153846154
0 0.20673076923076925 0.42307692307692313 0.02403846153846154 0.02403846153846154
0 0.31009615384615385 0.4014423076923077 0.02403846153846154 0.02403846153846154
0 0.5168269230769231 0.3918269230769231 0.02403846153846154 0.02403846153846154
0 0.5360576923076923 0.37980769230769235 0.02403846153846154 0.02403846153846154
0 0.9423076923076924 0.3557692307692308 0.02403846153846154 0.02403846153846154
0 0.7451923076923077 0.3509615384615385 0.02403846153846154 0.02403846153846154
0 0.4375 0.34855769230769235 0.02403846153846154 0.02403846153846154
0 0.14182692307692307 0.34855769230769235 0.02403846153846154 0.02403846153846154
0 0.09615384615384616 0.34375 0.02403846153846154 0.02403846153846154
0 0.5625 0.3389423076923077 0.02403846153846154 0.02403846153846154
0 0.21153846153846156 0.3293269230769231 0.02403846153846154 0.02403846153846154
0 0.23798076923076925 0.3197115384615385 0.02403846153846154 0.02403846153846154
0 0.4519230769230769 0.31730769230769235 0.02403846153846154 0.02403846153846154
0 0.3125 0.31009615384615385 0.02403846153846154 0.02403846153846154
0 0.06971153846153846 0.31009615384615385 0.02403846153846154 0.02403846153846154
0 0.2043269230769231 0.2980769230769231 0.02403846153846154 0.02403846153846154
0 0.15865384615384617 0.2956730769230769 0.02403846153846154 0.02403846153846154
0 0.4375 0.2884615384615385 0.02403846153846154 0.02403846153846154
0 0.14423076923076925 0.2884615384615385 0.02403846153846154 0.02403846153846154
0 0.7403846153846154 0.28125 0.02403846153846154 0.02403846153846154
0 0.5600961538461539 0.2716346153846154 0.02403846153846154 0.02403846153846154
0 0.6754807692307693 0.2716346153846154 0.02403846153846154 0.02403846153846154
0 0.125 0.2620192307692308 0.02403846153846154 0.02403846153846154
0 0.639423076923077 0.25480769230769235 0.02403846153846154 0.02403846153846154
0 0.49759615384615385 0.25480769230769235 0.02403846153846154 0.02403846153846154
0 0.84375 0.25240384615384615 0.02403846153846154 0.02403846153846154
0 0.375 0.23798076923076925 0.02403846153846154 0.02403846153846154
0 0.3557692307692308 0.2355769230769231 0.02403846153846154 0.02403846153846154
0 0.7379807692307693 0.22836538461538464 0.02403846153846154 0.02403846153846154
0 0.20192307692307693 0.22355769230769232 0.02403846153846154 0.02403846153846154
0 0.7115384615384616 0.2139423076923077 0.02403846153846154 0.02403846153846154
0 0.14423076923076925 0.2139423076923077 0.02403846153846154 0.02403846153846154
0 0.10336538461538462 0.2091346153846154 0.02403846153846154 0.02403846153846154
0 0.34615384615384615 0.20673076923076925 0.02403846153846154 0.02403846153846154
0 0.8990384615384616 0.20192307692307693 0.02403846153846154 0.02403846153846154
0 0.09134615384615385 0.19471153846153846 0.02403846153846154 0.02403846153846154
0 0.06490384615384616 0.17307692307692307 0.02403846153846154 0.02403846153846154
0 0.08653846153846154 0.16586538461538464 0.02403846153846154 0.02403846153846154
0 0.6418269230769231 0.15625 0.02403846153846154 0.02403846153846154
0 0.608173076923077 0.1514423076923077 0.02403846153846154 0.02403846153846154
0 0.1201923076923077 0.13461538461538464 0.02403846153846154 0.02403846153846154
0 0.7836538461538461 0.11778846153846155 0.02403846153846154 0.02403846153846154
0 0.4711538461538462 0.0889423076923077 0.02403846153846154 0.02403846153846154
0 0.10817307692307693 0.08173076923076923 0.02403846153846154 0.02403846153846154
0 0.889423076923077 0.0625 0.02403846153846154 0.02403846153846154
0 0.40384615384615385 0.03605769230769231 0.02403846153846154 0.02403846153846154
0 0.9038461538461539 0.6129807692307693 0.02403846153846154 0.02403846153846154
0 0.9350961538461539 0.27403846153846156 0.02403846153846154 0.02403846153846154
0 0.9495192307692308 0.31730769230769235 0.02403846153846154 0.02403846153846154
0 0.8798076923076924 0.17067307692307693 0.02403846153846154 0.02403846153846154
0 0.84375 0.1778846153846154 0.02403846153846154 0.02403846153846154
0 0.4326923076923077 0.06490384615384616 0.02403846153846154 0.02403846153846154
0 0.5673076923076923 0.06490384615384616 0.02403846153846154 0.02403846153846154
0 0.9495192307692308 0.04807692307692308 0.02403846153846154 0.02403846153846154
0 0.9350961538461539 0.3653846153846154 0.02403846153846154 0.02403846153846154
0 0.8173076923076924 0.3653846153846154 0.02403846153846154 0.02403846153846154
0 0.7692307692307693 0.22596153846153846 0.02403846153846154 0.02403846153846154
0 0.7668269230769231 0.19471153846153846 0.02403846153846154 0.02403846153846154
0 0.7572115384615385 0.3028846153846154 0.02403846153846154 0.02403846153846154
0 0.6850961538461539 0.3004807692307693 0.02403846153846154 0.02403846153846154
0 0.670673076923077 0.37259615384615385 0.02403846153846154 0.02403846153846154
0 0.7548076923076924 0.3942307692307693 0.02403846153846154 0.02403846153846154
0 0.7716346153846154 0.4831730769230769 0.02403846153846154 0.02403846153846154
0 0.6826923076923077 0.48557692307692313 0.02403846153846154 0.02403846153846154
0 0.8125 0.44711538461538464 0.02403846153846154 0.02403846153846154
0 0.7403846153846154 0.6298076923076923 0.02403846153846154 0.02403846153846154
0 0.7283653846153847 0.5793269230769231 0.02403846153846154 0.02403846153846154
0 0.6129807692307693 0.46153846153846156 0.02403846153846154 0.02403846153846154
0 0.5841346153846154 0.49759615384615385 0.02403846153846154 0.02403846153846154
0 0.6009615384615385 0.5360576923076923 0.02403846153846154 0.02403846153846154
0 0.608173076923077 0.6995192307692308 0.02403846153846154 0.02403846153846154
0 0.875 0.7932692307692308 0.02403846153846154 0.02403846153846154
0 0.8509615384615385 0.795673076923077 0.02403846153846154 0.02403846153846154
0 0.8149038461538461 0.8653846153846154 0.02403846153846154 0.02403846153846154
0 0.7740384615384616 0.8557692307692308 0.02403846153846154 0.02403846153846154
0 0.4375 0.889423076923077 0.02403846153846154 0.02403846153846154
0 0.5048076923076923 0.7596153846153847 0.02403846153846154 0.02403846153846154
0 0.514423076923077 0.8677884615384616 0.02403846153846154 0.02403846153846154
0 0.4399038461538462 0.84375 0.02403846153846154 0.02403846153846154
0 0.06730769230769232 0.12980769230769232 0.02403846153846154 0.02403846153846154
0 0.08413461538461539 0.057692307692307696 0.02403846153846154 0.02403846153846154
0 0.24759615384615385 0.02403846153846154 0.02403846153846154 0.02403846153846154
0 0.09855769230769232 0.10817307692307693 0.02403846153846154 0.02403846153846154
0 0.15384615384615385 0.07211538461538462 0.02403846153846154 0.02403846153846154
0 0.2932692307692308 0.1826923076923077 0.02403846153846154 0.02403846153846154
0 0.3557692307692308 0.18509615384615385 0.02403846153846154 0.02403846153846154
0 0.3197115384615385 0.22836538461538464 0.02403846153846154 0.02403846153846154
0 0.3245192307692308 0.2884615384615385 0.02403846153846154 0.02403846153846154
0 0.3966346153846154 0.2764423076923077 0.02403846153846154 0.02403846153846154
0 0.4014423076923077 0.3389423076923077 0.02403846153846154 0.02403846153846154
0 0.45432692307692313 0.27403846153846156 0.02403846153846154 0.02403846153846154
0 0.5 0.32211538461538464 0.02403846153846154 0.02403846153846154
0 0.5024038461538461 0.3389423076923077 0.02403846153846154 0.02403846153846154
0 0.5408653846153847 0.3028846153846154 0.02403846153846154 0.02403846153846154
0 0.5192307692307693 0.2355769230769231 0.02403846153846154 0.02403846153846154
0 0.4567307692307693 0.3774038461538462 0.02403846153846154 0.02403846153846154
0 0.514423076923077 0.49759615384615385 0.02403846153846154 0.02403846153846154
0 0.48557692307692313 0.4807692307692308 0.02403846153846154 0.02403846153846154
0 0.43028846153846156 0.47836538461538464 0.02403846153846154 0.02403846153846154
0 0.40384615384615385 0.4711538461538462 0.02403846153846154 0.02403846153846154
0 0.4519230769230769 0.514423076923077 0.02403846153846154 0.02403846153846154
0 0.4134615384615385 0.6298076923076923 0.02403846153846154 0.02403846153846154
0 0.5120192307692308 0.6466346153846154 0.02403846153846154 0.02403846153846154
0 0.47355769230769235 0.6802884615384616 0.02403846153846154 0.02403846153846154
0 0.22355769230769232 0.7307692307692308 0.02403846153846154 0.02403846153846154
0 0.1514423076923077 0.7668269230769231 0.02403846153846154 0.02403846153846154
0 0.021634615384615384 0.8317307692307693 0.02403846153846154 0.02403846153846154
0 0.05048076923076923 0.9302884615384616 0.02403846153846154 0.02403846153846154
0 0.10336538461538462 0.8004807692307693 0.02403846153846154 0.02403846153846154
0 0.09855769230769232 0.8173076923076924 0.02403846153846154 0.02403846153846154
0 0.12740384615384617 0.8245192307692308 0.02403846153846154 0.02403846153846154
0 0.16586538461538464 0.8701923076923077 0.02403846153846154 0.02403846153846154
0 0.11778846153846155 0.8701923076923077 0.02403846153846154 0.02403846153846154
0 0.1514423076923077 0.9158653846153847 0.02403846153846154 0.02403846153846154
0 0.12980769230769232 0.9350961538461539 0.02403846153846154 0.02403846153846154
0 0.15384615384615385 0.9423076923076924 0.02403846153846154 0.02403846153846154
0 0.24278846153846156 0.9278846153846154 0.02403846153846154 0.02403846153846154
0 0.5408653846153847 0.9615384615384616 0.02403846153846154 0.02403846153846154
0 0.24278846153846156 0.29086538461538464 0.02403846153846154 0.02403846153846154
0 0.18990384615384617 0.25480769230769235 0.02403846153846154 0.02403846153846154
0 0.16346153846153846 0.2139423076923077 0.02403846153846154 0.02403846153846154
0 0.13701923076923078 0.18990384615384617 0.02403846153846154 0.02403846153846154
0 0.07692307692307693 0.20192307692307693 0.02403846153846154 0.02403846153846154
0 0.03365384615384616 0.20673076923076925 0.02403846153846154 0.02403846153846154
0 0.021634615384615384 0.34615384615384615 0.02403846153846154 0.02403846153846154
0 0.10096153846153846 0.28365384615384615 0.02403846153846154 0.02403846153846154
0 0.08413461538461539 0.41586538461538464 0.02403846153846154 0.02403846153846154
0 0.1201923076923077 0.375 0.02403846153846154 0.02403846153846154
0 0.1201923076923077 0.40625 0.02403846153846154 0.02403846153846154
0 0.1826923076923077 0.3629807692307693 0.02403846153846154 0.02403846153846154
0 0.18028846153846154 0.3918269230769231 0.02403846153846154 0.02403846153846154
0 0.21153846153846156 0.3581730769230769 0.02403846153846154 0.02403846153846154
0 0.3197115384615385 0.3918269230769231 0.02403846153846154 0.02403846153846154
0 0.2451923076923077 0.4326923076923077 0.02403846153846154 0.02403846153846154
0 0.22115384615384617 0.4182692307692308 0.02403846153846154 0.02403846153846154
0 0.16105769230769232 0.4375 0.02403846153846154 0.02403846153846154
0 0.19711538461538464 0.4711538461538462 0.02403846153846154 0.02403846153846154
0 0.18509615384615385 0.49759615384615385 0.02403846153846154 0.02403846153846154
0 0.16826923076923078 0.5120192307692308 0.02403846153846154 0.02403846153846154
0 0.13701923076923078 0.5865384615384616 0.02403846153846154 0.02403846153846154
0 0.18990384615384617 0.5745192307692308 0.02403846153846154 0.02403846153846154
0 0.2572115384615385 0.5360576923076923 0.02403846153846154 0.02403846153846154
0 0.29086538461538464 0.5264423076923077 0.02403846153846154 0.02403846153846154
0 0.29086538461538464 0.5649038461538461 0.02403846153846154 0.02403846153846154
0 0.24759615384615385 0.5649038461538461 0.02403846153846154 0.02403846153846154
0 0.09134615384615385 0.5240384615384616 0.02403846153846154 0.02403846153846154
0 0.07211538461538462 0.5697115384615385 0.02403846153846154 0.02403846153846154
0 0.05048076923076923 0.5528846153846154 0.02403846153846154 0.02403846153846154
0 0.09375 0.6610576923076923 0.02403846153846154 0.02403846153846154
0 0.07932692307692309 0.6658653846153847 0.02403846153846154 0.02403846153846154
0 0.057692307692307696 0.7067307692307693 0.02403846153846154 0.02403846153846154
