0 0.4591346153846154 0.8990384615384616 0.02403846153846154 0.02403846153846154
0 0.6442307692307693 0.59375 0.02403846153846154 0.02403846153846154
0 0.7139423076923077 0.5336538461538461 0.02403846153846154 0.02403846153846154
0 0.5384615384615385 0.29086538461538464 0.02403846153846154 0.02403846153846154
0 0.7788461538461539 0.14182692307692307 0.02403846153846154 0.02403846153846154
0 0.8918269230769231 0.09134615384615385 0.02403846153846154 0.02403846153846154
0 0.9230769230769231 0.0889423076923077 0.02403846153846154 0.02403846153846154
0 0.7427884615384616 0.7403846153846154 0.02403846153846154 0.02403846153846154
0 0.7427884615384616 0.5985576923076923 0.02403846153846154 0.02403846153846154
0 0.47355769230769235 0.5096153846153847 0.02403846153846154 0.02403846153846154
0 0.5024038461538461 0.5504807692307693 0.02403846153846154 0.02403846153846154
0 0.47836538461538464 0.37980769230769235 0.02403846153846154 0.02403846153846154
0 0.43509615384615385 0.8485576923076924 0.02403846153846154 0.02403846153846154
0 0.5072115384615384 0.8365384615384616 0.02403846153846154 0.02403846153846154
0 0.5552884615384616 0.9158653846153847 0.02403846153846154 0.02403846153846154
0 0.7163461538461539 0.9471153846153847 0.02403846153846154 0.02403846153846154
0 0.2403846153846154 0.858173076923077 0.02403846153846154 0.02403846153846154
0 0.05048076923076923 0.764423076923077 0.02403846153846154 0.02403846153846154
0 0.1778846153846154 0.6610576923076923 0.02403846153846154 0.02403846153846154
0 0.6201923076923077 0.16346153846153846 0.02403846153846154 0.02403846153846154
0 0.5865384615384616 0.14903846153846154 0.02403846153846154 0.02403846153846154
0 0.733173076923077 0.07211538461538462 0.02403846153846154 0.02403846153846154
0 0.5504807692307693 0.0625 0.02403846153846154 0.02403846153846154
0 0.22355769230769232 0.17307692307692307 0.02403846153846154 0.02403846153846154
