0 0.06009615384615385 0.9447115384615385 0.02403846153846154 0.02403846153846154
0 0.7355769230769231 0.9423076923076924 0.02403846153846154 0.02403846153846154
0 0.8076923076923077 0.9375 0.02403846153846154 0.02403846153846154
0 0.21634615384615385 0.9350961538461539 0.02403846153846154 0.02403846153846154
0 0.14423076923076925 0.9302884615384616 0.02403846153846154 0.02403846153846154
0 0.5072115384615384 0.9278846153846154 0.02403846153846154 0.02403846153846154
0 0.12259615384615385 0.9254807692307693 0.02403846153846154 0.02403846153846154
0 0.2956730769230769 0.9230769230769231 0.02403846153846154 0.02403846153846154
0 0.5240384615384616 0.920673076923077 0.02403846153846154 0.02403846153846154
0 0.9350961538461539 0.9182692307692308 0.02403846153846154 0.02403846153846154
0 0.25480769230769235 0.9134615384615385 0.02403846153846154 0.02403846153846154
0 0.6682692307692308 0.8870192307692308 0.02403846153846154 0.02403846153846154
0 0.6153846153846154 0.8822115384615385 0.02403846153846154 0.02403846153846154
0 0.2956730769230769 0.8701923076923077 0.02403846153846154 0.02403846153846154
0 0.3822115384615385 0.8557692307692308 0.02403846153846154 0.02403846153846154
0 0.4086538461538462 0.8509615384615385 0.02403846153846154 0.02403846153846154
0 0.3317307692307693 0.8461538461538463 0.02403846153846154 0.02403846153846154
0 0.2884615384615385 0.8461538461538463 0.02403846153846154 0.02403846153846154
0 0.3076923076923077 0.8365384615384616 0.02403846153846154 0.02403846153846154
0 0.6875 0.8341346153846154 0.02403846153846154 0.02403846153846154
0 0.4254807692307693 0.8197115384615385 0.02403846153846154 0.02403846153846154
0 0.4519230769230769 0.8028846153846154 0.02403846153846154 0.02403846153846154
0 0.576923076923077 0.7884615384615385 0.02403846153846154 0.02403846153846154
0 0.5240384615384616 0.7884615384615385 0.02403846153846154 0.02403846153846154
0 0.4951923076923077 0.7860576923076924 0.02403846153846154 0.02403846153846154
0 0.07692307692307693 0.7908653846153847 0.02403846153846154 0.02403846153846154
0 0.8317307692307693 0.7572115384615385 0.02403846153846154 0.02403846153846154
0 0.3341346153846154 0.7548076923076924 0.02403846153846154 0.02403846153846154
0 0.9230769230769231 0.7355769230769231 0.02403846153846154 0.02403846153846154
0 0.3197115384615385 0.7283653846153847 0.02403846153846154 0.02403846153846154
0 0.15384615384615385 0.7235576923076924 0.02403846153846154 0.02403846153846154
0 0.13701923076923078 0.7139423076923077 0.02403846153846154 0.02403846153846154
0 0.8533653846153847 0.7043269230769231 0.02403846153846154 0.02403846153846154
0 0.3822115384615385 0.7091346153846154 0.02403846153846154 0.02403846153846154
0 0.18990384615384617 0.6947115384615385 0.02403846153846154 0.02403846153846154
0 0.3076923076923077 0.6947115384615385 0.02403846153846154 0.02403846153846154
0 0.6009615384615385 0.6754807692307693 0.02403846153846154 0.02403846153846154
0 0.3125 0.6610576923076923 0.02403846153846154 0.02403846153846154
0 0.670673076923077 0.6586538461538461 0.02403846153846154 0.02403846153846154
0 0.10096153846153846 0.6490384615384616 0.02403846153846154 0.02403846153846154
0 0.576923076923077 0.6466346153846154 0.02403846153846154 0.02403846153846154
0 0.6033653846153847 0.6346153846153847 0.02403846153846154 0.02403846153846154
0 0.038461538461538464 0.6418269230769231 0.02403846153846154 0.02403846153846154
0 0.625 0.6370192307692308 0.02403846153846154 0.02403846153846154
0 0.4278846153846154 0.6322115384615385 0.02403846153846154 0.02403846153846154
0 0.4639423076923077 0.6298076923076923 0.02403846153846154 0.02403846153846154
0 0.17548076923076925 0.6274038461538461 0.02403846153846154 0.02403846153846154
0 0.9182692307692308 0.6129807692307693 0.02403846153846154 0.02403846153846154
0 0.12740384615384617 0.6153846153846154 0.02403846153846154 0.02403846153846154
0 0.2980769230769231 0.5913461538461539 0.02403846153846154 0.02403846153846154
0 0.17548076923076925 0.5889423076923077 0.02403846153846154 0.02403846153846154
0 0.375 0.5841346153846154 0.02403846153846154 0.02403846153846154
0 0.15384615384615385 0.5865384615384616 0.02403846153846154 0.02403846153846154
0 0.31009615384615385 0.5817307692307693 0.02403846153846154 0.02403846153846154
0 0.23317307692307693 0.5793269230769231 0.02403846153846154 0.02403846153846154
0 0.16346153846153846 0.5576923076923077 0.02403846153846154 0.02403846153846154
0 0.5745192307692308 0.5528846153846154 0.02403846153846154 0.02403846153846154
0 0.5072115384615384 0.5504807692307693 0.02403846153846154 0.02403846153846154
0 0.3125 0.5408653846153847 0.02403846153846154 0.02403846153846154
0 0.6466346153846154 0.5360576923076923 0.02403846153846154 0.02403846153846154
0 0.16346153846153846 0.5288461538461539 0.02403846153846154 0.02403846153846154
0 0.7211538461538461 0.5192307692307693 0.02403846153846154 0.02403846153846154
0 0.3509615384615385 0.5168269230769231 0.02403846153846154 0.02403846153846154
0 0.7355769230769231 0.5072115384615384 0.02403846153846154 0.02403846153846154
0 0.10336538461538462 0.5048076923076923 0.02403846153846154 0.02403846153846154
0 0.03365384615384616 0.5048076923076923 0.02403846153846154 0.02403846153846154
0 0.45432692307692313 0.4759615384615385 0.02403846153846154 0.02403846153846154
0 0.22115384615384617 0.4711538461538462 0.02403846153846154 0.02403846153846154
0 0.1875 0.4375 0.02403846153846154 0.02403846153846154
0 0.9038461538461539 0.43509615384615385 0.02403846153846154 0.02403846153846154
0 0.14182692307692307 0.43509615384615385 0.02403846153846154 0.02403846153846154
0 0.27403846153846156 0.4254807692307693 0.02403846153846154 0.02403846153846154
0 0.03605769230769231 0.4254807692307693 0.02403846153846154 0.02403846153846154
0 0.125 0.4206730769230769 0.02403846153846154 0.02403846153846154
0 0.3245192307692308 0.4134615384615385 0.02403846153846154 0.02403846153846154
0 0.7740384615384616 0.40625 0.02403846153846154 0.02403846153846154
0 0.5264423076923077 0.40625 0.02403846153846154 0.02403846153846154
0 0.4399038461538462 0.40384615384615385 0.02403846153846154 0.02403846153846154
0 0.23798076923076925 0.40384615384615385 0.02403846153846154 0.02403846153846154
0 0.08653846153846154 0.4086538461538462 0.02403846153846154 0.02403846153846154
0 0.29086538461538464 0.38461538461538464 0.02403846153846154 0.02403846153846154
0 0.4182692307692308 0.375 0.02403846153846154 0.02403846153846154
0 0.5841346153846154 0.3701923076923077 0.02403846153846154 0.02403846153846154
0 0.23798076923076925 0.3701923076923077 0.02403846153846154 0.02403846153846154
0 0.8125 0.36778846153846156 0.02403846153846154 0.02403846153846154
0 0.7692307692307693 0.36778846153846156 0.02403846153846154 0.02403846153846154
0 0.1778846153846154 0.3653846153846154 0.02403846153846154 0.02403846153846154
0 0.47355769230769235 0.3629807692307693 0.02403846153846154 0.02403846153846154
0 0.3966346153846154 0.3653846153846154 0.02403846153846154 0.02403846153846154
0 0.04567307692307693 0.3629807692307693 0.02403846153846154 0.02403846153846154
0 0.3028846153846154 0.3581730769230769 0.02403846153846154 0.02403846153846154
0 0.13701923076923078 0.3605769230769231 0.02403846153846154 0.02403846153846154
0 0.16586538461538464 0.3293269230769231 0.02403846153846154 0.02403846153846154
0 0.9591346153846154 0.3245192307692308 0.02403846153846154 0.02403846153846154
0 0.28605769230769235 0.30528846153846156 0.02403846153846154 0.02403846153846154
0 0.8461538461538463 0.2980769230769231 0.02403846153846154 0.02403846153846154
0 0.2091346153846154 0.2932692307692308 0.02403846153846154 0.02403846153846154
0 0.7403846153846154 0.27403846153846156 0.02403846153846154 0.02403846153846154
0 0.6899038461538461 0.2692307692307693 0.02403846153846154 0.02403846153846154
0 0.5793269230769231 0.2572115384615385 0.02403846153846154 0.02403846153846154
0 0.32211538461538464 0.25961538461538464 0.02403846153846154 0.02403846153846154
0 0.11538461538461539 0.2572115384615385 0.02403846153846154 0.02403846153846154
0 0.7668269230769231 0.23317307692307693 0.02403846153846154 0.02403846153846154
0 0.71875 0.23076923076923078 0.02403846153846154 0.02403846153846154
0 0.6947115384615385 0.20673076923076925 0.02403846153846154 0.02403846153846154
0 0.6875 0.1875 0.02403846153846154 0.02403846153846154
0 0.04326923076923077 0.1826923076923077 0.02403846153846154 0.02403846153846154
0 0.6995192307692308 0.17307692307692307 0.02403846153846154 0.02403846153846154
0 0.5096153846153847 0.17067307692307693 0.02403846153846154 0.02403846153846154
0 0.14423076923076925 0.1466346153846154 0.02403846153846154 0.02403846153846154
0 0.21875 0.125 0.02403846153846154 0.02403846153846154
0 0.06009615384615385 0.125 0.02403846153846154 0.02403846153846154
0 0.15384615384615385 0.11057692307692309 0.02403846153846154 0.02403846153846154
0 0.05288461538461539 0.0625 0.02403846153846154 0.02403846153846154
0 0.4254807692307693 0.03365384615384616 0.02403846153846154 0.02403846153846154
0 0.4759615384615385 0.028846153846153848 0.02403846153846154 0.02403846153846154
0 0.16826923076923078 0.07451923076923077 0.02403846153846154 0.02403846153846154
0 0.3509615384615385 0.16586538461538464 0.02403846153846154 0.02403846153846154
0 0.37259615384615385 0.13221153846153846 0.02403846153846154 0.02403846153846154
0 0.3605769230769231 0.038461538461538464 0.02403846153846154 0.02403846153846154
0 0.3341346153846154 0.07932692307692309 0.02403846153846154 0.02403846153846154
0 0.46875 0.04807692307692308 0.02403846153846154 0.02403846153846154
0 0.5336538461538461 0.10817307692307693 0.02403846153846154 0.02403846153846154
0 0.5216346153846154 0.125 0.02403846153846154 0.02403846153846154
0 0.6875 0.10096153846153846 0.02403846153846154 0.02403846153846154
0 0.7668269230769231 0.2091346153846154 0.02403846153846154 0.02403846153846154
0 0.9711538461538463 0.4206730769230769 0.02403846153846154 0.02403846153846154
0 0.9254807692307693 0.3918269230769231 0.02403846153846154 0.02403846153846154
0 0.9182692307692308 0.34375 0.02403846153846154 0.02403846153846154
0 0.8004807692307693 0.2764423076923077 0.02403846153846154 0.02403846153846154
0 0.6923076923076923 0.3822115384615385 0.02403846153846154 0.02403846153846154
0 0.5985576923076923 0.27403846153846156 0.02403846153846154 0.02403846153846154
0 0.4831730769230769 0.2355769230769231 0.02403846153846154 0.02403846153846154
0 0.4134615384615385 0.2692307692307693 0.02403846153846154 0.02403846153846154
0 0.43509615384615385 0.3125 0.02403846153846154 0.02403846153846154
0 0.4278846153846154 0.3293269230769231 0.02403846153846154 0.02403846153846154
0 0.3822115384615385 0.34375 0.02403846153846154 0.02403846153846154
0 0.2403846153846154 0.3028846153846154 0.02403846153846154 0.02403846153846154
0 0.18509615384615385 0.2884615384615385 0.02403846153846154 0.02403846153846154
0 0.2355769230769231 0.27403846153846156 0.02403846153846154 0.02403846153846154
0 0.25961538461538464 0.3629807692307693 0.02403846153846154 0.02403846153846154
0 0.2572115384615385 0.5192307692307693 0.02403846153846154 0.02403846153846154
0 0.24759615384615385 0.5096153846153847 0.02403846153846154 0.02403846153846154
0 0.14423076923076925 0.45432692307692313 0.02403846153846154 0.02403846153846154
0 0.25 0.6105769230769231 0.02403846153846154 0.02403846153846154
0 0.06009615384615385 0.4278846153846154 0.02403846153846154 0.02403846153846154
0 0.07692307692307693 0.4879807692307693 0.02403846153846154 0.02403846153846154
0 0.06971153846153846 0.5120192307692308 0.02403846153846154 0.02403846153846154
0 0.07692307692307693 0.576923076923077 0.02403846153846154 0.02403846153846154
0 0.10817307692307693 0.6105769230769231 0.02403846153846154 0.02403846153846154
0 0.14903846153846154 0.6201923076923077 0.02403846153846154 0.02403846153846154
0 0.5072115384615384 0.5865384615384616 0.02403846153846154 0.02403846153846154
0 0.44711538461538464 0.5504807692307693 0.02403846153846154 0.02403846153846154
0 0.37259615384615385 0.6009615384615385 0.02403846153846154 0.02403846153846154
0 0.3942307692307693 0.5865384615384616 0.02403846153846154 0.02403846153846154
0 0.5528846153846154 0.6322115384615385 0.02403846153846154 0.02403846153846154
0 0.5192307692307693 0.7091346153846154 0.02403846153846154 0.02403846153846154
0 0.625 0.6923076923076923 0.02403846153846154 0.02403846153846154
0 0.6201923076923077 0.7067307692307693 0.02403846153846154 0.02403846153846154
0 0.6682692307692308 0.7475961538461539 0.02403846153846154 0.02403846153846154
0 0.6634615384615385 0.7908653846153847 0.02403846153846154 0.02403846153846154
0 0.6634615384615385 0.8149038461538461 0.02403846153846154 0.02403846153846154
0 0.795673076923077 0.6802884615384616 0.02403846153846154 0.02403846153846154
0 0.8509615384615385 0.625 0.02403846153846154 0.02403846153846154
0 0.7163461538461539 0.6201923076923077 0.02403846153846154 0.02403846153846154
0 0.6995192307692308 0.5697115384615385 0.02403846153846154 0.02403846153846154
0 0.6899038461538461 0.5096153846153847 0.02403846153846154 0.02403846153846154
0 0.6538461538461539 0.46634615384615385 0.02403846153846154 0.02403846153846154
0 0.8245192307692308 0.5192307692307693 0.02403846153846154 0.02403846153846154
0 0.545673076923077 0.33653846153846156 0.02403846153846154 0.02403846153846154
0 0.9326923076923077 0.6274038461538461 0.02403846153846154 0.02403846153846154
0 0.9591346153846154 0.7668269230769231 0.02403846153846154 0.02403846153846154
0 0.9591346153846154 0.8629807692307693 0.02403846153846154 0.02403846153846154
0 0.9254807692307693 0.9423076923076924 0.02403846153846154 0.02403846153846154
0 0.8846153846153847 0.9591346153846154 0.02403846153846154 0.02403846153846154
0 0.8966346153846154 0.9423076923076924 0.02403846153846154 0.02403846153846154
0 0.8677884615384616 0.7307692307692308 0.02403846153846154 0.02403846153846154
0 0.8341346153846154 0.8028846153846154 0.02403846153846154 0.02403846153846154
0 0.7764423076923077 0.8341346153846154 0.02403846153846154 0.02403846153846154
0 0.7692307692307693 0.90625 0.02403846153846154 0.02403846153846154
0 0.5961538461538461 0.8942307692307693 0.02403846153846154 0.02403846153846154
0 0.5408653846153847 0.9711538461538463 0.02403846153846154 0.02403846153846154
0 0.42307692307692313 0.96875 0.02403846153846154 0.02403846153846154
0 0.3293269230769231 0.8028846153846154 0.02403846153846154 0.02403846153846154
0 0.3269230769230769 0.7836538461538461 0.02403846153846154 0.02403846153846154
0 0.22115384615384617 0.8461538461538463 0.02403846153846154 0.02403846153846154
0 0.2980769230769231 0.18028846153846154 0.02403846153846154 0.02403846153846154
0 0.733173076923077 0.8485576923076924 0.02403846153846154 0.02403846153846154
0 0.7548076923076924 0.8629807692307693 0.02403846153846154 0.02403846153846154
