0 0.3870192307692308 0.8653846153846154 0.02403846153846154 0.02403846153846154
0 0.6826923076923077 0.8557692307692308 0.02403846153846154 0.02403846153846154
0 0.3245192307692308 0.7860576923076924 0.02403846153846154 0.02403846153846154
0 0.6658653846153847 0.7836538461538461 0.02403846153846154 0.02403846153846154
0 0.125 0.7740384615384616 0.02403846153846154 0.02403846153846154
0 0.4206730769230769 0.7211538461538461 0.02403846153846154 0.02403846153846154
0 0.4879807692307693 0.6610576923076923 0.02403846153846154 0.02403846153846154
0 0.4807692307692308 0.6153846153846154 0.02403846153846154 0.02403846153846154
0 0.4375 0.6153846153846154 0.02403846153846154 0.02403846153846154
0 0.7379807692307693 0.608173076923077 0.02403846153846154 0.02403846153846154
0 0.3894230769230769 0.6033653846153847 0.02403846153846154 0.02403846153846154
0 0.5 0.576923076923077 0.02403846153846154 0.02403846153846154
0 0.23317307692307693 0.5697115384615385 0.02403846153846154 0.02403846153846154
0 0.9134615384615385 0.5504807692307693 0.02403846153846154 0.02403846153846154
0 0.6586538461538461 0.5216346153846154 0.02403846153846154 0.02403846153846154
0 0.625 0.5120192307692308 0.02403846153846154 0.02403846153846154
0 0.3629807692307693 0.514423076923077 0.02403846153846154 0.02403846153846154
0 0.5528846153846154 0.5096153846153847 0.02403846153846154 0.02403846153846154
0 0.35336538461538464 0.4519230769230769 0.02403846153846154 0.02403846153846154
0 0.826923076923077 0.43509615384615385 0.02403846153846154 0.02403846153846154
0 0.7836538461538461 0.4134615384615385 0.02403846153846154 0.02403846153846154
0 0.22355769230769232 0.40384615384615385 0.02403846153846154 0.02403846153846154
0 0.10817307692307693 0.38461538461538464 0.02403846153846154 0.02403846153846154
0 0.14182692307692307 0.37259615384615385 0.02403846153846154 0.02403846153846154
0 0.12980769230769232 0.2932692307692308 0.02403846153846154 0.02403846153846154
0 0.8125 0.28605769230769235 0.02403846153846154 0.02403846153846154
0 0.2644230769230769 0.28365384615384615 0.02403846153846154 0.02403846153846154
0 0.5697115384615385 0.24278846153846156 0.02403846153846154 0.02403846153846154
0 0.40384615384615385 0.2139423076923077 0.02403846153846154 0.02403846153846154
0 0.2620192307692308 0.19711538461538464 0.02403846153846154 0.02403846153846154
0 0.8389423076923077 0.13701923076923078 0.02403846153846154 0.02403846153846154
0 0.24759615384615385 0.13221153846153846 0.02403846153846154 0.02403846153846154
0 0.9110576923076924 0.11298076923076923 0.02403846153846154 0.02403846153846154
0 0.8341346153846154 0.09855769230769232 0.02403846153846154 0.02403846153846154
0 0.9230769230769231 0.08413461538461539 0.02403846153846154 0.02403846153846154
0 0.764423076923077 0.08413461538461539 0.02403846153846154 0.02403846153846154
0 0.9615384615384616 0.06971153846153846 0.02403846153846154 0.02403846153846154
0 0.46634615384615385 0.06730769230769232 0.02403846153846154 0.02403846153846154
0 0.6899038461538461 0.07932692307692309 0.02403846153846154 0.02403846153846154
0 0.07932692307692309 0.18990384615384617 0.02403846153846154 0.02403846153846154
0 0.1778846153846154 0.18509615384615385 0.02403846153846154 0.02403846153846154
0 0.03365384615384616 0.24759615384615385 0.02403846153846154 0.02403846153846154
0 0.11298076923076923 0.35336538461538464 0.02403846153846154 0.02403846153846154
0 0.18028846153846154 0.3317307692307693 0.02403846153846154 0.02403846153846154
0 0.2980769230769231 0.4086538461538462 0.02403846153846154 0.02403846153846154
0 0.34134615384615385 0.3774038461538462 0.02403846153846154 0.02403846153846154
0 0.4759615384615385 0.3317307692307693 0.02403846153846154 0.02403846153846154
0 0.3341346153846154 0.09855769230769232 0.02403846153846154 0.02403846153846154
0 0.43509615384615385 0.24759615384615385 0.02403846153846154 0.02403846153846154
0 0.5168269230769231 0.23798076923076925 0.02403846153846154 0.02403846153846154
0 0.5552884615384616 0.12980769230769232 0.02403846153846154 0.02403846153846154
0 0.7572115384615385 0.2451923076923077 0.02403846153846154 0.02403846153846154
0 0.6658653846153847 0.30528846153846156 0.02403846153846154 0.02403846153846154
0 0.6322115384615385 0.2716346153846154 0.02403846153846154 0.02403846153846154
0 0.8605769230769231 0.27884615384615385 0.02403846153846154 0.02403846153846154
0 0.8942307692307693 0.2572115384615385 0.02403846153846154 0.02403846153846154
0 0.9639423076923077 0.21875 0.02403846153846154 0.02403846153846154
0 0.9663461538461539 0.5264423076923077 0.02403846153846154 0.02403846153846154
0 0.9326923076923077 0.4879807692307693 0.02403846153846154 0.02403846153846154
0 0.8701923076923077 0.5288461538461539 0.02403846153846154 0.02403846153846154
0 0.7572115384615385 0.6490384615384616 0.02403846153846154 0.02403846153846154
0 0.7524038461538461 0.6947115384615385 0.02403846153846154 0.02403846153846154
0 0.7115384615384616 0.7259615384615385 0.02403846153846154 0.02403846153846154
0 0.7716346153846154 0.7620192307692308 0.02403846153846154 0.02403846153846154
0 0.8870192307692308 0.7427884615384616 0.02403846153846154 0.02403846153846154
0 0.4182692307692308 0.49759615384615385 0.02403846153846154 0.02403846153846154
0 0.028846153846153848 0.6129807692307693 0.02403846153846154 0.02403846153846154
0 0.3293269230769231 0.9158653846153847 0.02403846153846154 0.02403846153846154
0 0.4807692307692308 0.7836538461538461 0.02403846153846154 0.02403846153846154
