0 0.5817307692307693 0.9711538461538463 0.02403846153846154 0.02403846153846154
0 0.14423076923076925 0.96875 0.02403846153846154 0.02403846153846154
0 0.7139423076923077 0.8774038461538463 0.02403846153846154 0.02403846153846154
0 0.6923076923076923 0.8461538461538463 0.02403846153846154 0.02403846153846154
0 0.9326923076923077 0.8028846153846154 0.02403846153846154 0.02403846153846154
0 0.5889423076923077 0.6370192307692308 0.02403846153846154 0.02403846153846154
0 0.7692307692307693 0.6201923076923077 0.02403846153846154 0.02403846153846154
0 0.6129807692307693 0.53125 0.02403846153846154 0.02403846153846154
0 0.7115384615384616 0.5192307692307693 0.02403846153846154 0.02403846153846154
0 0.6370192307692308 0.46153846153846156 0.02403846153846154 0.02403846153846154
0 0.8149038461538461 0.4519230769230769 0.02403846153846154 0.02403846153846154
0 0.6971153846153847 0.4182692307692308 0.02403846153846154 0.02403846153846154
0 0.9158653846153847 0.4134615384615385 0.02403846153846154 0.02403846153846154
0 0.9495192307692308 0.4014423076923077 0.02403846153846154 0.02403846153846154
0 0.9375 0.32211538461538464 0.02403846153846154 0.02403846153846154
0 0.6995192307692308 0.31490384615384615 0.02403846153846154 0.02403846153846154
0 0.625 0.1778846153846154 0.02403846153846154 0.02403846153846154
0 0.2091346153846154 0.15625 0.02403846153846154 0.02403846153846154
0 0.32211538461538464 0.10576923076923078 0.02403846153846154 0.02403846153846154
0 0.4278846153846154 0.09855769230769232 0.02403846153846154 0.02403846153846154
0 0.11057692307692309 0.040865384615384616 0.02403846153846154 0.02403846153846154
0 0.5600961538461539 0.07692307692307693 0.02403846153846154 0.02403846153846154
0 0.5120192307692308 0.07692307692307693 0.02403846153846154 0.02403846153846154
0 0.4495192307692308 0.11057692307692309 0.02403846153846154 0.02403846153846154
0 0.40625 0.18028846153846154 0.02403846153846154 0.02403846153846154
0 0.4495192307692308 0.18990384615384617 0.02403846153846154 0.02403846153846154
0 0.5504807692307693 0.1875 0.02403846153846154 0.02403846153846154
0 0.5432692307692308 0.2355769230769231 0.02403846153846154 0.02403846153846154
0 0.6322115384615385 0.2716346153846154 0.02403846153846154 0.02403846153846154
0 0.7908653846153847 0.0889423076923077 0.02403846153846154 0.02403846153846154
0 0.8870192307692308 0.21875 0.02403846153846154 0.02403846153846154
0 0.8413461538461539 0.2764423076923077 0.02403846153846154 0.02403846153846154
0 0.8028846153846154 0.3341346153846154 0.02403846153846154 0.02403846153846154
0 0.920673076923077 0.3822115384615385 0.02403846153846154 0.02403846153846154
0 0.8365384615384616 0.6418269230769231 0.02403846153846154 0.02403846153846154
0 0.8125 0.6105769230769231 0.02403846153846154 0.02403846153846154
0 0.19711538461538464 0.19711538461538464 0.02403846153846154 0.02403846153846154
0 0.23798076923076925 0.1778846153846154 0.02403846153846154 0.02403846153846154
0 0.15625 0.0889423076923077 0.02403846153846154 0.02403846153846154
0 0.4639423076923077 0.7620192307692308 0.02403846153846154 0.02403846153846154
0 0.40625 0.8004807692307693 0.02403846153846154 0.02403846153846154
0 0.5288461538461539 0.75 0.02403846153846154 0.02403846153846154
0 0.5649038461538461 0.6947115384615385 0.02403846153846154 0.02403846153846154
0 0.5649038461538461 0.8076923076923077 0.02403846153846154 0.02403846153846154
0 0.20192307692307693 0.6778846153846154 0.02403846153846154 0.02403846153846154
0 0.13942307692307693 0.5408653846153847 0.02403846153846154 0.02403846153846154
0 0.5504807692307693 0.5432692307692308 0.02403846153846154 0.02403846153846154
0 0.6538461538461539 0.4519230769230769 0.02403846153846154 0.02403846153846154
0 0.5336538461538461 0.6298076923076923 0.02403846153846154 0.02403846153846154
0 0.7379807692307693 0.8774038461538463 0.02403846153846154 0.02403846153846154
0 0.11538461538461539 0.8966346153846154 0.02403846153846154 0.02403846153846154
