0 0.7932692307692308 0.9350961538461539 0.02403846153846154 0.02403846153846154
0 0.4711538461538462 0.9110576923076924 0.02403846153846154 0.02403846153846154
0 0.7764423076923077 0.8822115384615385 0.02403846153846154 0.02403846153846154
0 0.22836538461538464 0.8677884615384616 0.02403846153846154 0.02403846153846154
0 0.0625 0.8389423076923077 0.02403846153846154 0.02403846153846154
0 0.49759615384615385 0.7620192307692308 0.02403846153846154 0.02403846153846154
0 0.5697115384615385 0.7379807692307693 0.02403846153846154 0.02403846153846154
0 0.49278846153846156 0.7235576923076924 0.02403846153846154 0.02403846153846154
0 0.5817307692307693 0.7091346153846154 0.02403846153846154 0.02403846153846154
0 0.42307692307692313 0.7091346153846154 0.02403846153846154 0.02403846153846154
0 0.7163461538461539 0.7043269230769231 0.02403846153846154 0.02403846153846154
0 0.6201923076923077 0.6947115384615385 0.02403846153846154 0.02403846153846154
0 0.125 0.6923076923076923 0.02403846153846154 0.02403846153846154
0 0.40625 0.6442307692307693 0.02403846153846154 0.02403846153846154
0 0.21875 0.6225961538461539 0.02403846153846154 0.02403846153846154
0 0.5384615384615385 0.5961538461538461 0.02403846153846154 0.02403846153846154
0 0.05288461538461539 0.5841346153846154 0.02403846153846154 0.02403846153846154
0 0.8317307692307693 0.5745192307692308 0.02403846153846154 0.02403846153846154
0 0.6610576923076923 0.5673076923076923 0.02403846153846154 0.02403846153846154
0 0.5240384615384616 0.5120192307692308 0.02403846153846154 0.02403846153846154
0 0.65625 0.5048076923076923 0.02403846153846154 0.02403846153846154
0 0.6153846153846154 0.4951923076923077 0.02403846153846154 0.02403846153846154
0 0.7860576923076924 0.46875 0.02403846153846154 0.02403846153846154
0 0.09375 0.46153846153846156 0.02403846153846154 0.02403846153846154
0 0.4807692307692308 0.44711538461538464 0.02403846153846154 0.02403846153846154
0 0.14903846153846154 0.41586538461538464 0.02403846153846154 0.02403846153846154
0 0.22355769230769232 0.41105769230769235 0.02403846153846154 0.02403846153846154
0 0.8990384615384616 0.4086538461538462 0.02403846153846154 0.02403846153846154
0 0.9711538461538463 0.40384615384615385 0.02403846153846154 0.02403846153846154
0 0.37980769230769235 0.4014423076923077 0.02403846153846154 0.02403846153846154
0 0.3076923076923077 0.3966346153846154 0.02403846153846154 0.02403846153846154
0 0.670673076923077 0.3942307692307693 0.02403846153846154 0.02403846153846154
0 0.28605769230769235 0.3918269230769231 0.02403846153846154 0.02403846153846154
0 0.4591346153846154 0.3894230769230769 0.02403846153846154 0.02403846153846154
0 0.6875 0.3870192307692308 0.02403846153846154 0.02403846153846154
0 0.4182692307692308 0.37980769230769235 0.02403846153846154 0.02403846153846154
0 0.07451923076923077 0.3629807692307693 0.02403846153846154 0.02403846153846154
0 0.8317307692307693 0.35336538461538464 0.02403846153846154 0.02403846153846154
0 0.7788461538461539 0.34855769230769235 0.02403846153846154 0.02403846153846154
0 0.12980769230769232 0.34855769230769235 0.02403846153846154 0.02403846153846154
0 0.4591346153846154 0.33653846153846156 0.02403846153846154 0.02403846153846154
0 0.06730769230769232 0.3317307692307693 0.02403846153846154 0.02403846153846154
0 0.545673076923077 0.32211538461538464 0.02403846153846154 0.02403846153846154
0 0.14423076923076925 0.3197115384615385 0.02403846153846154 0.02403846153846154
0 0.5721153846153847 0.31730769230769235 0.02403846153846154 0.02403846153846154
0 0.4951923076923077 0.3125 0.02403846153846154 0.02403846153846154
0 0.4519230769230769 0.3125 0.02403846153846154 0.02403846153846154
0 0.4711538461538462 0.3028846153846154 0.02403846153846154 0.02403846153846154
0 0.8509615384615385 0.3004807692307693 0.02403846153846154 0.02403846153846154
0 0.5889423076923077 0.28605769230769235 0.02403846153846154 0.02403846153846154
0 0.6153846153846154 0.2692307692307693 0.02403846153846154 0.02403846153846154
0 0.7403846153846154 0.25480769230769235 0.02403846153846154 0.02403846153846154
0 0.6875 0.25480769230769235 0.02403846153846154 0.02403846153846154
0 0.03365384615384616 0.25480769230769235 0.02403846153846154 0.02403846153846154
0 0.6586538461538461 0.25240384615384615 0.02403846153846154 0.02403846153846154
0 0.2403846153846154 0.2572115384615385 0.02403846153846154 0.02403846153846154
0 0.49759615384615385 0.22115384615384617 0.02403846153846154 0.02403846153846154
0 0.4831730769230769 0.19471153846153846 0.02403846153846154 0.02403846153846154
0 0.31730769230769235 0.18990384615384617 0.02403846153846154 0.02403846153846154
0 0.3004807692307693 0.18028846153846154 0.02403846153846154 0.02403846153846154
0 0.545673076923077 0.17548076923076925 0.02403846153846154 0.02403846153846154
0 0.35336538461538464 0.16105769230769232 0.02403846153846154 0.02403846153846154
0 0.4711538461538462 0.16105769230769232 0.02403846153846154 0.02403846153846154
0 0.09134615384615385 0.15384615384615385 0.02403846153846154 0.02403846153846154
0 0.764423076923077 0.14182692307692307 0.02403846153846154 0.02403846153846154
0 0.4759615384615385 0.12740384615384617 0.02403846153846154 0.02403846153846154
0 0.8341346153846154 0.125 0.02403846153846154 0.02403846153846154
0 0.06009615384615385 0.1201923076923077 0.02403846153846154 0.02403846153846154
0 0.2644230769230769 0.11538461538461539 0.02403846153846154 0.02403846153846154
0 0.7403846153846154 0.11298076923076923 0.02403846153846154 0.02403846153846154
0 0.7668269230769231 0.10096153846153846 0.02403846153846154 0.02403846153846154
0 0.20192307692307693 0.10817307692307693 0.02403846153846154 0.02403846153846154
0 0.7884615384615385 0.10336538461538462 0.02403846153846154 0.02403846153846154
0 0.5913461538461539 0.09855769230769232 0.02403846153846154 0.02403846153846154
0 0.6274038461538461 0.09615384615384616 0.02403846153846154 0.02403846153846154
0 0.3389423076923077 0.09375 0.02403846153846154 0.02403846153846154
0 0.29086538461538464 0.08173076923076923 0.02403846153846154 0.02403846153846154
0 0.46153846153846156 0.057692307692307696 0.02403846153846154 0.02403846153846154
0 0.3389423076923077 0.05528846153846154 0.02403846153846154 0.02403846153846154
0 0.5384615384615385 0.05048076923076923 0.02403846153846154 0.02403846153846154
0 0.31730769230769235 0.05288461538461539 0.02403846153846154 0.02403846153846154
0 0.47355769230769235 0.04807692307692308 0.02403846153846154 0.02403846153846154
0 0.3966346153846154 0.04567307692307693 0.02403846153846154 0.02403846153846154
0 0.3269230769230769 0.02403846153846154 0.02403846153846154 0.02403846153846154
0 0.4134615384615385 0.07692307692307693 0.02403846153846154 0.02403846153846154
0 0.2403846153846154 0.04326923076923077 0.02403846153846154 0.02403846153846154
0 0.2716346153846154 0.07692307692307693 0.02403846153846154 0.02403846153846154
0 0.3125 0.08653846153846154 0.02403846153846154 0.02403846153846154
0 0.14182692307692307 0.06490384615384616 0.02403846153846154 0.02403846153846154
0 0.670673076923077 0.05288461538461539 0.02403846153846154 0.02403846153846154
0 0.5360576923076923 0.06730769230769232 0.02403846153846154 0.02403846153846154
0 0.5576923076923077 0.05288461538461539 0.02403846153846154 0.02403846153846154
0 0.7163461538461539 0.09855769230769232 0.02403846153846154 0.02403846153846154
0 0.6826923076923077 0.17548076923076925 0.02403846153846154 0.02403846153846154
0 0.7884615384615385 0.15865384615384617 0.02403846153846154 0.02403846153846154
0 0.7836538461538461 0.17307692307692307 0.02403846153846154 0.02403846153846154
0 0.8317307692307693 0.2139423076923077 0.02403846153846154 0.02403846153846154
0 0.826923076923077 0.2572115384615385 0.02403846153846154 0.02403846153846154
0 0.826923076923077 0.28125 0.02403846153846154 0.02403846153846154
0 0.9591346153846154 0.1466346153846154 0.02403846153846154 0.02403846153846154
0 0.8798076923076924 0.08653846153846154 0.02403846153846154 0.02403846153846154
0 0.8629807692307693 0.03605769230769231 0.02403846153846154 0.02403846153846154
0 0.9399038461538463 0.3004807692307693 0.02403846153846154 0.02403846153846154
0 0.9326923076923077 0.37259615384615385 0.02403846153846154 0.02403846153846154
0 0.8870192307692308 0.46634615384615385 0.02403846153846154 0.02403846153846154
0 0.8918269230769231 0.5697115384615385 0.02403846153846154 0.02403846153846154
0 0.7548076923076924 0.5240384615384616 0.02403846153846154 0.02403846153846154
0 0.795673076923077 0.5793269230769231 0.02403846153846154 0.02403846153846154
0 0.7596153846153847 0.3605769230769231 0.02403846153846154 0.02403846153846154
0 0.7043269230769231 0.4375 0.02403846153846154 0.02403846153846154
0 0.5865384615384616 0.43509615384615385 0.02403846153846154 0.02403846153846154
0 0.49278846153846156 0.2692307692307693 0.02403846153846154 0.02403846153846154
0 0.4903846153846154 0.25 0.02403846153846154 0.02403846153846154
0 0.38461538461538464 0.3125 0.02403846153846154 0.02403846153846154
0 0.44230769230769235 0.4399038461538462 0.02403846153846154 0.02403846153846154
0 0.34615384615384615 0.46875 0.02403846153846154 0.02403846153846154
0 0.6442307692307693 0.6346153846153847 0.02403846153846154 0.02403846153846154
0 0.34855769230769235 0.7043269230769231 0.02403846153846154 0.02403846153846154
0 0.3245192307692308 0.5504807692307693 0.02403846153846154 0.02403846153846154
0 0.2692307692307693 0.47836538461538464 0.02403846153846154 0.02403846153846154
0 0.22115384615384617 0.46875 0.02403846153846154 0.02403846153846154
0 0.13942307692307693 0.4495192307692308 0.02403846153846154 0.02403846153846154
0 0.13701923076923078 0.3774038461538462 0.02403846153846154 0.02403846153846154
0 0.09375 0.32211538461538464 0.02403846153846154 0.02403846153846154
0 0.16346153846153846 0.25480769230769235 0.02403846153846154 0.02403846153846154
0 0.057692307692307696 0.2403846153846154 0.02403846153846154 0.02403846153846154
0 0.04567307692307693 0.18509615384615385 0.02403846153846154 0.02403846153846154
0 0.03125 0.1466346153846154 0.02403846153846154 0.02403846153846154
0 0.03605769230769231 0.27884615384615385 0.02403846153846154 0.02403846153846154
0 0.13461538461538464 0.5625 0.02403846153846154 0.02403846153846154
0 0.13461538461538464 0.9567307692307693 0.02403846153846154 0.02403846153846154
0 0.09375 0.8725961538461539 0.02403846153846154 0.02403846153846154
0 0.17548076923076925 0.8629807692307693 0.02403846153846154 0.02403846153846154
0 0.2139423076923077 0.7548076923076924 0.02403846153846154 0.02403846153846154
0 0.41586538461538464 0.8701923076923077 0.02403846153846154 0.02403846153846154
0 0.3245192307692308 0.9302884615384616 0.02403846153846154 0.02403846153846154
0 0.29086538461538464 0.8966346153846154 0.02403846153846154 0.02403846153846154
0 0.5192307692307693 0.9038461538461539 0.02403846153846154 0.02403846153846154
0 0.5528846153846154 0.8822115384615385 0.02403846153846154 0.02403846153846154
0 0.6225961538461539 0.84375 0.02403846153846154 0.02403846153846154
0 0.65625 0.9086538461538463 0.02403846153846154 0.02403846153846154
0 0.7235576923076924 0.9086538461538463 0.02403846153846154 0.02403846153846154
0 0.7283653846153847 0.8653846153846154 0.02403846153846154 0.02403846153846154
0 0.8966346153846154 0.31490384615384615 0.02403846153846154 0.02403846153846154
0 0.9182692307692308 0.3293269230769231 0.02403846153846154 0.02403846153846154
