0 0.576923076923077 0.9591346153846154 0.02403846153846154 0.02403846153846154
0 0.34134615384615385 0.9254807692307693 0.02403846153846154 0.02403846153846154
0 0.5432692307692308 0.9254807692307693 0.02403846153846154 0.02403846153846154
0 0.49278846153846156 0.920673076923077 0.02403846153846154 0.02403846153846154
0 0.10096153846153846 0.9182692307692308 0.02403846153846154 0.02403846153846154
0 0.6802884615384616 0.8918269230769231 0.02403846153846154 0.02403846153846154
0 0.15625 0.8846153846153847 0.02403846153846154 0.02403846153846154
0 0.7355769230769231 0.8461538461538463 0.02403846153846154 0.02403846153846154
0 0.8100961538461539 0.8413461538461539 0.02403846153846154 0.02403846153846154
0 0.5961538461538461 0.8389423076923077 0.02403846153846154 0.02403846153846154
0 0.9663461538461539 0.8317307692307693 0.02403846153846154 0.02403846153846154
0 0.8942307692307693 0.826923076923077 0.02403846153846154 0.02403846153846154
0 0.8725961538461539 0.8221153846153847 0.02403846153846154 0.02403846153846154
0 0.3894230769230769 0.8149038461538461 0.02403846153846154 0.02403846153846154
0 0.5721153846153847 0.8052884615384616 0.02403846153846154 0.02403846153846154
0 0.10576923076923078 0.8028846153846154 0.02403846153846154 0.02403846153846154
0 0.4807692307692308 0.8004807692307693 0.02403846153846154 0.02403846153846154
0 0.6610576923076923 0.7932692307692308 0.02403846153846154 0.02403846153846154
0 0.5336538461538461 0.7908653846153847 0.02403846153846154 0.02403846153846154
0 0.7163461538461539 0.7788461538461539 0.02403846153846154 0.02403846153846154
0 0.6538461538461539 0.7620192307692308 0.02403846153846154 0.02403846153846154
0 0.5240384615384616 0.764423076923077 0.02403846153846154 0.02403846153846154
0 0.7307692307692308 0.75 0.02403846153846154 0.02403846153846154
0 0.3076923076923077 0.7403846153846154 0.02403846153846154 0.02403846153846154
0 0.5528846153846154 0.733173076923077 0.02403846153846154 0.02403846153846154
0 0.5240384615384616 0.7283653846153847 0.02403846153846154 0.02403846153846154
0 0.2043269230769231 0.7163461538461539 0.02403846153846154 0.02403846153846154
0 0.5408653846153847 0.7067307692307693 0.02403846153846154 0.02403846153846154
0 0.42307692307692313 0.6923076923076923 0.02403846153846154 0.02403846153846154
0 0.5120192307692308 0.6875 0.02403846153846154 0.02403846153846154
0 0.6201923076923077 0.6850961538461539 0.02403846153846154 0.02403846153846154
0 0.2403846153846154 0.6826923076923077 0.02403846153846154 0.02403846153846154
0 0.826923076923077 0.6875 0.02403846153846154 0.02403846153846154
0 0.0889423076923077 0.6586538461538461 0.02403846153846154 0.02403846153846154
0 0.04326923076923077 0.65625 0.02403846153846154 0.02403846153846154
0 0.32211538461538464 0.6298076923076923 0.02403846153846154 0.02403846153846154
0 0.9038461538461539 0.6201923076923077 0.02403846153846154 0.02403846153846154
0 0.14903846153846154 0.6129807692307693 0.02403846153846154 0.02403846153846154
0 0.8870192307692308 0.6105769230769231 0.02403846153846154 0.02403846153846154
0 0.9399038461538463 0.5913461538461539 0.02403846153846154 0.02403846153846154
0 0.6778846153846154 0.5841346153846154 0.02403846153846154 0.02403846153846154
0 0.2932692307692308 0.5721153846153847 0.02403846153846154 0.02403846153846154
0 0.03365384615384616 0.5721153846153847 0.02403846153846154 0.02403846153846154
0 0.05528846153846154 0.5697115384615385 0.02403846153846154 0.02403846153846154
0 0.42307692307692313 0.5552884615384616 0.02403846153846154 0.02403846153846154
0 0.6466346153846154 0.5504807692307693 0.02403846153846154 0.02403846153846154
0 0.8509615384615385 0.545673076923077 0.02403846153846154 0.02403846153846154
0 0.4711538461538462 0.5480769230769231 0.02403846153846154 0.02403846153846154
0 0.7884615384615385 0.5384615384615385 0.02403846153846154 0.02403846153846154
0 0.4567307692307693 0.5288461538461539 0.02403846153846154 0.02403846153846154
0 0.9254807692307693 0.5240384615384616 0.02403846153846154 0.02403846153846154
0 0.23798076923076925 0.5240384615384616 0.02403846153846154 0.02403846153846154
0 0.4278846153846154 0.5192307692307693 0.02403846153846154 0.02403846153846154
0 0.040865384615384616 0.5192307692307693 0.02403846153846154 0.02403846153846154
0 0.8774038461538463 0.5120192307692308 0.02403846153846154 0.02403846153846154
0 0.9254807692307693 0.48557692307692313 0.02403846153846154 0.02403846153846154
0 0.9038461538461539 0.4831730769230769 0.02403846153846154 0.02403846153846154
0 0.22596153846153846 0.4807692307692308 0.02403846153846154 0.02403846153846154
0 0.47836538461538464 0.4711538461538462 0.02403846153846154 0.02403846153846154
0 0.9134615384615385 0.45432692307692313 0.02403846153846154 0.02403846153846154
0 0.028846153846153848 0.4519230769230769 0.02403846153846154 0.02403846153846154
0 0.7355769230769231 0.4447115384615385 0.02403846153846154 0.02403846153846154
0 0.9134615384615385 0.4254807692307693 0.02403846153846154 0.02403846153846154
0 0.5504807692307693 0.4182692307692308 0.02403846153846154 0.02403846153846154
0 0.4399038461538462 0.4206730769230769 0.02403846153846154 0.02403846153846154
0 0.4903846153846154 0.4182692307692308 0.02403846153846154 0.02403846153846154
0 0.8533653846153847 0.4014423076923077 0.02403846153846154 0.02403846153846154
0 0.7836538461538461 0.4014423076923077 0.02403846153846154 0.02403846153846154
0 0.7211538461538461 0.3894230769230769 0.02403846153846154 0.02403846153846154
0 0.46634615384615385 0.3822115384615385 0.02403846153846154 0.02403846153846154
0 0.9711538461538463 0.36778846153846156 0.02403846153846154 0.02403846153846154
0 0.27403846153846156 0.3605769230769231 0.02403846153846154 0.02403846153846154
0 0.3581730769230769 0.3581730769230769 0.02403846153846154 0.02403846153846154
0 0.375 0.34375 0.02403846153846154 0.02403846153846154
0 0.28125 0.34375 0.02403846153846154 0.02403846153846154
0 0.3028846153846154 0.34134615384615385 0.02403846153846154 0.02403846153846154
0 0.9375 0.3341346153846154 0.02403846153846154 0.02403846153846154
0 0.8918269230769231 0.3317307692307693 0.02403846153846154 0.02403846153846154
0 0.4254807692307693 0.3269230769230769 0.02403846153846154 0.02403846153846154
0 0.7860576923076924 0.32211538461538464 0.02403846153846154 0.02403846153846154
0 0.5240384615384616 0.32211538461538464 0.02403846153846154 0.02403846153846154
0 0.46634615384615385 0.3293269230769231 0.02403846153846154 0.02403846153846154
0 0.875 0.31730769230769235 0.02403846153846154 0.02403846153846154
0 0.5480769230769231 0.3125 0.02403846153846154 0.02403846153846154
0 0.4134615384615385 0.3125 0.02403846153846154 0.02403846153846154
0 0.8365384615384616 0.30528846153846156 0.02403846153846154 0.02403846153846154
0 0.4399038461538462 0.2932692307692308 0.02403846153846154 0.02403846153846154
0 0.7716346153846154 0.2884615384615385 0.02403846153846154 0.02403846153846154
0 0.5384615384615385 0.29086538461538464 0.02403846153846154 0.02403846153846154
0 0.09855769230769232 0.2884615384615385 0.02403846153846154 0.02403846153846154
0 0.40384615384615385 0.28365384615384615 0.02403846153846154 0.02403846153846154
0 0.7620192307692308 0.27884615384615385 0.02403846153846154 0.02403846153846154
0 0.47355769230769235 0.28365384615384615 0.02403846153846154 0.02403846153846154
0 0.03605769230769231 0.2764423076923077 0.02403846153846154 0.02403846153846154
0 0.2980769230769231 0.27403846153846156 0.02403846153846154 0.02403846153846154
0 0.9278846153846154 0.2620192307692308 0.02403846153846154 0.02403846153846154
0 0.795673076923077 0.25961538461538464 0.02403846153846154 0.02403846153846154
0 0.8870192307692308 0.2572115384615385 0.02403846153846154 0.02403846153846154
0 0.3822115384615385 0.2355769230769231 0.02403846153846154 0.02403846153846154
0 0.1466346153846154 0.2355769230769231 0.02403846153846154 0.02403846153846154
0 0.43028846153846156 0.23076923076923078 0.02403846153846154 0.02403846153846154
0 0.4495192307692308 0.22836538461538464 0.02403846153846154 0.02403846153846154
0 0.07211538461538462 0.22836538461538464 0.02403846153846154 0.02403846153846154
0 0.9158653846153847 0.22596153846153846 0.02403846153846154 0.02403846153846154
0 0.7524038461538461 0.22115384615384617 0.02403846153846154 0.02403846153846154
0 0.2620192307692308 0.21875 0.02403846153846154 0.02403846153846154
0 0.75 0.19951923076923078 0.02403846153846154 0.02403846153846154
0 0.7668269230769231 0.18509615384615385 0.02403846153846154 0.02403846153846154
0 0.9591346153846154 0.18990384615384617 0.02403846153846154 0.02403846153846154
0 0.733173076923077 0.18028846153846154 0.02403846153846154 0.02403846153846154
0 0.43509615384615385 0.1826923076923077 0.02403846153846154 0.02403846153846154
0 0.28605769230769235 0.17548076923076925 0.02403846153846154 0.02403846153846154
0 0.6610576923076923 0.16105769230769232 0.02403846153846154 0.02403846153846154
0 0.14182692307692307 0.1514423076923077 0.02403846153846154 0.02403846153846154
0 0.8653846153846154 0.15384615384615385 0.02403846153846154 0.02403846153846154
0 0.1875 0.16105769230769232 0.02403846153846154 0.02403846153846154
0 0.5024038461538461 0.10817307692307693 0.02403846153846154 0.02403846153846154
0 0.22836538461538464 0.10576923076923078 0.02403846153846154 0.02403846153846154
0 0.44711538461538464 0.10336538461538462 0.02403846153846154 0.02403846153846154
0 0.3341346153846154 0.10096153846153846 0.02403846153846154 0.02403846153846154
0 0.6802884615384616 0.09615384615384616 0.02403846153846154 0.02403846153846154
0 0.7932692307692308 0.07932692307692309 0.02403846153846154 0.02403846153846154
0 0.7163461538461539 0.057692307692307696 0.02403846153846154 0.02403846153846154
0 0.44711538461538464 0.05048076923076923 0.02403846153846154 0.02403846153846154
0 0.8942307692307693 0.04326923076923077 0.02403846153846154 0.02403846153846154
0 0.5865384615384616 0.06009615384615385 0.02403846153846154 0.02403846153846154
0 0.08653846153846154 0.07932692307692309 0.02403846153846154 0.02403846153846154
0 0.3653846153846154 0.05528846153846154 0.02403846153846154 0.02403846153846154
0 0.16586538461538464 0.11298076923076923 0.02403846153846154 0.02403846153846154
0 0.3629807692307693 0.16586538461538464 0.02403846153846154 0.02403846153846154
0 0.3076923076923077 0.21875 0.02403846153846154 0.02403846153846154
0 0.2403846153846154 0.29086538461538464 0.02403846153846154 0.02403846153846154
0 0.2139423076923077 0.35336538461538464 0.02403846153846154 0.02403846153846154
0 0.28605769230769235 0.3822115384615385 0.02403846153846154 0.02403846153846154
0 0.27884615384615385 0.3942307692307693 0.02403846153846154 0.02403846153846154
0 0.3125 0.38461538461538464 0.02403846153846154 0.02403846153846154
0 0.3894230769230769 0.3894230769230769 0.02403846153846154 0.02403846153846154
0 0.5600961538461539 0.28605769230769235 0.02403846153846154 0.02403846153846154
0 0.5697115384615385 0.25 0.02403846153846154 0.02403846153846154
0 0.5913461538461539 0.2139423076923077 0.02403846153846154 0.02403846153846154
0 0.6322115384615385 0.18509615384615385 0.02403846153846154 0.02403846153846154
0 0.608173076923077 0.15865384615384617 0.02403846153846154 0.02403846153846154
0 0.4879807692307693 0.0625 0.02403846153846154 0.02403846153846154
0 0.49759615384615385 0.1466346153846154 0.02403846153846154 0.02403846153846154
0 0.6899038461538461 0.10817307692307693 0.02403846153846154 0.02403846153846154
0 0.701923076923077 0.13942307692307693 0.02403846153846154 0.02403846153846154
0 0.7283653846153847 0.04326923076923077 0.02403846153846154 0.02403846153846154
0 0.9350961538461539 0.18509615384615385 0.02403846153846154 0.02403846153846154
0 0.8942307692307693 0.3509615384615385 0.02403846153846154 0.02403846153846154
0 0.8100961538461539 0.3245192307692308 0.02403846153846154 0.02403846153846154
0 0.826923076923077 0.38461538461538464 0.02403846153846154 0.02403846153846154
0 0.8197115384615385 0.4086538461538462 0.02403846153846154 0.02403846153846154
0 0.826923076923077 0.47355769230769235 0.02403846153846154 0.02403846153846154
0 0.858173076923077 0.5072115384615384 0.02403846153846154 0.02403846153846154
0 0.8990384615384616 0.5168269230769231 0.02403846153846154 0.02403846153846154
0 0.7283653846153847 0.4951923076923077 0.02403846153846154 0.02403846153846154
0 0.9711538461538463 0.7427884615384616 0.02403846153846154 0.02403846153846154
0 0.9326923076923077 0.8990384615384616 0.02403846153846154 0.02403846153846154
0 0.8557692307692308 0.9086538461538463 0.02403846153846154 0.02403846153846154
0 0.8076923076923077 0.8990384615384616 0.02403846153846154 0.02403846153846154
0 0.7259615384615385 0.8798076923076924 0.02403846153846154 0.02403846153846154
0 0.7235576923076924 0.8076923076923077 0.02403846153846154 0.02403846153846154
0 0.6802884615384616 0.7524038461538461 0.02403846153846154 0.02403846153846154
0 0.75 0.6850961538461539 0.02403846153846154 0.02403846153846154
0 0.6442307692307693 0.670673076923077 0.02403846153846154 0.02403846153846154
0 0.6322115384615385 0.6153846153846154 0.02403846153846154 0.02403846153846154
0 0.5240384615384616 0.625 0.02403846153846154 0.02403846153846154
0 0.5793269230769231 0.6033653846153847 0.02403846153846154 0.02403846153846154
0 0.6177884615384616 0.576923076923077 0.02403846153846154 0.02403846153846154
0 0.5360576923076923 0.5384615384615385 0.02403846153846154 0.02403846153846154
0 0.5649038461538461 0.5192307692307693 0.02403846153846154 0.02403846153846154
0 0.5264423076923077 0.43509615384615385 0.02403846153846154 0.02403846153846154
0 0.6009615384615385 0.36778846153846156 0.02403846153846154 0.02403846153846154
0 0.7620192307692308 0.25 0.02403846153846154 0.02403846153846154
0 0.7307692307692308 0.2572115384615385 0.02403846153846154 0.02403846153846154
0 0.6923076923076923 0.2716346153846154 0.02403846153846154 0.02403846153846154
0 0.6875 0.2932692307692308 0.02403846153846154 0.02403846153846154
0 0.28125 0.4903846153846154 0.02403846153846154 0.02403846153846154
0 0.08413461538461539 0.3822115384615385 0.02403846153846154 0.02403846153846154
0 0.09855769230769232 0.4519230769230769 0.02403846153846154 0.02403846153846154
0 0.1778846153846154 0.6201923076923077 0.02403846153846154 0.02403846153846154
0 0.30528846153846156 0.6057692307692308 0.02403846153846154 0.02403846153846154
0 0.3557692307692308 0.6754807692307693 0.02403846153846154 0.02403846153846154
0 0.4495192307692308 0.6971153846153847 0.02403846153846154 0.02403846153846154
0 0.4447115384615385 0.7836538461538461 0.02403846153846154 0.02403846153846154
0 0.5745192307692308 0.7355769230769231 0.02403846153846154 0.02403846153846154
0 0.6225961538461539 0.7091346153846154 0.02403846153846154 0.02403846153846154
0 0.4951923076923077 0.9447115384615385 0.02403846153846154 0.02403846153846154
0 0.3197115384615385 0.9639423076923077 0.02403846153846154 0.02403846153846154
0 0.29086538461538464 0.889423076923077 0.02403846153846154 0.02403846153846154
0 0.18028846153846154 0.764423076923077 0.02403846153846154 0.02403846153846154
0 0.2764423076923077 0.7043269230769231 0.02403846153846154 0.02403846153846154
0 0.08653846153846154 0.6153846153846154 0.02403846153846154 0.02403846153846154
0 0.10336538461538462 0.5048076923076923 0.02403846153846154 0.02403846153846154
0 0.04807692307692308 0.5 0.02403846153846154 0.02403846153846154
0 0.06971153846153846 0.889423076923077 0.02403846153846154 0.02403846153846154
