0 0.7067307692307693 0.9615384615384616 0.02403846153846154 0.02403846153846154
0 0.7860576923076924 0.9302884615384616 0.02403846153846154 0.02403846153846154
0 0.6778846153846154 0.920673076923077 0.02403846153846154 0.02403846153846154
0 0.17548076923076925 0.7524038461538461 0.02403846153846154 0.02403846153846154
0 0.4711538461538462 0.7427884615384616 0.02403846153846154 0.02403846153846154
0 0.9639423076923077 0.7115384615384616 0.02403846153846154 0.02403846153846154
0 0.11298076923076923 0.6730769230769231 0.02403846153846154 0.02403846153846154
0 0.45432692307692313 0.670673076923077 0.02403846153846154 0.02403846153846154
0 0.96875 0.6514423076923077 0.02403846153846154 0.02403846153846154
0 0.2091346153846154 0.608173076923077 0.02403846153846154 0.02403846153846154
0 0.9302884615384616 0.5841346153846154 0.02403846153846154 0.02403846153846154
0 0.2764423076923077 0.5480769230769231 0.02403846153846154 0.02403846153846154
0 0.7908653846153847 0.5336538461538461 0.02403846153846154 0.02403846153846154
0 0.2692307692307693 0.5024038461538461 0.02403846153846154 0.02403846153846154
0 0.22596153846153846 0.5024038461538461 0.02403846153846154 0.02403846153846154
0 0.5264423076923077 0.4951923076923077 0.02403846153846154 0.02403846153846154
0 0.1778846153846154 0.4903846153846154 0.02403846153846154 0.02403846153846154
0 0.8557692307692308 0.4639423076923077 0.02403846153846154 0.02403846153846154
0 0.2884615384615385 0.4639423076923077 0.02403846153846154 0.02403846153846154
0 0.701923076923077 0.4375 0.02403846153846154 0.02403846153846154
0 0.44711538461538464 0.4086538461538462 0.02403846153846154 0.02403846153846154
0 0.4134615384615385 0.39903846153846156 0.02403846153846154 0.02403846153846154
0 0.1514423076923077 0.4014423076923077 0.02403846153846154 0.02403846153846154
0 0.34134615384615385 0.3966346153846154 0.02403846153846154 0.02403846153846154
0 0.8533653846153847 0.37259615384615385 0.02403846153846154 0.02403846153846154
0 0.8990384615384616 0.3653846153846154 0.02403846153846154 0.02403846153846154
0 0.14182692307692307 0.3389423076923077 0.02403846153846154 0.02403846153846154
0 0.8004807692307693 0.3269230769230769 0.02403846153846154 0.02403846153846154
0 0.6153846153846154 0.32211538461538464 0.02403846153846154 0.02403846153846154
0 0.5721153846153847 0.3004807692307693 0.02403846153846154 0.02403846153846154
0 0.9230769230769231 0.19711538461538464 0.02403846153846154 0.02403846153846154
0 0.6009615384615385 0.17307692307692307 0.02403846153846154 0.02403846153846154
0 0.05288461538461539 0.17067307692307693 0.02403846153846154 0.02403846153846154
0 0.90625 0.14423076923076925 0.02403846153846154 0.02403846153846154
0 0.3581730769230769 0.12980769230769232 0.02403846153846154 0.02403846153846154
0 0.19230769230769232 0.10096153846153846 0.02403846153846154 0.02403846153846154
0 0.05048076923076923 0.08413461538461539 0.02403846153846154 0.02403846153846154
0 0.6274038461538461 0.02403846153846154 0.02403846153846154 0.02403846153846154
0 0.08653846153846154 0.2956730769230769 0.02403846153846154 0.02403846153846154
0 0.12980769230769232 0.2644230769230769 0.02403846153846154 0.02403846153846154
0 0.2644230769230769 0.21875 0.02403846153846154 0.02403846153846154
0 0.22355769230769232 0.13461538461538464 0.02403846153846154 0.02403846153846154
0 0.30528846153846156 0.125 0.02403846153846154 0.02403846153846154
0 0.545673076923077 0.13221153846153846 0.02403846153846154 0.02403846153846154
0 0.45432692307692313 0.19230769230769232 0.02403846153846154 0.02403846153846154
0 0.4206730769230769 0.15865384615384617 0.02403846153846154 0.02403846153846154
0 0.6490384615384616 0.16586538461538464 0.02403846153846154 0.02403846153846154
0 0.6826923076923077 0.14423076923076925 0.02403846153846154 0.02403846153846154
0 0.7524038461538461 0.10576923076923078 0.02403846153846154 0.02403846153846154
0 0.7860576923076924 0.17067307692307693 0.02403846153846154 0.02403846153846154
0 0.8533653846153847 0.17067307692307693 0.02403846153846154 0.02403846153846154
0 0.858173076923077 0.12740384615384617 0.02403846153846154 0.02403846153846154
0 0.9399038461538463 0.47836538461538464 0.02403846153846154 0.02403846153846154
0 0.8822115384615385 0.4495192307692308 0.02403846153846154 0.02403846153846154
0 0.7548076923076924 0.4134615384615385 0.02403846153846154 0.02403846153846154
0 0.7211538461538461 0.375 0.02403846153846154 0.02403846153846154
0 0.6586538461538461 0.41586538461538464 0.02403846153846154 0.02403846153846154
0 0.545673076923077 0.5360576923076923 0.02403846153846154 0.02403846153846154
0 0.5408653846153847 0.5817307692307693 0.02403846153846154 0.02403846153846154
0 0.5 0.6129807692307693 0.02403846153846154 0.02403846153846154
0 0.5600961538461539 0.6490384615384616 0.02403846153846154 0.02403846153846154
0 0.8149038461538461 0.5625 0.02403846153846154 0.02403846153846154
0 0.6754807692307693 0.6298076923076923 0.02403846153846154 0.02403846153846154
0 0.795673076923077 0.75 0.02403846153846154 0.02403846153846154
0 0.20673076923076925 0.38461538461538464 0.02403846153846154 0.02403846153846154
0 0.03125 0.8774038461538463 0.02403846153846154 0.02403846153846154
0 0.11778846153846155 0.8028846153846154 0.02403846153846154 0.02403846153846154
0 0.20673076923076925 0.8701923076923077 0.02403846153846154 0.02403846153846154
0 0.13942307692307693 0.9254807692307693 0.02403846153846154 0.02403846153846154
0 0.2692307692307693 0.670673076923077 0.02403846153846154 0.02403846153846154
