0 0.04326923076923077 0.9086538461538463 0.02403846153846154 0.02403846153846154
0 0.701923076923077 0.8028846153846154 0.02403846153846154 0.02403846153846154
0 0.7908653846153847 0.78125 0.02403846153846154 0.02403846153846154
0 0.6586538461538461 0.701923076923077 0.02403846153846154 0.02403846153846154
0 0.08413461538461539 0.4879807692307693 0.02403846153846154 0.02403846153846154
0 0.47836538461538464 0.3822115384615385 0.02403846153846154 0.02403846153846154
0 0.7740384615384616 0.37259615384615385 0.02403846153846154 0.02403846153846154
0 0.41586538461538464 0.3028846153846154 0.02403846153846154 0.02403846153846154
0 0.7572115384615385 0.3004807692307693 0.02403846153846154 0.02403846153846154
0 0.21634615384615385 0.29086538461538464 0.02403846153846154 0.02403846153846154
0 0.5120192307692308 0.23798076923076925 0.02403846153846154 0.02403846153846154
0 0.5793269230769231 0.1778846153846154 0.02403846153846154 0.02403846153846154
0 0.5721153846153847 0.13221153846153846 0.02403846153846154 0.02403846153846154
0 0.5288461538461539 0.13221153846153846 0.02403846153846154 0.02403846153846154
0 0.8293269230769231 0.125 0.02403846153846154 0.02403846153846154
0 0.4807692307692308 0.1201923076923077 0.02403846153846154 0.02403846153846154
0 0.05288461538461539 0.10817307692307693 0.02403846153846154 0.02403846153846154
0 0.5913461538461539 0.09375 0.02403846153846154 0.02403846153846154
0 0.3245192307692308 0.08653846153846154 0.02403846153846154 0.02403846153846154
0 0.75 0.038461538461538464 0.02403846153846154 0.02403846153846154
0 0.7163461538461539 0.028846153846153848 0.02403846153846154 0.02403846153846154
0 0.45432692307692313 0.03125 0.02403846153846154 0.02403846153846154
0 0.6442307692307693 0.026442307692307696 0.02403846153846154 0.02403846153846154
0 0.9615384615384616 0.04567307692307693 0.02403846153846154 0.02403846153846154
0 0.8485576923076924 0.16586538461538464 0.02403846153846154 0.02403846153846154
0 0.84375 0.21153846153846156 0.02403846153846154 0.02403846153846154
0 0.8028846153846154 0.24278846153846156 0.02403846153846154 0.02403846153846154
0 0.8629807692307693 0.27884615384615385 0.02403846153846154 0.02403846153846154
0 0.1201923076923077 0.12980769230769232 0.02403846153846154 0.02403846153846154
0 0.09615384615384616 0.09855769230769232 0.02403846153846154 0.02403846153846154
0 0.021634615384615384 0.3653846153846154 0.02403846153846154 0.02403846153846154
0 0.1201923076923077 0.5408653846153847 0.02403846153846154 0.02403846153846154
0 0.3341346153846154 0.5072115384615384 0.02403846153846154 0.02403846153846154
0 0.4206730769230769 0.4326923076923077 0.02403846153846154 0.02403846153846154
0 0.5096153846153847 0.5 0.02403846153846154 0.02403846153846154
0 0.44230769230769235 0.5552884615384616 0.02403846153846154 0.02403846153846154
0 0.8774038461538463 0.625 0.02403846153846154 0.02403846153846154
0 0.5721153846153847 0.3004807692307693 0.02403846153846154 0.02403846153846154
