0 0.8653846153846154 0.9110576923076924 0.02403846153846154 0.02403846153846154
0 0.19951923076923078 0.8846153846153847 0.02403846153846154 0.02403846153846154
0 0.2716346153846154 0.8605769230769231 0.02403846153846154 0.02403846153846154
0 0.19471153846153846 0.8461538461538463 0.02403846153846154 0.02403846153846154
0 0.28365384615384615 0.8317307692307693 0.02403846153846154 0.02403846153846154
0 0.125 0.8317307692307693 0.02403846153846154 0.02403846153846154
0 0.4182692307692308 0.826923076923077 0.02403846153846154 0.02403846153846154
0 0.32211538461538464 0.8173076923076924 0.02403846153846154 0.02403846153846154
0 0.9278846153846154 0.8100961538461539 0.02403846153846154 0.02403846153846154
0 0.6850961538461539 0.8028846153846154 0.02403846153846154 0.02403846153846154
0 0.7067307692307693 0.7836538461538461 0.02403846153846154 0.02403846153846154
0 0.9543269230769231 0.7740384615384616 0.02403846153846154 0.02403846153846154
0 0.10817307692307693 0.7668269230769231 0.02403846153846154 0.02403846153846154
0 0.2403846153846154 0.71875 0.02403846153846154 0.02403846153846154
0 0.7764423076923077 0.7067307692307693 0.02403846153846154 0.02403846153846154
0 0.9350961538461539 0.6971153846153847 0.02403846153846154 0.02403846153846154
0 0.5336538461538461 0.6971153846153847 0.02403846153846154 0.02403846153846154
0 0.3629807692307693 0.6899038461538461 0.02403846153846154 0.02403846153846154
0 0.9302884615384616 0.639423076923077 0.02403846153846154 0.02403846153846154
0 0.7548076923076924 0.6370192307692308 0.02403846153846154 0.02403846153846154
0 0.22596153846153846 0.6346153846153847 0.02403846153846154 0.02403846153846154
0 0.3581730769230769 0.6274038461538461 0.02403846153846154 0.02403846153846154
0 0.31730769230769235 0.6177884615384616 0.02403846153846154 0.02403846153846154
0 0.4879807692307693 0.5913461538461539 0.02403846153846154 0.02403846153846154
0 0.1826923076923077 0.5697115384615385 0.02403846153846154 0.02403846153846154
0 0.6009615384615385 0.53125 0.02403846153846154 0.02403846153846154
0 0.6730769230769231 0.5264423076923077 0.02403846153846154 0.02403846153846154
0 0.08173076923076923 0.5240384615384616 0.02403846153846154 0.02403846153846154
0 0.37259615384615385 0.5168269230769231 0.02403846153846154 0.02403846153846154
0 0.16105769230769232 0.5120192307692308 0.02403846153846154 0.02403846153846154
0 0.3894230769230769 0.5096153846153847 0.02403846153846154 0.02403846153846154
0 0.8004807692307693 0.5072115384615384 0.02403846153846154 0.02403846153846154
0 0.1201923076923077 0.5024038461538461 0.02403846153846154 0.02403846153846154
0 0.5336538461538461 0.4759615384615385 0.02403846153846154 0.02403846153846154
0 0.4807692307692308 0.4711538461538462 0.02403846153846154 0.02403846153846154
0 0.16105769230769232 0.4591346153846154 0.02403846153846154 0.02403846153846154
0 0.24759615384615385 0.4447115384615385 0.02403846153846154 0.02403846153846154
0 0.27403846153846156 0.4399038461538462 0.02403846153846154 0.02403846153846154
0 0.19711538461538464 0.43509615384615385 0.02403846153846154 0.02403846153846154
0 0.15384615384615385 0.43509615384615385 0.02403846153846154 0.02403846153846154
0 0.17307692307692307 0.4254807692307693 0.02403846153846154 0.02403846153846154
0 0.5528846153846154 0.42307692307692313 0.02403846153846154 0.02403846153846154
0 0.29086538461538464 0.4086538461538462 0.02403846153846154 0.02403846153846154
0 0.31730769230769235 0.3918269230769231 0.02403846153846154 0.02403846153846154
0 0.44230769230769235 0.3774038461538462 0.02403846153846154 0.02403846153846154
0 0.3894230769230769 0.3774038461538462 0.02403846153846154 0.02403846153846154
0 0.3605769230769231 0.375 0.02403846153846154 0.02403846153846154
0 0.8677884615384616 0.3701923076923077 0.02403846153846154 0.02403846153846154
0 0.6971153846153847 0.34615384615384615 0.02403846153846154 0.02403846153846154
0 0.19951923076923078 0.34375 0.02403846153846154 0.02403846153846154
0 0.7884615384615385 0.3245192307692308 0.02403846153846154 0.02403846153846154
0 0.18509615384615385 0.31730769230769235 0.02403846153846154 0.02403846153846154
0 0.71875 0.2932692307692308 0.02403846153846154 0.02403846153846154
0 0.24759615384615385 0.2980769230769231 0.02403846153846154 0.02403846153846154
0 0.05528846153846154 0.28365384615384615 0.02403846153846154 0.02403846153846154
0 0.17307692307692307 0.28365384615384615 0.02403846153846154 0.02403846153846154
0 0.46634615384615385 0.2644230769230769 0.02403846153846154 0.02403846153846154
0 0.1778846153846154 0.25 0.02403846153846154 0.02403846153846154
0 0.5360576923076923 0.24759615384615385 0.02403846153846154 0.02403846153846154
0 0.8629807692307693 0.23798076923076925 0.02403846153846154 0.02403846153846154
0 0.44230769230769235 0.2355769230769231 0.02403846153846154 0.02403846153846154
0 0.46875 0.22355769230769232 0.02403846153846154 0.02403846153846154
0 0.4903846153846154 0.22596153846153846 0.02403846153846154 0.02403846153846154
0 0.2932692307692308 0.22115384615384617 0.02403846153846154 0.02403846153846154
0 0.3293269230769231 0.21875 0.02403846153846154 0.02403846153846154
0 0.9567307692307693 0.21634615384615385 0.02403846153846154 0.02403846153846154
0 0.040865384615384616 0.21634615384615385 0.02403846153846154 0.02403846153846154
0 0.7836538461538461 0.20192307692307693 0.02403846153846154 0.02403846153846154
0 0.8774038461538463 0.1826923076923077 0.02403846153846154 0.02403846153846154
0 0.16346153846153846 0.18028846153846154 0.02403846153846154 0.02403846153846154
0 0.040865384615384616 0.1778846153846154 0.02403846153846154 0.02403846153846154
0 0.2403846153846154 0.17307692307692307 0.02403846153846154 0.02403846153846154
0 0.17548076923076925 0.17067307692307693 0.02403846153846154 0.02403846153846154
0 0.09855769230769232 0.16826923076923078 0.02403846153846154 0.02403846153846154
0 0.028846153846153848 0.1466346153846154 0.02403846153846154 0.02403846153846154
0 0.4399038461538462 0.14182692307692307 0.02403846153846154 0.02403846153846154
0 0.37259615384615385 0.13942307692307693 0.02403846153846154 0.02403846153846154
0 0.1778846153846154 0.12980769230769232 0.02403846153846154 0.02403846153846154
0 0.5120192307692308 0.125 0.02403846153846154 0.02403846153846154
0 0.028846153846153848 0.11778846153846155 0.02403846153846154 0.02403846153846154
0 0.5865384615384616 0.10817307692307693 0.02403846153846154 0.02403846153846154
0 0.21634615384615385 0.10576923076923078 0.02403846153846154 0.02403846153846154
0 0.6009615384615385 0.09615384615384616 0.02403846153846154 0.02403846153846154
0 0.3197115384615385 0.06490384615384616 0.02403846153846154 0.02403846153846154
0 0.08653846153846154 0.06009615384615385 0.02403846153846154 0.02403846153846154
0 0.05288461538461539 0.026442307692307696 0.02403846153846154 0.02403846153846154
0 0.7692307692307693 0.02403846153846154 0.02403846153846154 0.02403846153846154
0 0.9110576923076924 0.06009615384615385 0.02403846153846154 0.02403846153846154
0 0.9495192307692308 0.11057692307692309 0.02403846153846154 0.02403846153846154
0 0.12259615384615385 0.10817307692307693 0.02403846153846154 0.02403846153846154
0 0.11298076923076923 0.09855769230769232 0.02403846153846154 0.02403846153846154
0 0.11538461538461539 0.19951923076923078 0.02403846153846154 0.02403846153846154
0 0.37259615384615385 0.17548076923076925 0.02403846153846154 0.02403846153846154
0 0.3125 0.13942307692307693 0.02403846153846154 0.02403846153846154
0 0.23798076923076925 0.18990384615384617 0.02403846153846154 0.02403846153846154
0 0.25961538461538464 0.17548076923076925 0.02403846153846154 0.02403846153846154
0 0.4182692307692308 0.22115384615384617 0.02403846153846154 0.02403846153846154
0 0.38461538461538464 0.2980769230769231 0.02403846153846154 0.02403846153846154
0 0.4903846153846154 0.28125 0.02403846153846154 0.02403846153846154
0 0.48557692307692313 0.2956730769230769 0.02403846153846154 0.02403846153846154
0 0.5336538461538461 0.33653846153846156 0.02403846153846154 0.02403846153846154
0 0.5288461538461539 0.37980769230769235 0.02403846153846154 0.02403846153846154
0 0.5288461538461539 0.40384615384615385 0.02403846153846154 0.02403846153846154
0 0.6610576923076923 0.2692307692307693 0.02403846153846154 0.02403846153846154
0 0.7163461538461539 0.2139423076923077 0.02403846153846154 0.02403846153846154
0 0.5817307692307693 0.2091346153846154 0.02403846153846154 0.02403846153846154
0 0.5649038461538461 0.15865384615384617 0.02403846153846154 0.02403846153846154
0 0.5552884615384616 0.09855769230769232 0.02403846153846154 0.02403846153846154
0 0.5192307692307693 0.05528846153846154 0.02403846153846154 0.02403846153846154
0 0.6899038461538461 0.10817307692307693 0.02403846153846154 0.02403846153846154
0 0.7980769230769231 0.21634615384615385 0.02403846153846154 0.02403846153846154
0 0.9615384615384616 0.23798076923076925 0.02403846153846154 0.02403846153846154
0 0.9302884615384616 0.21153846153846156 0.02403846153846154 0.02403846153846154
0 0.9086538461538463 0.3317307692307693 0.02403846153846154 0.02403846153846154
0 0.875 0.3028846153846154 0.02403846153846154 0.02403846153846154
0 0.8245192307692308 0.3557692307692308 0.02403846153846154 0.02403846153846154
0 0.889423076923077 0.3894230769230769 0.02403846153846154 0.02403846153846154
0 0.9639423076923077 0.4519230769230769 0.02403846153846154 0.02403846153846154
0 0.8245192307692308 0.4519230769230769 0.02403846153846154 0.02403846153846154
0 0.8990384615384616 0.46875 0.02403846153846154 0.02403846153846154
0 0.9134615384615385 0.4831730769230769 0.02403846153846154 0.02403846153846154
0 0.7908653846153847 0.53125 0.02403846153846154 0.02403846153846154
0 0.75 0.5480769230769231 0.02403846153846154 0.02403846153846154
0 0.7620192307692308 0.53125 0.02403846153846154 0.02403846153846154
0 0.733173076923077 0.3197115384615385 0.02403846153846154 0.02403846153846154
0 0.6995192307692308 0.3918269230769231 0.02403846153846154 0.02403846153846154
0 0.6418269230769231 0.42307692307692313 0.02403846153846154 0.02403846153846154
0 0.6346153846153847 0.4951923076923077 0.02403846153846154 0.02403846153846154
0 0.5889423076923077 0.5889423076923077 0.02403846153846154 0.02403846153846154
0 0.59375 0.6923076923076923 0.02403846153846154 0.02403846153846154
0 0.4567307692307693 0.6466346153846154 0.02403846153846154 0.02403846153846154
0 0.49759615384615385 0.701923076923077 0.02403846153846154 0.02403846153846154
0 0.46153846153846156 0.4831730769230769 0.02403846153846154 0.02403846153846154
0 0.40625 0.5600961538461539 0.02403846153846154 0.02403846153846154
0 0.2884615384615385 0.5576923076923077 0.02403846153846154 0.02403846153846154
0 0.19471153846153846 0.3918269230769231 0.02403846153846154 0.02403846153846154
0 0.19230769230769232 0.37259615384615385 0.02403846153846154 0.02403846153846154
0 0.08653846153846154 0.43509615384615385 0.02403846153846154 0.02403846153846154
0 0.14423076923076925 0.5625 0.02403846153846154 0.02403846153846154
0 0.04807692307692308 0.5913461538461539 0.02403846153846154 0.02403846153846154
0 0.34615384615384615 0.7572115384615385 0.02403846153846154 0.02403846153846154
0 0.05048076923076923 0.826923076923077 0.02403846153846154 0.02403846153846154
0 0.026442307692307696 0.6730769230769231 0.02403846153846154 0.02403846153846154
0 0.3245192307692308 0.9663461538461539 0.02403846153846154 0.02403846153846154
0 0.6778846153846154 0.9134615384615385 0.02403846153846154 0.02403846153846154
0 0.71875 0.826923076923077 0.02403846153846154 0.02403846153846154
0 0.8485576923076924 0.6057692307692308 0.02403846153846154 0.02403846153846154
0 0.8725961538461539 0.7163461538461539 0.02403846153846154 0.02403846153846154
0 0.5985576923076923 0.4375 0.02403846153846154 0.02403846153846154
0 0.6201923076923077 0.4519230769230769 0.02403846153846154 0.02403846153846154
