0 0.8365384615384616 0.9399038461538463 0.02403846153846154 0.02403846153846154
0 0.27884615384615385 0.9278846153846154 0.02403846153846154 0.02403846153846154
0 0.3774038461538462 0.9158653846153847 0.02403846153846154 0.02403846153846154
0 0.826923076923077 0.8774038461538463 0.02403846153846154 0.02403846153846154
0 0.3028846153846154 0.858173076923077 0.02403846153846154 0.02403846153846154
0 0.4807692307692308 0.8485576923076924 0.02403846153846154 0.02403846153846154
0 0.6971153846153847 0.8293269230769231 0.02403846153846154 0.02403846153846154
0 0.3629807692307693 0.8149038461538461 0.02403846153846154 0.02403846153846154
0 0.5817307692307693 0.8100961538461539 0.02403846153846154 0.02403846153846154
0 0.6153846153846154 0.7980769230769231 0.02403846153846154 0.02403846153846154
0 0.6033653846153847 0.71875 0.02403846153846154 0.02403846153846154
0 0.3653846153846154 0.7115384615384616 0.02403846153846154 0.02403846153846154
0 0.7379807692307693 0.7091346153846154 0.02403846153846154 0.02403846153846154
0 0.8774038461538463 0.639423076923077 0.02403846153846154 0.02403846153846154
0 0.7355769230769231 0.6225961538461539 0.02403846153846154 0.02403846153846154
0 0.29086538461538464 0.5745192307692308 0.02403846153846154 0.02403846153846154
0 0.7211538461538461 0.5576923076923077 0.02403846153846154 0.02403846153846154
0 0.09375 0.4951923076923077 0.02403846153846154 0.02403846153846154
0 0.9399038461538463 0.49278846153846156 0.02403846153846154 0.02403846153846154
0 0.5985576923076923 0.4182692307692308 0.02403846153846154 0.02403846153846154
0 0.39903846153846156 0.4086538461538462 0.02403846153846154 0.02403846153846154
0 0.8677884615384616 0.38461538461538464 0.02403846153846154 0.02403846153846154
0 0.71875 0.38461538461538464 0.02403846153846154 0.02403846153846154
0 0.795673076923077 0.37980769230769235 0.02403846153846154 0.02403846153846154
0 0.22596153846153846 0.37980769230769235 0.02403846153846154 0.02403846153846154
0 0.3509615384615385 0.375 0.02403846153846154 0.02403846153846154
0 0.8365384615384616 0.36778846153846156 0.02403846153846154 0.02403846153846154
0 0.31730769230769235 0.3653846153846154 0.02403846153846154 0.02403846153846154
0 0.34615384615384615 0.34615384615384615 0.02403846153846154 0.02403846153846154
0 0.4903846153846154 0.34375 0.02403846153846154 0.02403846153846154
0 0.8052884615384616 0.3293269230769231 0.02403846153846154 0.02403846153846154
0 0.5697115384615385 0.2956730769230769 0.02403846153846154 0.02403846153846154
0 0.7716346153846154 0.2956730769230769 0.02403846153846154 0.02403846153846154
0 0.7211538461538461 0.29086538461538464 0.02403846153846154 0.02403846153846154
0 0.3293269230769231 0.2884615384615385 0.02403846153846154 0.02403846153846154
0 0.9086538461538463 0.2620192307692308 0.02403846153846154 0.02403846153846154
0 0.22355769230769232 0.25961538461538464 0.02403846153846154 0.02403846153846154
0 0.38461538461538464 0.25480769230769235 0.02403846153846154 0.02403846153846154
0 0.9639423076923077 0.21634615384615385 0.02403846153846154 0.02403846153846154
0 0.8245192307692308 0.2091346153846154 0.02403846153846154 0.02403846153846154
0 0.6177884615384616 0.18509615384615385 0.02403846153846154 0.02403846153846154
0 0.8004807692307693 0.17548076923076925 0.02403846153846154 0.02403846153846154
0 0.3341346153846154 0.17307692307692307 0.02403846153846154 0.02403846153846154
0 0.7091346153846154 0.17067307692307693 0.02403846153846154 0.02403846153846154
0 0.889423076923077 0.16346153846153846 0.02403846153846154 0.02403846153846154
0 0.7620192307692308 0.16105769230769232 0.02403846153846154 0.02403846153846154
0 0.9447115384615385 0.14903846153846154 0.02403846153846154 0.02403846153846154
0 0.8822115384615385 0.13221153846153846 0.02403846153846154 0.02403846153846154
0 0.7524038461538461 0.13461538461538464 0.02403846153846154 0.02403846153846154
0 0.9591346153846154 0.1201923076923077 0.02403846153846154 0.02403846153846154
0 0.5360576923076923 0.11057692307692309 0.02403846153846154 0.02403846153846154
0 0.78125 0.10336538461538462 0.02403846153846154 0.02403846153846154
0 0.7524038461538461 0.09855769230769232 0.02403846153846154 0.02403846153846154
0 0.09855769230769232 0.0889423076923077 0.02403846153846154 0.02403846153846154
0 0.4326923076923077 0.08653846153846154 0.02403846153846154 0.02403846153846154
0 0.7692307692307693 0.07692307692307693 0.02403846153846154 0.02403846153846154
0 0.6514423076923077 0.0625 0.02403846153846154 0.02403846153846154
0 0.7403846153846154 0.057692307692307696 0.02403846153846154 0.02403846153846154
0 0.8485576923076924 0.05528846153846154 0.02403846153846154 0.02403846153846154
0 0.026442307692307696 0.057692307692307696 0.02403846153846154 0.02403846153846154
0 0.46875 0.05288461538461539 0.02403846153846154 0.02403846153846154
0 0.31730769230769235 0.028846153846153848 0.02403846153846154 0.02403846153846154
0 0.2716346153846154 0.026442307692307696 0.02403846153846154 0.02403846153846154
0 0.9543269230769231 0.25 0.02403846153846154 0.02403846153846154
0 0.951923076923077 0.1778846153846154 0.02403846153846154 0.02403846153846154
0 0.9086538461538463 0.12259615384615385 0.02403846153846154 0.02403846153846154
0 0.8725961538461539 0.040865384615384616 0.02403846153846154 0.02403846153846154
0 0.5841346153846154 0.04567307692307693 0.02403846153846154 0.02403846153846154
0 0.6778846153846154 0.06730769230769232 0.02403846153846154 0.02403846153846154
0 0.6730769230769231 0.15384615384615385 0.02403846153846154 0.02403846153846154
0 0.8028846153846154 0.10576923076923078 0.02403846153846154 0.02403846153846154
0 0.8509615384615385 0.07932692307692309 0.02403846153846154 0.02403846153846154
0 0.9495192307692308 0.3629807692307693 0.02403846153846154 0.02403846153846154
0 0.7235576923076924 0.31490384615384615 0.02403846153846154 0.02403846153846154
0 0.7379807692307693 0.38461538461538464 0.02403846153846154 0.02403846153846154
0 0.6274038461538461 0.3894230769230769 0.02403846153846154 0.02403846153846154
0 0.5480769230769231 0.3341346153846154 0.02403846153846154 0.02403846153846154
0 0.5192307692307693 0.25961538461538464 0.02403846153846154 0.02403846153846154
0 0.4086538461538462 0.13461538461538464 0.02403846153846154 0.02403846153846154
0 0.5048076923076923 0.07451923076923077 0.02403846153846154 0.02403846153846154
0 0.24759615384615385 0.13221153846153846 0.02403846153846154 0.02403846153846154
0 0.2980769230769231 0.25961538461538464 0.02403846153846154 0.02403846153846154
0 0.05288461538461539 0.06009615384615385 0.02403846153846154 0.02403846153846154
0 0.028846153846153848 0.28605769230769235 0.02403846153846154 0.02403846153846154
0 0.22596153846153846 0.47355769230769235 0.02403846153846154 0.02403846153846154
0 0.1778846153846154 0.47355769230769235 0.02403846153846154 0.02403846153846154
0 0.11538461538461539 0.5072115384615384 0.02403846153846154 0.02403846153846154
0 0.07211538461538462 0.576923076923077 0.02403846153846154 0.02403846153846154
0 0.11538461538461539 0.5865384615384616 0.02403846153846154 0.02403846153846154
0 0.21634615384615385 0.5841346153846154 0.02403846153846154 0.02403846153846154
0 0.2091346153846154 0.6322115384615385 0.02403846153846154 0.02403846153846154
0 0.2980769230769231 0.6682692307692308 0.02403846153846154 0.02403846153846154
0 0.4567307692307693 0.48557692307692313 0.02403846153846154 0.02403846153846154
0 0.5528846153846154 0.6153846153846154 0.02403846153846154 0.02403846153846154
0 0.6514423076923077 0.6105769230769231 0.02403846153846154 0.02403846153846154
0 0.5072115384615384 0.6730769230769231 0.02403846153846154 0.02403846153846154
0 0.46875 0.7307692307692308 0.02403846153846154 0.02403846153846154
0 0.5865384615384616 0.7788461538461539 0.02403846153846154 0.02403846153846154
0 0.6538461538461539 0.7572115384615385 0.02403846153846154 0.02403846153846154
0 0.7716346153846154 0.8341346153846154 0.02403846153846154 0.02403846153846154
0 0.8149038461538461 0.8028846153846154 0.02403846153846154 0.02403846153846154
0 0.9495192307692308 0.7572115384615385 0.02403846153846154 0.02403846153846154
0 0.8076923076923077 0.5240384615384616 0.02403846153846154 0.02403846153846154
0 0.9086538461538463 0.6730769230769231 0.02403846153846154 0.02403846153846154
0 0.8918269230769231 0.9230769230769231 0.02403846153846154 0.02403846153846154
0 0.21634615384615385 0.9399038461538463 0.02403846153846154 0.02403846153846154
0 0.3197115384615385 0.8485576923076924 0.02403846153846154 0.02403846153846154
