0 0.9086538461538463 0.9471153846153847 0.02403846153846154 0.02403846153846154
0 0.47355769230769235 0.9423076923076924 0.02403846153846154 0.02403846153846154
0 0.27403846153846156 0.9326923076923077 0.02403846153846154 0.02403846153846154
0 0.7427884615384616 0.9086538461538463 0.02403846153846154 0.02403846153846154
0 0.59375 0.9086538461538463 0.02403846153846154 0.02403846153846154
0 0.670673076923077 0.9038461538461539 0.02403846153846154 0.02403846153846154
0 0.10096153846153846 0.9038461538461539 0.02403846153846154 0.02403846153846154
0 0.22596153846153846 0.8990384615384616 0.02403846153846154 0.02403846153846154
0 0.7115384615384616 0.8918269230769231 0.02403846153846154 0.02403846153846154
0 0.19230769230769232 0.889423076923077 0.02403846153846154 0.02403846153846154
0 0.22115384615384617 0.8701923076923077 0.02403846153846154 0.02403846153846154
0 0.3653846153846154 0.8677884615384616 0.02403846153846154 0.02403846153846154
0 0.6802884615384616 0.8533653846153847 0.02403846153846154 0.02403846153846154
0 0.4447115384615385 0.8197115384615385 0.02403846153846154 0.02403846153846154
0 0.6466346153846154 0.8197115384615385 0.02403846153846154 0.02403846153846154
0 0.5961538461538461 0.8149038461538461 0.02403846153846154 0.02403846153846154
0 0.2043269230769231 0.8125 0.02403846153846154 0.02403846153846154
0 0.7836538461538461 0.7860576923076924 0.02403846153846154 0.02403846153846154
0 0.09855769230769232 0.7836538461538461 0.02403846153846154 0.02403846153846154
0 0.25961538461538464 0.7788461538461539 0.02403846153846154 0.02403846153846154
0 0.8389423076923077 0.7403846153846154 0.02403846153846154 0.02403846153846154
0 0.9134615384615385 0.7355769230769231 0.02403846153846154 0.02403846153846154
0 0.6995192307692308 0.733173076923077 0.02403846153846154 0.02403846153846154
0 0.49278846153846156 0.7091346153846154 0.02403846153846154 0.02403846153846154
0 0.6754807692307693 0.6995192307692308 0.02403846153846154 0.02403846153846154
0 0.2091346153846154 0.6971153846153847 0.02403846153846154 0.02403846153846154
0 0.5841346153846154 0.6947115384615385 0.02403846153846154 0.02403846153846154
0 0.764423076923077 0.6875 0.02403846153846154 0.02403846153846154
0 0.6370192307692308 0.6850961538461539 0.02403846153846154 0.02403846153846154
0 0.8197115384615385 0.6730769230769231 0.02403846153846154 0.02403846153846154
0 0.7572115384615385 0.65625 0.02403846153846154 0.02403846153846154
0 0.6274038461538461 0.6586538461538461 0.02403846153846154 0.02403846153846154
0 0.8341346153846154 0.6442307692307693 0.02403846153846154 0.02403846153846154
0 0.41105769230769235 0.6346153846153847 0.02403846153846154 0.02403846153846154
0 0.65625 0.6274038461538461 0.02403846153846154 0.02403846153846154
0 0.6274038461538461 0.6225961538461539 0.02403846153846154 0.02403846153846154
0 0.3076923076923077 0.6105769230769231 0.02403846153846154 0.02403846153846154
0 0.6442307692307693 0.6009615384615385 0.02403846153846154 0.02403846153846154
0 0.5264423076923077 0.5865384615384616 0.02403846153846154 0.02403846153846154
0 0.6153846153846154 0.5817307692307693 0.02403846153846154 0.02403846153846154
0 0.7235576923076924 0.5793269230769231 0.02403846153846154 0.02403846153846154
0 0.34375 0.576923076923077 0.02403846153846154 0.02403846153846154
0 0.9302884615384616 0.5817307692307693 0.02403846153846154 0.02403846153846154
0 0.19230769230769232 0.5528846153846154 0.02403846153846154 0.02403846153846154
0 0.1466346153846154 0.5504807692307693 0.02403846153846154 0.02403846153846154
0 0.4254807692307693 0.5240384615384616 0.02403846153846154 0.02403846153846154
0 0.25240384615384615 0.5072115384615384 0.02403846153846154 0.02403846153846154
0 0.78125 0.47836538461538464 0.02403846153846154 0.02403846153846154
0 0.3966346153846154 0.46634615384615385 0.02403846153846154 0.02403846153846154
0 0.13701923076923078 0.46634615384615385 0.02403846153846154 0.02403846153846154
0 0.15865384615384617 0.4639423076923077 0.02403846153846154 0.02403846153846154
0 0.04807692307692308 0.4639423076923077 0.02403846153846154 0.02403846153846154
0 0.5264423076923077 0.4495192307692308 0.02403846153846154 0.02403846153846154
0 0.08173076923076923 0.4567307692307693 0.02403846153846154 0.02403846153846154
0 0.75 0.4447115384615385 0.02403846153846154 0.02403846153846154
0 0.9543269230769231 0.4399038461538462 0.02403846153846154 0.02403846153846154
0 0.5745192307692308 0.44230769230769235 0.02403846153846154 0.02403846153846154
0 0.04326923076923077 0.4326923076923077 0.02403846153846154 0.02403846153846154
0 0.8918269230769231 0.4326923076923077 0.02403846153846154 0.02403846153846154
0 0.5600961538461539 0.42307692307692313 0.02403846153846154 0.02403846153846154
0 0.11538461538461539 0.42307692307692313 0.02403846153846154 0.02403846153846154
0 0.34134615384615385 0.4182692307692308 0.02403846153846154 0.02403846153846154
0 0.53125 0.4134615384615385 0.02403846153846154 0.02403846153846154
0 0.14423076923076925 0.4134615384615385 0.02403846153846154 0.02403846153846154
0 0.3293269230769231 0.375 0.02403846153846154 0.02403846153846154
0 0.04326923076923077 0.36778846153846156 0.02403846153846154 0.02403846153846154
0 0.5817307692307693 0.3653846153846154 0.02403846153846154 0.02403846153846154
0 0.13221153846153846 0.34615384615384615 0.02403846153846154 0.02403846153846154
0 0.8389423076923077 0.3389423076923077 0.02403846153846154 0.02403846153846154
0 0.6538461538461539 0.3125 0.02403846153846154 0.02403846153846154
0 0.5432692307692308 0.31490384615384615 0.02403846153846154 0.02403846153846154
0 0.59375 0.3125 0.02403846153846154 0.02403846153846154
0 0.9567307692307693 0.2956730769230769 0.02403846153846154 0.02403846153846154
0 0.8870192307692308 0.2956730769230769 0.02403846153846154 0.02403846153846154
0 0.8245192307692308 0.28365384615384615 0.02403846153846154 0.02403846153846154
0 0.04807692307692308 0.28125 0.02403846153846154 0.02403846153846154
0 0.5697115384615385 0.2764423076923077 0.02403846153846154 0.02403846153846154
0 0.3774038461538462 0.25480769230769235 0.02403846153846154 0.02403846153846154
0 0.46153846153846156 0.25240384615384615 0.02403846153846154 0.02403846153846154
0 0.47836538461538464 0.23798076923076925 0.02403846153846154 0.02403846153846154
0 0.38461538461538464 0.23798076923076925 0.02403846153846154 0.02403846153846154
0 0.40625 0.2355769230769231 0.02403846153846154 0.02403846153846154
0 0.5288461538461539 0.22115384615384617 0.02403846153846154 0.02403846153846154
0 0.889423076923077 0.21634615384615385 0.02403846153846154 0.02403846153846154
0 0.6274038461538461 0.21634615384615385 0.02403846153846154 0.02403846153846154
0 0.5697115384615385 0.22355769230769232 0.02403846153846154 0.02403846153846154
0 0.6514423076923077 0.20673076923076925 0.02403846153846154 0.02403846153846154
0 0.5168269230769231 0.20673076923076925 0.02403846153846154 0.02403846153846154
0 0.11538461538461539 0.20192307692307693 0.02403846153846154 0.02403846153846154
0 0.9399038461538463 0.19951923076923078 0.02403846153846154 0.02403846153846154
0 0.5432692307692308 0.1875 0.02403846153846154 0.02403846153846154
0 0.875 0.1826923076923077 0.02403846153846154 0.02403846153846154
0 0.6418269230769231 0.18509615384615385 0.02403846153846154 0.02403846153846154
0 0.20192307692307693 0.1826923076923077 0.02403846153846154 0.02403846153846154
0 0.5072115384615384 0.1778846153846154 0.02403846153846154 0.02403846153846154
0 0.8653846153846154 0.17307692307692307 0.02403846153846154 0.02403846153846154
0 0.576923076923077 0.1778846153846154 0.02403846153846154 0.02403846153846154
0 0.13942307692307693 0.17067307692307693 0.02403846153846154 0.02403846153846154
0 0.4014423076923077 0.16826923076923078 0.02403846153846154 0.02403846153846154
0 0.8990384615384616 0.15384615384615385 0.02403846153846154 0.02403846153846154
0 0.07211538461538462 0.13461538461538464 0.02403846153846154 0.02403846153846154
0 0.48557692307692313 0.12980769230769232 0.02403846153846154 0.02403846153846154
0 0.25 0.12980769230769232 0.02403846153846154 0.02403846153846154
0 0.5336538461538461 0.125 0.02403846153846154 0.02403846153846154
0 0.5528846153846154 0.12259615384615385 0.02403846153846154 0.02403846153846154
0 0.17548076923076925 0.12259615384615385 0.02403846153846154 0.02403846153846154
0 0.8557692307692308 0.11538461538461539 0.02403846153846154 0.02403846153846154
0 0.3653846153846154 0.11298076923076923 0.02403846153846154 0.02403846153846154
0 0.09134615384615385 0.09615384615384616 0.02403846153846154 0.02403846153846154
0 0.8533653846153847 0.09375 0.02403846153846154 0.02403846153846154
0 0.8701923076923077 0.07932692307692309 0.02403846153846154 0.02403846153846154
0 0.8365384615384616 0.07451923076923077 0.02403846153846154 0.02403846153846154
0 0.5384615384615385 0.07692307692307693 0.02403846153846154 0.02403846153846154
0 0.3894230769230769 0.06971153846153846 0.02403846153846154 0.02403846153846154
0 0.764423076923077 0.05528846153846154 0.02403846153846154 0.02403846153846154
0 0.2451923076923077 0.04567307692307693 0.02403846153846154 0.02403846153846154
0 0.96875 0.04807692307692308 0.02403846153846154 0.02403846153846154
0 0.29086538461538464 0.05528846153846154 0.02403846153846154 0.02403846153846154
0 0.46634615384615385 0.06009615384615385 0.02403846153846154 0.02403846153846154
0 0.41105769230769235 0.11298076923076923 0.02403846153846154 0.02403846153846154
0 0.34375 0.18509615384615385 0.02403846153846154 0.02403846153846154
0 0.31730769230769235 0.24759615384615385 0.02403846153846154 0.02403846153846154
0 0.3894230769230769 0.2764423076923077 0.02403846153846154 0.02403846153846154
0 0.3822115384615385 0.2884615384615385 0.02403846153846154 0.02403846153846154
0 0.41586538461538464 0.27884615384615385 0.02403846153846154 0.02403846153846154
0 0.49278846153846156 0.28365384615384615 0.02403846153846154 0.02403846153846154
0 0.6634615384615385 0.18028846153846154 0.02403846153846154 0.02403846153846154
0 0.6730769230769231 0.14423076923076925 0.02403846153846154 0.02403846153846154
0 0.6947115384615385 0.10817307692307693 0.02403846153846154 0.02403846153846154
0 0.7355769230769231 0.07932692307692309 0.02403846153846154 0.02403846153846154
0 0.7115384615384616 0.05288461538461539 0.02403846153846154 0.02403846153846154
0 0.6009615384615385 0.040865384615384616 0.02403846153846154 0.02403846153846154
0 0.8052884615384616 0.03365384615384616 0.02403846153846154 0.02403846153846154
0 0.9134615384615385 0.21875 0.02403846153846154 0.02403846153846154
0 0.9302884615384616 0.27884615384615385 0.02403846153846154 0.02403846153846154
0 0.9230769230769231 0.3028846153846154 0.02403846153846154 0.02403846153846154
0 0.9302884615384616 0.36778846153846156 0.02403846153846154 0.02403846153846154
0 0.9615384615384616 0.4014423076923077 0.02403846153846154 0.02403846153846154
0 0.8317307692307693 0.3894230769230769 0.02403846153846154 0.02403846153846154
0 0.9591346153846154 0.8028846153846154 0.02403846153846154 0.02403846153846154
0 0.9110576923076924 0.7932692307692308 0.02403846153846154 0.02403846153846154
0 0.8293269230769231 0.7740384615384616 0.02403846153846154 0.02403846153846154
0 0.826923076923077 0.701923076923077 0.02403846153846154 0.02403846153846154
0 0.7836538461538461 0.6466346153846154 0.02403846153846154 0.02403846153846154
0 0.8533653846153847 0.5793269230769231 0.02403846153846154 0.02403846153846154
0 0.7475961538461539 0.5649038461538461 0.02403846153846154 0.02403846153846154
0 0.7355769230769231 0.5096153846153847 0.02403846153846154 0.02403846153846154
0 0.6274038461538461 0.5192307692307693 0.02403846153846154 0.02403846153846154
0 0.6826923076923077 0.49759615384615385 0.02403846153846154 0.02403846153846154
0 0.7211538461538461 0.4711538461538462 0.02403846153846154 0.02403846153846154
0 0.639423076923077 0.4326923076923077 0.02403846153846154 0.02403846153846154
0 0.6682692307692308 0.4134615384615385 0.02403846153846154 0.02403846153846154
0 0.6298076923076923 0.3293269230769231 0.02403846153846154 0.02403846153846154
0 0.7043269230769231 0.2620192307692308 0.02403846153846154 0.02403846153846154
0 0.8653846153846154 0.14423076923076925 0.02403846153846154 0.02403846153846154
0 0.8341346153846154 0.1514423076923077 0.02403846153846154 0.02403846153846154
0 0.795673076923077 0.16586538461538464 0.02403846153846154 0.02403846153846154
0 0.7908653846153847 0.1875 0.02403846153846154 0.02403846153846154
0 0.38461538461538464 0.38461538461538464 0.02403846153846154 0.02403846153846154
0 0.1875 0.2764423076923077 0.02403846153846154 0.02403846153846154
0 0.20192307692307693 0.34615384615384615 0.02403846153846154 0.02403846153846154
0 0.28125 0.514423076923077 0.02403846153846154 0.02403846153846154
0 0.4086538461538462 0.5 0.02403846153846154 0.02403846153846154
0 0.4591346153846154 0.5697115384615385 0.02403846153846154 0.02403846153846154
0 0.5528846153846154 0.5913461538461539 0.02403846153846154 0.02403846153846154
0 0.5480769230769231 0.6778846153846154 0.02403846153846154 0.02403846153846154
0 0.6778846153846154 0.6298076923076923 0.02403846153846154 0.02403846153846154
0 0.7259615384615385 0.6033653846153847 0.02403846153846154 0.02403846153846154
0 0.8245192307692308 0.8870192307692308 0.02403846153846154 0.02403846153846154
0 0.5985576923076923 0.8389423076923077 0.02403846153846154 0.02403846153846154
0 0.6129807692307693 0.9086538461538463 0.02403846153846154 0.02403846153846154
0 0.5024038461538461 0.9134615384615385 0.02403846153846154 0.02403846153846154
0 0.42307692307692313 0.858173076923077 0.02403846153846154 0.02403846153846154
0 0.3942307692307693 0.7836538461538461 0.02403846153846154 0.02403846153846154
0 0.28365384615384615 0.6586538461538461 0.02403846153846154 0.02403846153846154
0 0.37980769230769235 0.5985576923076923 0.02403846153846154 0.02403846153846154
0 0.18990384615384617 0.5096153846153847 0.02403846153846154 0.02403846153846154
0 0.20673076923076925 0.39903846153846156 0.02403846153846154 0.02403846153846154
0 0.1514423076923077 0.3942307692307693 0.02403846153846154 0.02403846153846154
0 0.057692307692307696 0.5240384615384616 0.02403846153846154 0.02403846153846154
0 0.07451923076923077 0.49278846153846156 0.02403846153846154 0.02403846153846154
0 0.12259615384615385 0.65625 0.02403846153846154 0.02403846153846154
0 0.17307692307692307 0.7836538461538461 0.02403846153846154 0.02403846153846154
0 0.06971153846153846 0.28365384615384615 0.02403846153846154 0.02403846153846154
0 0.040865384615384616 0.3942307692307693 0.02403846153846154 0.02403846153846154
