0 0.5168269230769231 0.9711538461538463 0.02403846153846154 0.02403846153846154
0 0.9086538461538463 0.9663461538461539 0.02403846153846154 0.02403846153846154
0 0.6490384615384616 0.920673076923077 0.02403846153846154 0.02403846153846154
0 0.05048076923076923 0.8629807692307693 0.02403846153846154 0.02403846153846154
0 0.8245192307692308 0.858173076923077 0.02403846153846154 0.02403846153846154
0 0.3557692307692308 0.8461538461538463 0.02403846153846154 0.02403846153846154
0 0.9038461538461539 0.7836538461538461 0.02403846153846154 0.02403846153846154
0 0.8629807692307693 0.7572115384615385 0.02403846153846154 0.02403846153846154
0 0.028846153846153848 0.7548076923076924 0.02403846153846154 0.02403846153846154
0 0.3004807692307693 0.7524038461538461 0.02403846153846154 0.02403846153846154
0 0.9158653846153847 0.7403846153846154 0.02403846153846154 0.02403846153846154
0 0.5096153846153847 0.7379807692307693 0.02403846153846154 0.02403846153846154
0 0.4759615384615385 0.7379807692307693 0.02403846153846154 0.02403846153846154
0 0.3774038461538462 0.7379807692307693 0.02403846153846154 0.02403846153846154
0 0.5216346153846154 0.7259615384615385 0.02403846153846154 0.02403846153846154
0 0.6634615384615385 0.71875 0.02403846153846154 0.02403846153846154
0 0.7788461538461539 0.6754807692307693 0.02403846153846154 0.02403846153846154
0 0.25 0.6490384615384616 0.02403846153846154 0.02403846153846154
0 0.5793269230769231 0.6298076923076923 0.02403846153846154 0.02403846153846154
0 0.4254807692307693 0.576923076923077 0.02403846153846154 0.02403846153846154
0 0.5120192307692308 0.5576923076923077 0.02403846153846154 0.02403846153846154
0 0.8774038461538463 0.5552884615384616 0.02403846153846154 0.02403846153846154
0 0.9038461538461539 0.5240384615384616 0.02403846153846154 0.02403846153846154
0 0.06009615384615385 0.5192307692307693 0.02403846153846154 0.02403846153846154
0 0.9134615384615385 0.5024038461538461 0.02403846153846154 0.02403846153846154
0 0.3197115384615385 0.5096153846153847 0.02403846153846154 0.02403846153846154
0 0.7259615384615385 0.4879807692307693 0.02403846153846154 0.02403846153846154
0 0.8076923076923077 0.46634615384615385 0.02403846153846154 0.02403846153846154
0 0.1778846153846154 0.46153846153846156 0.02403846153846154 0.02403846153846154
0 0.0889423076923077 0.46153846153846156 0.02403846153846154 0.02403846153846154
0 0.25240384615384615 0.4519230769230769 0.02403846153846154 0.02403846153846154
0 0.8509615384615385 0.4254807692307693 0.02403846153846154 0.02403846153846154
0 0.6129807692307693 0.41586538461538464 0.02403846153846154 0.02403846153846154
0 0.5913461538461539 0.4086538461538462 0.02403846153846154 0.02403846153846154
0 0.40384615384615385 0.40625 0.02403846153846154 0.02403846153846154
0 0.6850961538461539 0.3966346153846154 0.02403846153846154 0.02403846153846154
0 0.5913461538461539 0.3870192307692308 0.02403846153846154 0.02403846153846154
0 0.7596153846153847 0.3605769230769231 0.02403846153846154 0.02403846153846154
0 0.5 0.3581730769230769 0.02403846153846154 0.02403846153846154
0 0.06730769230769232 0.3581730769230769 0.02403846153846154 0.02403846153846154
0 0.09134615384615385 0.35336538461538464 0.02403846153846154 0.02403846153846154
0 0.4639423076923077 0.3004807692307693 0.02403846153846154 0.02403846153846154
0 0.5336538461538461 0.22596153846153846 0.02403846153846154 0.02403846153846154
0 0.22596153846153846 0.19230769230769232 0.02403846153846154 0.02403846153846154
0 0.28605769230769235 0.17307692307692307 0.02403846153846154 0.02403846153846154
0 0.6322115384615385 0.17067307692307693 0.02403846153846154 0.02403846153846154
0 0.3870192307692308 0.09134615384615385 0.02403846153846154 0.02403846153846154
0 0.6923076923076923 0.07211538461538462 0.02403846153846154 0.02403846153846154
0 0.1514423076923077 0.06730769230769232 0.02403846153846154 0.02403846153846154
0 0.7620192307692308 0.7764423076923077 0.02403846153846154 0.02403846153846154
0 0.8461538461538463 0.7908653846153847 0.02403846153846154 0.02403846153846154
0 0.8341346153846154 0.8245192307692308 0.02403846153846154 0.02403846153846154
0 0.8293269230769231 0.6322115384615385 0.02403846153846154 0.02403846153846154
0 0.8076923076923077 0.5528846153846154 0.02403846153846154 0.02403846153846154
0 0.7572115384615385 0.5384615384615385 0.02403846153846154 0.02403846153846154
0 0.7836538461538461 0.39903846153846156 0.02403846153846154 0.02403846153846154
0 0.6899038461538461 0.4278846153846154 0.02403846153846154 0.02403846153846154
0 0.6346153846153847 0.31490384615384615 0.02403846153846154 0.02403846153846154
0 0.9711538461538463 0.5360576923076923 0.02403846153846154 0.02403846153846154
0 0.9134615384615385 0.12980769230769232 0.02403846153846154 0.02403846153846154
0 0.858173076923077 0.2091346153846154 0.02403846153846154 0.02403846153846154
0 0.8341346153846154 0.25 0.02403846153846154 0.02403846153846154
0 0.2139423076923077 0.7427884615384616 0.02403846153846154 0.02403846153846154
0 0.026442307692307696 0.7932692307692308 0.02403846153846154 0.02403846153846154
0 0.3894230769230769 0.8413461538461539 0.02403846153846154 0.02403846153846154
0 0.6610576923076923 0.8990384615384616 0.02403846153846154 0.02403846153846154
0 0.670673076923077 0.9639423076923077 0.02403846153846154 0.02403846153846154
0 0.5793269230769231 0.9471153846153847 0.02403846153846154 0.02403846153846154
0 0.5024038461538461 0.9350961538461539 0.02403846153846154 0.02403846153846154
0 0.75 0.040865384615384616 0.02403846153846154 0.02403846153846154
0 0.7620192307692308 0.15625 0.02403846153846154 0.02403846153846154
0 0.46875 0.1778846153846154 0.02403846153846154 0.02403846153846154
0 0.34615384615384615 0.3629807692307693 0.02403846153846154 0.02403846153846154
0 0.3028846153846154 0.39903846153846156 0.02403846153846154 0.02403846153846154
0 0.16105769230769232 0.5072115384615384 0.02403846153846154 0.02403846153846154
0 0.08653846153846154 0.4807692307692308 0.02403846153846154 0.02403846153846154
0 0.09375 0.8990384615384616 0.02403846153846154 0.02403846153846154
0 0.13701923076923078 0.8774038461538463 0.02403846153846154 0.02403846153846154
0 0.16346153846153846 0.9375 0.02403846153846154 0.02403846153846154
0 0.07451923076923077 0.06490384615384616 0.02403846153846154 0.02403846153846154
0 0.12740384615384617 0.25961538461538464 0.02403846153846154 0.02403846153846154
