0 0.7139423076923077 0.9639423076923077 0.02403846153846154 0.02403846153846154
0 0.8557692307692308 0.9567307692307693 0.02403846153846154 0.02403846153846154
0 0.9711538461538463 0.9134615384615385 0.02403846153846154 0.02403846153846154
0 0.44230769230769235 0.8870192307692308 0.02403846153846154 0.02403846153846154
0 0.7716346153846154 0.8677884615384616 0.02403846153846154 0.02403846153846154
0 0.6177884615384616 0.8149038461538461 0.02403846153846154 0.02403846153846154
0 0.7043269230769231 0.795673076923077 0.02403846153846154 0.02403846153846154
0 0.25240384615384615 0.7572115384615385 0.02403846153846154 0.02403846153846154
0 0.5120192307692308 0.7475961538461539 0.02403846153846154 0.02403846153846154
0 0.9182692307692308 0.7259615384615385 0.02403846153846154 0.02403846153846154
0 0.09375 0.7043269230769231 0.02403846153846154 0.02403846153846154
0 0.3701923076923077 0.6995192307692308 0.02403846153846154 0.02403846153846154
0 0.28125 0.6995192307692308 0.02403846153846154 0.02403846153846154
0 0.4447115384615385 0.6899038461538461 0.02403846153846154 0.02403846153846154
0 0.03605769230769231 0.6802884615384616 0.02403846153846154 0.02403846153846154
0 0.8052884615384616 0.6538461538461539 0.02403846153846154 0.02403846153846154
0 0.7836538461538461 0.6466346153846154 0.02403846153846154 0.02403846153846154
0 0.5961538461538461 0.6442307692307693 0.02403846153846154 0.02403846153846154
0 0.8774038461538463 0.6346153846153847 0.02403846153846154 0.02403846153846154
0 0.7836538461538461 0.625 0.02403846153846154 0.02403846153846154
0 0.20673076923076925 0.6177884615384616 0.02403846153846154 0.02403846153846154
0 0.951923076923077 0.5985576923076923 0.02403846153846154 0.02403846153846154
0 0.6923076923076923 0.5961538461538461 0.02403846153846154 0.02403846153846154
0 0.25961538461538464 0.5961538461538461 0.02403846153846154 0.02403846153846154
0 0.28365384615384615 0.5913461538461539 0.02403846153846154 0.02403846153846154
0 0.65625 0.5384615384615385 0.02403846153846154 0.02403846153846154
0 0.7259615384615385 0.4639423076923077 0.02403846153846154 0.02403846153846154
0 0.4182692307692308 0.43028846153846156 0.02403846153846154 0.02403846153846154
0 0.47836538461538464 0.41105769230769235 0.02403846153846154 0.02403846153846154
0 0.8245192307692308 0.4086538461538462 0.02403846153846154 0.02403846153846154
0 0.03605769230769231 0.40384615384615385 0.02403846153846154 0.02403846153846154
0 0.08413461538461539 0.3629807692307693 0.02403846153846154 0.02403846153846154
0 0.5793269230769231 0.3293269230769231 0.02403846153846154 0.02403846153846154
0 0.8846153846153847 0.31009615384615385 0.02403846153846154 0.02403846153846154
0 0.34375 0.30528846153846156 0.02403846153846154 0.02403846153846154
0 0.12740384615384617 0.3004807692307693 0.02403846153846154 0.02403846153846154
0 0.25961538461538464 0.25480769230769235 0.02403846153846154 0.02403846153846154
0 0.7716346153846154 0.24278846153846156 0.02403846153846154 0.02403846153846154
0 0.28365384615384615 0.22596153846153846 0.02403846153846154 0.02403846153846154
0 0.7211538461538461 0.21875 0.02403846153846154 0.02403846153846154
0 0.057692307692307696 0.16826923076923078 0.02403846153846154 0.02403846153846154
0 0.7524038461538461 0.13461538461538464 0.02403846153846154 0.02403846153846154
0 0.39903846153846156 0.13461538461538464 0.02403846153846154 0.02403846153846154
0 0.5721153846153847 0.12740384615384617 0.02403846153846154 0.02403846153846154
0 0.28365384615384615 0.1201923076923077 0.02403846153846154 0.02403846153846154
0 0.12980769230769232 0.1201923076923077 0.02403846153846154 0.02403846153846154
0 0.8870192307692308 0.09375 0.02403846153846154 0.02403846153846154
0 0.8990384615384616 0.07451923076923077 0.02403846153846154 0.02403846153846154
0 0.5120192307692308 0.06971153846153846 0.02403846153846154 0.02403846153846154
0 0.2716346153846154 0.04326923076923077 0.02403846153846154 0.02403846153846154
0 0.11778846153846155 0.02403846153846154 0.02403846153846154 0.02403846153846154
0 0.9495192307692308 0.7764423076923077 0.02403846153846154 0.02403846153846154
0 0.8822115384615385 0.6658653846153847 0.02403846153846154 0.02403846153846154
0 0.826923076923077 0.5528846153846154 0.02403846153846154 0.02403846153846154
0 0.21153846153846156 0.03365384615384616 0.02403846153846154 0.02403846153846154
0 0.2980769230769231 0.026442307692307696 0.02403846153846154 0.02403846153846154
0 0.9423076923076924 0.27884615384615385 0.02403846153846154 0.02403846153846154
0 0.9543269230769231 0.3942307692307693 0.02403846153846154 0.02403846153846154
0 0.6610576923076923 0.41586538461538464 0.02403846153846154 0.02403846153846154
0 0.5384615384615385 0.6009615384615385 0.02403846153846154 0.02403846153846154
0 0.4951923076923077 0.6370192307692308 0.02403846153846154 0.02403846153846154
0 0.35336538461538464 0.7451923076923077 0.02403846153846154 0.02403846153846154
0 0.27884615384615385 0.71875 0.02403846153846154 0.02403846153846154
0 0.08653846153846154 0.7788461538461539 0.02403846153846154 0.02403846153846154
0 0.07451923076923077 0.8028846153846154 0.02403846153846154 0.02403846153846154
0 0.18509615384615385 0.5504807692307693 0.02403846153846154 0.02403846153846154
0 0.10096153846153846 0.6586538461538461 0.02403846153846154 0.02403846153846154
0 0.12259615384615385 0.3918269230769231 0.02403846153846154 0.02403846153846154
0 0.2668269230769231 0.3028846153846154 0.02403846153846154 0.02403846153846154
0 0.3197115384615385 0.49759615384615385 0.02403846153846154 0.02403846153846154
0 0.13221153846153846 0.15384615384615385 0.02403846153846154 0.02403846153846154
