0 0.545673076923077 0.951923076923077 0.02403846153846154 0.02403846153846154
0 0.3822115384615385 0.9471153846153847 0.02403846153846154 0.02403846153846154
0 0.6033653846153847 0.8557692307692308 0.02403846153846154 0.02403846153846154
0 0.96875 0.8461538461538463 0.02403846153846154 0.02403846153846154
0 0.8653846153846154 0.7716346153846154 0.02403846153846154 0.02403846153846154
0 0.764423076923077 0.7620192307692308 0.02403846153846154 0.02403846153846154
0 0.9182692307692308 0.7451923076923077 0.02403846153846154 0.02403846153846154
0 0.9350961538461539 0.7403846153846154 0.02403846153846154 0.02403846153846154
0 0.09855769230769232 0.7211538461538461 0.02403846153846154 0.02403846153846154
0 0.7403846153846154 0.6923076923076923 0.02403846153846154 0.02403846153846154
0 0.41586538461538464 0.6490384615384616 0.02403846153846154 0.02403846153846154
0 0.6201923076923077 0.5865384615384616 0.02403846153846154 0.02403846153846154
0 0.8822115384615385 0.5817307692307693 0.02403846153846154 0.02403846153846154
0 0.6586538461538461 0.4807692307692308 0.02403846153846154 0.02403846153846154
0 0.46153846153846156 0.46634615384615385 0.02403846153846154 0.02403846153846154
0 0.46153846153846156 0.4326923076923077 0.02403846153846154 0.02403846153846154
0 0.3918269230769231 0.39903846153846156 0.02403846153846154 0.02403846153846154
0 0.9423076923076924 0.19951923076923078 0.02403846153846154 0.02403846153846154
0 0.25 0.19230769230769232 0.02403846153846154 0.02403846153846154
0 0.3942307692307693 0.16105769230769232 0.02403846153846154 0.02403846153846154
0 0.84375 0.03365384615384616 0.02403846153846154 0.02403846153846154
0 0.7572115384615385 0.3125 0.02403846153846154 0.02403846153846154
0 0.5552884615384616 0.04807692307692308 0.02403846153846154 0.02403846153846154
0 0.44711538461538464 0.16346153846153846 0.02403846153846154 0.02403846153846154
0 0.5697115384615385 0.2451923076923077 0.02403846153846154 0.02403846153846154
0 0.49759615384615385 0.25 0.02403846153846154 0.02403846153846154
0 0.6009615384615385 0.5192307692307693 0.02403846153846154 0.02403846153846154
0 0.2403846153846154 0.4831730769230769 0.02403846153846154 0.02403846153846154
0 0.5480769230769231 0.6370192307692308 0.02403846153846154 0.02403846153846154
0 0.6370192307692308 0.8846153846153847 0.02403846153846154 0.02403846153846154
0 0.7163461538461539 0.9375 0.02403846153846154 0.02403846153846154
0 0.858173076923077 0.7043269230769231 0.02403846153846154 0.02403846153846154
0 0.8725961538461539 0.6346153846153847 0.02403846153846154 0.02403846153846154
0 0.9591346153846154 0.5745192307692308 0.02403846153846154 0.02403846153846154
0 0.7788461538461539 0.23317307692307693 0.02403846153846154 0.02403846153846154
0 0.84375 0.25240384615384615 0.02403846153846154 0.02403846153846154
