0 0.8125 0.9711538461538463 0.02403846153846154 0.02403846153846154
0 0.3341346153846154 0.9711538461538463 0.02403846153846154 0.02403846153846154
0 0.3894230769230769 0.9615384615384616 0.02403846153846154 0.02403846153846154
0 0.9158653846153847 0.9591346153846154 0.02403846153846154 0.02403846153846154
0 0.5961538461538461 0.9399038461538463 0.02403846153846154 0.02403846153846154
0 0.6923076923076923 0.9302884615384616 0.02403846153846154 0.02403846153846154
0 0.25961538461538464 0.9230769230769231 0.02403846153846154 0.02403846153846154
0 0.639423076923077 0.8653846153846154 0.02403846153846154 0.02403846153846154
0 0.08173076923076923 0.8533653846153847 0.02403846153846154 0.02403846153846154
0 0.4375 0.8509615384615385 0.02403846153846154 0.02403846153846154
0 0.2572115384615385 0.7908653846153847 0.02403846153846154 0.02403846153846154
0 0.625 0.7908653846153847 0.02403846153846154 0.02403846153846154
0 0.545673076923077 0.7908653846153847 0.02403846153846154 0.02403846153846154
0 0.09855769230769232 0.7716346153846154 0.02403846153846154 0.02403846153846154
0 0.5673076923076923 0.7692307692307693 0.02403846153846154 0.02403846153846154
0 0.8798076923076924 0.764423076923077 0.02403846153846154 0.02403846153846154
0 0.9423076923076924 0.7475961538461539 0.02403846153846154 0.02403846153846154
0 0.8076923076923077 0.71875 0.02403846153846154 0.02403846153846154
0 0.53125 0.7067307692307693 0.02403846153846154 0.02403846153846154
0 0.9711538461538463 0.7043269230769231 0.02403846153846154 0.02403846153846154
0 0.11778846153846155 0.701923076923077 0.02403846153846154 0.02403846153846154
0 0.8942307692307693 0.6875 0.02403846153846154 0.02403846153846154
0 0.7980769230769231 0.6730769230769231 0.02403846153846154 0.02403846153846154
0 0.6995192307692308 0.65625 0.02403846153846154 0.02403846153846154
0 0.2956730769230769 0.6538461538461539 0.02403846153846154 0.02403846153846154
0 0.6490384615384616 0.6418269230769231 0.02403846153846154 0.02403846153846154
0 0.8197115384615385 0.6370192307692308 0.02403846153846154 0.02403846153846154
0 0.1875 0.6033653846153847 0.02403846153846154 0.02403846153846154
0 0.23317307692307693 0.5913461538461539 0.02403846153846154 0.02403846153846154
0 0.7884615384615385 0.5504807692307693 0.02403846153846154 0.02403846153846154
0 0.21875 0.545673076923077 0.02403846153846154 0.02403846153846154
0 0.21634615384615385 0.5264423076923077 0.02403846153846154 0.02403846153846154
0 0.7211538461538461 0.5240384615384616 0.02403846153846154 0.02403846153846154
0 0.3653846153846154 0.5264423076923077 0.02403846153846154 0.02403846153846154
0 0.19711538461538464 0.514423076923077 0.02403846153846154 0.02403846153846154
0 0.8677884615384616 0.4807692307692308 0.02403846153846154 0.02403846153846154
0 0.96875 0.46634615384615385 0.02403846153846154 0.02403846153846154
0 0.4086538461538462 0.46153846153846156 0.02403846153846154 0.02403846153846154
0 0.13701923076923078 0.4639423076923077 0.02403846153846154 0.02403846153846154
0 0.5817307692307693 0.4447115384615385 0.02403846153846154 0.02403846153846154
0 0.8389423076923077 0.43028846153846156 0.02403846153846154 0.02403846153846154
0 0.7524038461538461 0.4254807692307693 0.02403846153846154 0.02403846153846154
0 0.6274038461538461 0.42307692307692313 0.02403846153846154 0.02403846153846154
0 0.875 0.40625 0.02403846153846154 0.02403846153846154
0 0.4591346153846154 0.40384615384615385 0.02403846153846154 0.02403846153846154
0 0.764423076923077 0.39903846153846156 0.02403846153846154 0.02403846153846154
0 0.03365384615384616 0.3894230769230769 0.02403846153846154 0.02403846153846154
0 0.9495192307692308 0.3822115384615385 0.02403846153846154 0.02403846153846154
0 0.8846153846153847 0.3701923076923077 0.02403846153846154 0.02403846153846154
0 0.08653846153846154 0.3629807692307693 0.02403846153846154 0.02403846153846154
0 0.10336538461538462 0.3581730769230769 0.02403846153846154 0.02403846153846154
0 0.7836538461538461 0.34615384615384615 0.02403846153846154 0.02403846153846154
0 0.9158653846153847 0.2956730769230769 0.02403846153846154 0.02403846153846154
0 0.31730769230769235 0.23798076923076925 0.02403846153846154 0.02403846153846154
0 0.6225961538461539 0.22115384615384617 0.02403846153846154 0.02403846153846154
0 0.2884615384615385 0.22115384615384617 0.02403846153846154 0.02403846153846154
0 0.05048076923076923 0.19951923076923078 0.02403846153846154 0.02403846153846154
0 0.2956730769230769 0.12980769230769232 0.02403846153846154 0.02403846153846154
0 0.5673076923076923 0.12740384615384617 0.02403846153846154 0.02403846153846154
0 0.7764423076923077 0.11298076923076923 0.02403846153846154 0.02403846153846154
0 0.7427884615384616 0.11298076923076923 0.02403846153846154 0.02403846153846154
0 0.6442307692307693 0.11298076923076923 0.02403846153846154 0.02403846153846154
0 0.7884615384615385 0.10096153846153846 0.02403846153846154 0.02403846153846154
0 0.9302884615384616 0.09375 0.02403846153846154 0.02403846153846154
0 0.5168269230769231 0.02403846153846154 0.02403846153846154 0.02403846153846154
0 0.6850961538461539 0.8076923076923077 0.02403846153846154 0.02403846153846154
0 0.7596153846153847 0.889423076923077 0.02403846153846154 0.02403846153846154
0 0.8197115384615385 0.90625 0.02403846153846154 0.02403846153846154
0 0.8004807692307693 0.8197115384615385 0.02403846153846154 0.02403846153846154
0 0.8221153846153847 0.8533653846153847 0.02403846153846154 0.02403846153846154
0 0.858173076923077 0.8389423076923077 0.02403846153846154 0.02403846153846154
0 0.84375 0.8076923076923077 0.02403846153846154 0.02403846153846154
0 0.5096153846153847 0.6466346153846154 0.02403846153846154 0.02403846153846154
0 0.5288461538461539 0.6201923076923077 0.02403846153846154 0.02403846153846154
0 0.5625 0.5985576923076923 0.02403846153846154 0.02403846153846154
0 0.5865384615384616 0.5408653846153847 0.02403846153846154 0.02403846153846154
0 0.6105769230769231 0.5288461538461539 0.02403846153846154 0.02403846153846154
0 0.8028846153846154 0.4807692307692308 0.02403846153846154 0.02403846153846154
0 0.7139423076923077 0.4591346153846154 0.02403846153846154 0.02403846153846154
0 0.07211538461538462 0.9543269230769231 0.02403846153846154 0.02403846153846154
0 0.3341346153846154 0.9423076923076924 0.02403846153846154 0.02403846153846154
0 0.49759615384615385 0.9663461538461539 0.02403846153846154 0.02403846153846154
0 0.026442307692307696 0.32211538461538464 0.02403846153846154 0.02403846153846154
0 0.040865384615384616 0.25240384615384615 0.02403846153846154 0.02403846153846154
0 0.16586538461538464 0.31730769230769235 0.02403846153846154 0.02403846153846154
0 0.24278846153846156 0.25480769230769235 0.02403846153846154 0.02403846153846154
0 0.21875 0.23798076923076925 0.02403846153846154 0.02403846153846154
0 0.12740384615384617 0.19230769230769232 0.02403846153846154 0.02403846153846154
0 0.16346153846153846 0.18990384615384617 0.02403846153846154 0.02403846153846154
0 0.15384615384615385 0.22836538461538464 0.02403846153846154 0.02403846153846154
0 0.4807692307692308 0.11778846153846155 0.02403846153846154 0.02403846153846154
0 0.2932692307692308 0.16826923076923078 0.02403846153846154 0.02403846153846154
0 0.65625 0.21634615384615385 0.02403846153846154 0.02403846153846154
0 0.9278846153846154 0.27403846153846156 0.02403846153846154 0.02403846153846154
0 0.9375 0.3389423076923077 0.02403846153846154 0.02403846153846154
0 0.8461538461538463 0.32211538461538464 0.02403846153846154 0.02403846153846154
0 0.7692307692307693 0.31009615384615385 0.02403846153846154 0.02403846153846154
0 0.2980769230769231 0.7475961538461539 0.02403846153846154 0.02403846153846154
0 0.3509615384615385 0.7379807692307693 0.02403846153846154 0.02403846153846154
0 0.3605769230769231 0.27403846153846156 0.02403846153846154 0.02403846153846154
0 0.40384615384615385 0.25240384615384615 0.02403846153846154 0.02403846153846154
0 0.43028846153846156 0.3125 0.02403846153846154 0.02403846153846154
