0 0.10817307692307693 0.8846153846153847 0.02403846153846154 0.02403846153846154
0 0.22596153846153846 0.8822115384615385 0.02403846153846154 0.02403846153846154
0 0.6875 0.8677884615384616 0.02403846153846154 0.02403846153846154
0 0.07692307692307693 0.8533653846153847 0.02403846153846154 0.02403846153846154
0 0.858173076923077 0.826923076923077 0.02403846153846154 0.02403846153846154
0 0.8317307692307693 0.8028846153846154 0.02403846153846154 0.02403846153846154
0 0.7692307692307693 0.7980769230769231 0.02403846153846154 0.02403846153846154
0 0.17548076923076925 0.7908653846153847 0.02403846153846154 0.02403846153846154
0 0.8605769230769231 0.7908653846153847 0.02403846153846154 0.02403846153846154
0 0.7475961538461539 0.7788461538461539 0.02403846153846154 0.02403846153846154
0 0.17067307692307693 0.7740384615384616 0.02403846153846154 0.02403846153846154
0 0.8052884615384616 0.7475961538461539 0.02403846153846154 0.02403846153846154
0 0.7139423076923077 0.733173076923077 0.02403846153846154 0.02403846153846154
0 0.9423076923076924 0.7163461538461539 0.02403846153846154 0.02403846153846154
0 0.4639423076923077 0.7163461538461539 0.02403846153846154 0.02403846153846154
0 0.5192307692307693 0.7067307692307693 0.02403846153846154 0.02403846153846154
0 0.7259615384615385 0.6850961538461539 0.02403846153846154 0.02403846153846154
0 0.8221153846153847 0.6754807692307693 0.02403846153846154 0.02403846153846154
0 0.3894230769230769 0.6682692307692308 0.02403846153846154 0.02403846153846154
0 0.7692307692307693 0.6105769230769231 0.02403846153846154 0.02403846153846154
0 0.21153846153846156 0.5985576923076923 0.02403846153846154 0.02403846153846154
0 0.5673076923076923 0.5961538461538461 0.02403846153846154 0.02403846153846154
0 0.05288461538461539 0.5865384615384616 0.02403846153846154 0.02403846153846154
0 0.3870192307692308 0.5360576923076923 0.02403846153846154 0.02403846153846154
0 0.7548076923076924 0.5360576923076923 0.02403846153846154 0.02403846153846154
0 0.6754807692307693 0.5360576923076923 0.02403846153846154 0.02403846153846154
0 0.22836538461538464 0.5168269230769231 0.02403846153846154 0.02403846153846154
0 0.6971153846153847 0.514423076923077 0.02403846153846154 0.02403846153846154
0 0.9375 0.4639423076923077 0.02403846153846154 0.02403846153846154
0 0.05288461538461539 0.4591346153846154 0.02403846153846154 0.02403846153846154
0 0.6610576923076923 0.4519230769230769 0.02403846153846154 0.02403846153846154
0 0.24759615384615385 0.44711538461538464 0.02403846153846154 0.02403846153846154
0 0.9278846153846154 0.4182692307692308 0.02403846153846154 0.02403846153846154
0 0.8293269230769231 0.4014423076923077 0.02403846153846154 0.02403846153846154
0 0.4254807692307693 0.39903846153846156 0.02403846153846154 0.02403846153846154
0 0.7788461538461539 0.3870192307692308 0.02403846153846154 0.02403846153846154
0 0.9495192307692308 0.3822115384615385 0.02403846153846154 0.02403846153846154
0 0.31730769230769235 0.34855769230769235 0.02403846153846154 0.02403846153846154
0 0.3629807692307693 0.33653846153846156 0.02403846153846154 0.02403846153846154
0 0.9182692307692308 0.2956730769230769 0.02403846153846154 0.02403846153846154
0 0.34855769230769235 0.29086538461538464 0.02403846153846154 0.02403846153846154
0 0.34615384615384615 0.2716346153846154 0.02403846153846154 0.02403846153846154
0 0.8509615384615385 0.2692307692307693 0.02403846153846154 0.02403846153846154
0 0.4951923076923077 0.2716346153846154 0.02403846153846154 0.02403846153846154
0 0.3269230769230769 0.25961538461538464 0.02403846153846154 0.02403846153846154
0 0.5384615384615385 0.20673076923076925 0.02403846153846154 0.02403846153846154
0 0.2668269230769231 0.2091346153846154 0.02403846153846154 0.02403846153846154
0 0.7115384615384616 0.18990384615384617 0.02403846153846154 0.02403846153846154
0 0.96875 0.17548076923076925 0.02403846153846154 0.02403846153846154
0 0.8822115384615385 0.17067307692307693 0.02403846153846154 0.02403846153846154
0 0.7572115384615385 0.16826923076923078 0.02403846153846154 0.02403846153846154
0 0.5889423076923077 0.14903846153846154 0.02403846153846154 0.02403846153846154
0 0.8942307692307693 0.14423076923076925 0.02403846153846154 0.02403846153846154
0 0.16346153846153846 0.13461538461538464 0.02403846153846154 0.02403846153846154
0 0.0625 0.125 0.02403846153846154 0.02403846153846154
0 0.21634615384615385 0.10817307692307693 0.02403846153846154 0.02403846153846154
0 0.23317307692307693 0.10336538461538462 0.02403846153846154 0.02403846153846154
0 0.9134615384615385 0.09134615384615385 0.02403846153846154 0.02403846153846154
0 0.038461538461538464 0.05528846153846154 0.02403846153846154 0.02403846153846154
0 0.8149038461538461 0.5528846153846154 0.02403846153846154 0.02403846153846154
0 0.889423076923077 0.6346153846153847 0.02403846153846154 0.02403846153846154
0 0.9495192307692308 0.6514423076923077 0.02403846153846154 0.02403846153846154
0 0.9302884615384616 0.5649038461538461 0.02403846153846154 0.02403846153846154
0 0.951923076923077 0.5985576923076923 0.02403846153846154 0.02403846153846154
0 0.639423076923077 0.3918269230769231 0.02403846153846154 0.02403846153846154
0 0.6586538461538461 0.3653846153846154 0.02403846153846154 0.02403846153846154
0 0.6923076923076923 0.34375 0.02403846153846154 0.02403846153846154
0 0.7163461538461539 0.28605769230769235 0.02403846153846154 0.02403846153846154
0 0.7403846153846154 0.27403846153846156 0.02403846153846154 0.02403846153846154
0 0.9326923076923077 0.22596153846153846 0.02403846153846154 0.02403846153846154
0 0.84375 0.2043269230769231 0.02403846153846154 0.02403846153846154
0 0.1201923076923077 0.8245192307692308 0.02403846153846154 0.02403846153846154
0 0.09134615384615385 0.6923076923076923 0.02403846153846154 0.02403846153846154
0 0.10096153846153846 0.5889423076923077 0.02403846153846154 0.02403846153846154
0 0.20192307692307693 0.6995192307692308 0.02403846153846154 0.02403846153846154
0 0.23076923076923078 0.7692307692307693 0.02403846153846154 0.02403846153846154
0 0.37259615384615385 0.795673076923077 0.02403846153846154 0.02403846153846154
0 0.4639423076923077 0.6875 0.02403846153846154 0.02403846153846154
0 0.5649038461538461 0.7548076923076924 0.02403846153846154 0.02403846153846154
0 0.6274038461538461 0.7115384615384616 0.02403846153846154 0.02403846153846154
0 0.670673076923077 0.8245192307692308 0.02403846153846154 0.02403846153846154
0 0.71875 0.7716346153846154 0.02403846153846154 0.02403846153846154
0 0.15625 0.06730769230769232 0.02403846153846154 0.02403846153846154
0 0.2956730769230769 0.0625 0.02403846153846154 0.02403846153846154
0 0.733173076923077 0.8533653846153847 0.02403846153846154 0.02403846153846154
0 0.8990384615384616 0.05528846153846154 0.02403846153846154 0.02403846153846154
0 0.4278846153846154 0.49278846153846156 0.02403846153846154 0.02403846153846154
0 0.4807692307692308 0.4831730769230769 0.02403846153846154 0.02403846153846154
0 0.5600961538461539 0.057692307692307696 0.02403846153846154 0.02403846153846154
