0 0.625 0.9495192307692308 0.02403846153846154 0.02403846153846154
0 0.9543269230769231 0.9302884615384616 0.02403846153846154 0.02403846153846154
0 0.8004807692307693 0.8774038461538463 0.02403846153846154 0.02403846153846154
0 0.8870192307692308 0.858173076923077 0.02403846153846154 0.02403846153846154
0 0.43509615384615385 0.8197115384615385 0.02403846153846154 0.02403846153846154
0 0.6947115384615385 0.8100961538461539 0.02403846153846154 0.02403846153846154
0 0.2764423076923077 0.7668269230769231 0.02403846153846154 0.02403846153846154
0 0.5528846153846154 0.7620192307692308 0.02403846153846154 0.02403846153846154
0 0.4639423076923077 0.7620192307692308 0.02403846153846154 0.02403846153846154
0 0.6274038461538461 0.7524038461538461 0.02403846153846154 0.02403846153846154
0 0.21875 0.7427884615384616 0.02403846153846154 0.02403846153846154
0 0.9663461538461539 0.7091346153846154 0.02403846153846154 0.02403846153846154
0 0.7788461538461539 0.7067307692307693 0.02403846153846154 0.02403846153846154
0 0.9663461538461539 0.6875 0.02403846153846154 0.02403846153846154
0 0.3894230769230769 0.6802884615384616 0.02403846153846154 0.02403846153846154
0 0.875 0.6586538461538461 0.02403846153846154 0.02403846153846154
0 0.44230769230769235 0.6586538461538461 0.02403846153846154 0.02403846153846154
0 0.46634615384615385 0.6538461538461539 0.02403846153846154 0.02403846153846154
0 0.8389423076923077 0.6009615384615385 0.02403846153846154 0.02403846153846154
0 0.1201923076923077 0.576923076923077 0.02403846153846154 0.02403846153846154
0 0.9086538461538463 0.5264423076923077 0.02403846153846154 0.02403846153846154
0 0.05048076923076923 0.5168269230769231 0.02403846153846154 0.02403846153846154
0 0.6009615384615385 0.49278846153846156 0.02403846153846154 0.02403846153846154
0 0.6610576923076923 0.47355769230769235 0.02403846153846154 0.02403846153846154
0 0.21875 0.46634615384615385 0.02403846153846154 0.02403846153846154
0 0.2668269230769231 0.4254807692307693 0.02403846153846154 0.02403846153846154
0 0.7620192307692308 0.3918269230769231 0.02403846153846154 0.02403846153846154
0 0.5264423076923077 0.36778846153846156 0.02403846153846154 0.02403846153846154
0 0.31009615384615385 0.3629807692307693 0.02403846153846154 0.02403846153846154
0 0.44230769230769235 0.31730769230769235 0.02403846153846154 0.02403846153846154
0 0.9543269230769231 0.30528846153846156 0.02403846153846154 0.02403846153846154
0 0.46634615384615385 0.2884615384615385 0.02403846153846154 0.02403846153846154
0 0.9038461538461539 0.28125 0.02403846153846154 0.02403846153846154
0 0.2403846153846154 0.23076923076923078 0.02403846153846154 0.02403846153846154
0 0.9350961538461539 0.19711538461538464 0.02403846153846154 0.02403846153846154
0 0.5817307692307693 0.19711538461538464 0.02403846153846154 0.02403846153846154
0 0.04326923076923077 0.19230769230769232 0.02403846153846154 0.02403846153846154
0 0.7548076923076924 0.18990384615384617 0.02403846153846154 0.02403846153846154
0 0.46634615384615385 0.1826923076923077 0.02403846153846154 0.02403846153846154
0 0.3125 0.1826923076923077 0.02403846153846154 0.02403846153846154
0 0.09615384615384616 0.16105769230769232 0.02403846153846154 0.02403846153846154
0 0.6947115384615385 0.13221153846153846 0.02403846153846154 0.02403846153846154
0 0.45432692307692313 0.10576923076923078 0.02403846153846154 0.02403846153846154
0 0.3004807692307693 0.08653846153846154 0.02403846153846154 0.02403846153846154
0 0.7163461538461539 0.06730769230769232 0.02403846153846154 0.02403846153846154
0 0.03365384615384616 0.8557692307692308 0.02403846153846154 0.02403846153846154
0 0.3942307692307693 0.09615384615384616 0.02403846153846154 0.02403846153846154
0 0.44230769230769235 0.040865384615384616 0.02403846153846154 0.02403846153846154
0 0.4807692307692308 0.0889423076923077 0.02403846153846154 0.02403846153846154
0 0.5240384615384616 0.028846153846153848 0.02403846153846154 0.02403846153846154
0 0.84375 0.47836538461538464 0.02403846153846154 0.02403846153846154
0 0.7211538461538461 0.6634615384615385 0.02403846153846154 0.02403846153846154
0 0.6778846153846154 0.6995192307692308 0.02403846153846154 0.02403846153846154
0 0.5360576923076923 0.8076923076923077 0.02403846153846154 0.02403846153846154
0 0.46153846153846156 0.78125 0.02403846153846154 0.02403846153846154
0 0.2692307692307693 0.8413461538461539 0.02403846153846154 0.02403846153846154
0 0.2572115384615385 0.8653846153846154 0.02403846153846154 0.02403846153846154
0 0.36778846153846156 0.6129807692307693 0.02403846153846154 0.02403846153846154
0 0.28365384615384615 0.7211538461538461 0.02403846153846154 0.02403846153846154
0 0.18990384615384617 0.4879807692307693 0.02403846153846154 0.02403846153846154
0 0.16346153846153846 0.5264423076923077 0.02403846153846154 0.02403846153846154
0 0.30528846153846156 0.45432692307692313 0.02403846153846154 0.02403846153846154
0 0.057692307692307696 0.0889423076923077 0.02403846153846154 0.02403846153846154
0 0.05528846153846154 0.7764423076923077 0.02403846153846154 0.02403846153846154
0 0.1201923076923077 0.795673076923077 0.02403846153846154 0.02403846153846154
0 0.07211538461538462 0.23798076923076925 0.02403846153846154 0.02403846153846154
0 0.4495192307692308 0.3653846153846154 0.02403846153846154 0.02403846153846154
0 0.5024038461538461 0.5600961538461539 0.02403846153846154 0.02403846153846154
0 0.31490384615384615 0.21634615384615385 0.02403846153846154 0.02403846153846154
