0 0.8557692307692308 0.9182692307692308 0.02403846153846154 0.02403846153846154
0 0.7548076923076924 0.9086538461538463 0.02403846153846154 0.02403846153846154
0 0.9086538461538463 0.8918269230769231 0.02403846153846154 0.02403846153846154
0 0.9254807692307693 0.8870192307692308 0.02403846153846154 0.02403846153846154
0 0.0889423076923077 0.8677884615384616 0.02403846153846154 0.02403846153846154
0 0.7307692307692308 0.8389423076923077 0.02403846153846154 0.02403846153846154
0 0.40625 0.795673076923077 0.02403846153846154 0.02403846153846154
0 0.6105769230769231 0.733173076923077 0.02403846153846154 0.02403846153846154
0 0.8725961538461539 0.7283653846153847 0.02403846153846154 0.02403846153846154
0 0.6490384615384616 0.6274038461538461 0.02403846153846154 0.02403846153846154
0 0.4519230769230769 0.6129807692307693 0.02403846153846154 0.02403846153846154
0 0.4519230769230769 0.5793269230769231 0.02403846153846154 0.02403846153846154
0 0.3822115384615385 0.545673076923077 0.02403846153846154 0.02403846153846154
0 0.9326923076923077 0.34615384615384615 0.02403846153846154 0.02403846153846154
0 0.2403846153846154 0.3389423076923077 0.02403846153846154 0.02403846153846154
0 0.38461538461538464 0.3076923076923077 0.02403846153846154 0.02403846153846154
0 0.8341346153846154 0.18028846153846154 0.02403846153846154 0.02403846153846154
0 0.7211538461538461 0.16105769230769232 0.02403846153846154 0.02403846153846154
0 0.764423076923077 0.1201923076923077 0.02403846153846154 0.02403846153846154
0 0.9326923076923077 0.06971153846153846 0.02403846153846154 0.02403846153846154
0 0.5120192307692308 0.06490384615384616 0.02403846153846154 0.02403846153846154
0 0.4399038461538462 0.0625 0.02403846153846154 0.02403846153846154
0 0.3004807692307693 0.07932692307692309 0.02403846153846154 0.02403846153846154
0 0.18990384615384617 0.1201923076923077 0.02403846153846154 0.02403846153846154
0 0.7475961538461539 0.4591346153846154 0.02403846153846154 0.02403846153846154
0 0.06971153846153846 0.06730769230769232 0.02403846153846154 0.02403846153846154
0 0.3605769230769231 0.13461538461538464 0.02403846153846154 0.02403846153846154
0 0.5721153846153847 0.11778846153846155 0.02403846153846154 0.02403846153846154
0 0.545673076923077 0.19471153846153846 0.02403846153846154 0.02403846153846154
0 0.4375 0.31009615384615385 0.02403846153846154 0.02403846153846154
0 0.5600961538461539 0.3918269230769231 0.02403846153846154 0.02403846153846154
0 0.4879807692307693 0.3966346153846154 0.02403846153846154 0.02403846153846154
0 0.5913461538461539 0.6658653846153847 0.02403846153846154 0.02403846153846154
0 0.23076923076923078 0.6298076923076923 0.02403846153846154 0.02403846153846154
0 0.5384615384615385 0.7836538461538461 0.02403846153846154 0.02403846153846154
0 0.8485576923076924 0.8509615384615385 0.02403846153846154 0.02403846153846154
0 0.8629807692307693 0.78125 0.02403846153846154 0.02403846153846154
0 0.9495192307692308 0.7211538461538461 0.02403846153846154 0.02403846153846154
0 0.9711538461538463 0.46875 0.02403846153846154 0.02403846153846154
0 0.9038461538461539 0.09134615384615385 0.02403846153846154 0.02403846153846154
0 0.8774038461538463 0.12980769230769232 0.02403846153846154 0.02403846153846154
0 0.7692307692307693 0.37980769230769235 0.02403846153846154 0.02403846153846154
0 0.8341346153846154 0.39903846153846156 0.02403846153846154 0.02403846153846154
