0 0.8798076923076924 0.9471153846153847 0.02403846153846154 0.02403846153846154
0 0.6899038461538461 0.8173076923076924 0.02403846153846154 0.02403846153846154
0 0.9495192307692308 0.8076923076923077 0.02403846153846154 0.02403846153846154
0 0.53125 0.764423076923077 0.02403846153846154 0.02403846153846154
0 0.8076923076923077 0.7596153846153847 0.02403846153846154 0.02403846153846154
0 0.71875 0.7596153846153847 0.02403846153846154 0.02403846153846154
0 0.8822115384615385 0.75 0.02403846153846154 0.02403846153846154
0 0.47355769230769235 0.7403846153846154 0.02403846153846154 0.02403846153846154
0 0.6442307692307693 0.6778846153846154 0.02403846153846154 0.02403846153846154
0 0.6971153846153847 0.65625 0.02403846153846154 0.02403846153846154
0 0.7211538461538461 0.6514423076923077 0.02403846153846154 0.02403846153846154
0 0.375 0.5745192307692308 0.02403846153846154 0.02403846153846154
0 0.2620192307692308 0.5552884615384616 0.02403846153846154 0.02403846153846154
0 0.30528846153846156 0.514423076923077 0.02403846153846154 0.02403846153846154
0 0.8557692307692308 0.4903846153846154 0.02403846153846154 0.02403846153846154
0 0.9158653846153847 0.4711538461538462 0.02403846153846154 0.02403846153846154
0 0.47355769230769235 0.4639423076923077 0.02403846153846154 0.02403846153846154
0 0.05288461538461539 0.4591346153846154 0.02403846153846154 0.02403846153846154
0 0.5216346153846154 0.42307692307692313 0.02403846153846154 0.02403846153846154
0 0.78125 0.3653846153846154 0.02403846153846154 0.02403846153846154
0 0.5649038461538461 0.3605769230769231 0.02403846153846154 0.02403846153846154
0 0.6971153846153847 0.31490384615384615 0.02403846153846154 0.02403846153846154
0 0.7211538461538461 0.28605769230769235 0.02403846153846154 0.02403846153846154
0 0.4951923076923077 0.22836538461538464 0.02403846153846154 0.02403846153846154
0 0.8365384615384616 0.19471153846153846 0.02403846153846154 0.02403846153846154
0 0.2980769230769231 0.18990384615384617 0.02403846153846154 0.02403846153846154
0 0.7211538461538461 0.18028846153846154 0.02403846153846154 0.02403846153846154
0 0.5673076923076923 0.18028846153846154 0.02403846153846154 0.02403846153846154
0 0.3509615384615385 0.15865384615384617 0.02403846153846154 0.02403846153846154
0 0.09375 0.15384615384615385 0.02403846153846154 0.02403846153846154
0 0.9495192307692308 0.12980769230769232 0.02403846153846154 0.02403846153846154
0 0.7091346153846154 0.10336538461538462 0.02403846153846154 0.02403846153846154
0 0.5552884615384616 0.08413461538461539 0.02403846153846154 0.02403846153846154
0 0.9711538461538463 0.06490384615384616 0.02403846153846154 0.02403846153846154
0 0.2884615384615385 0.8533653846153847 0.02403846153846154 0.02403846153846154
0 0.6490384615384616 0.09375 0.02403846153846154 0.02403846153846154
0 0.6971153846153847 0.038461538461538464 0.02403846153846154 0.02403846153846154
0 0.7355769230769231 0.08653846153846154 0.02403846153846154 0.02403846153846154
0 0.7788461538461539 0.026442307692307696 0.02403846153846154 0.02403846153846154
0 0.11298076923076923 0.5120192307692308 0.02403846153846154 0.02403846153846154
0 0.08653846153846154 0.5889423076923077 0.02403846153846154 0.02403846153846154
0 0.10096153846153846 0.7860576923076924 0.02403846153846154 0.02403846153846154
0 0.028846153846153848 0.7908653846153847 0.02403846153846154 0.02403846153846154
0 0.9326923076923077 0.6971153846153847 0.02403846153846154 0.02403846153846154
0 0.7908653846153847 0.8052884615384616 0.02403846153846154 0.02403846153846154
0 0.7163461538461539 0.7788461538461539 0.02403846153846154 0.02403846153846154
0 0.5240384615384616 0.8389423076923077 0.02403846153846154 0.02403846153846154
0 0.5120192307692308 0.8629807692307693 0.02403846153846154 0.02403846153846154
0 0.6225961538461539 0.6105769230769231 0.02403846153846154 0.02403846153846154
0 0.5384615384615385 0.71875 0.02403846153846154 0.02403846153846154
0 0.4447115384615385 0.48557692307692313 0.02403846153846154 0.02403846153846154
0 0.4182692307692308 0.5240384615384616 0.02403846153846154 0.02403846153846154
0 0.5600961538461539 0.4519230769230769 0.02403846153846154 0.02403846153846154
0 0.3125 0.08653846153846154 0.02403846153846154 0.02403846153846154
0 0.31009615384615385 0.7740384615384616 0.02403846153846154 0.02403846153846154
0 0.375 0.7932692307692308 0.02403846153846154 0.02403846153846154
0 0.3269230769230769 0.2355769230769231 0.02403846153846154 0.02403846153846154
0 0.7043269230769231 0.3629807692307693 0.02403846153846154 0.02403846153846154
0 0.7572115384615385 0.5576923076923077 0.02403846153846154 0.02403846153846154
0 0.5697115384615385 0.2139423076923077 0.02403846153846154 0.02403846153846154
