0 0.5745192307692308 0.8990384615384616 0.02403846153846154 0.02403846153846154
0 0.9038461538461539 0.8798076923076924 0.02403846153846154 0.02403846153846154
0 0.75 0.826923076923077 0.02403846153846154 0.02403846153846154
0 0.8365384615384616 0.8076923076923077 0.02403846153846154 0.02403846153846154
0 0.38461538461538464 0.7692307692307693 0.02403846153846154 0.02403846153846154
0 0.6442307692307693 0.7596153846153847 0.02403846153846154 0.02403846153846154
0 0.22596153846153846 0.7163461538461539 0.02403846153846154 0.02403846153846154
0 0.5024038461538461 0.7115384615384616 0.02403846153846154 0.02403846153846154
0 0.4134615384615385 0.7115384615384616 0.02403846153846154 0.02403846153846154
0 0.576923076923077 0.701923076923077 0.02403846153846154 0.02403846153846154
0 0.16826923076923078 0.6923076923076923 0.02403846153846154 0.02403846153846154
0 0.9375 0.6658653846153847 0.02403846153846154 0.02403846153846154
0 0.9158653846153847 0.6586538461538461 0.02403846153846154 0.02403846153846154
0 0.7283653846153847 0.65625 0.02403846153846154 0.02403846153846154
0 0.9158653846153847 0.6370192307692308 0.02403846153846154 0.02403846153846154
0 0.3389423076923077 0.6298076923076923 0.02403846153846154 0.02403846153846154
0 0.8245192307692308 0.608173076923077 0.02403846153846154 0.02403846153846154
0 0.3918269230769231 0.608173076923077 0.02403846153846154 0.02403846153846154
0 0.41586538461538464 0.6033653846153847 0.02403846153846154 0.02403846153846154
0 0.7884615384615385 0.5504807692307693 0.02403846153846154 0.02403846153846154
0 0.06971153846153846 0.5264423076923077 0.02403846153846154 0.02403846153846154
0 0.858173076923077 0.4759615384615385 0.02403846153846154 0.02403846153846154
0 0.5504807692307693 0.44230769230769235 0.02403846153846154 0.02403846153846154
0 0.6105769230769231 0.42307692307692313 0.02403846153846154 0.02403846153846154
0 0.9567307692307693 0.4206730769230769 0.02403846153846154 0.02403846153846154
0 0.16826923076923078 0.41586538461538464 0.02403846153846154 0.02403846153846154
0 0.21634615384615385 0.375 0.02403846153846154 0.02403846153846154
0 0.7115384615384616 0.34134615384615385 0.02403846153846154 0.02403846153846154
0 0.4759615384615385 0.31730769230769235 0.02403846153846154 0.02403846153846154
0 0.25961538461538464 0.3125 0.02403846153846154 0.02403846153846154
0 0.3918269230769231 0.2668269230769231 0.02403846153846154 0.02403846153846154
0 0.9038461538461539 0.25480769230769235 0.02403846153846154 0.02403846153846154
0 0.41586538461538464 0.23798076923076925 0.02403846153846154 0.02403846153846154
0 0.8533653846153847 0.23076923076923078 0.02403846153846154 0.02403846153846154
0 0.18990384615384617 0.18028846153846154 0.02403846153846154 0.02403846153846154
0 0.8846153846153847 0.1466346153846154 0.02403846153846154 0.02403846153846154
0 0.53125 0.1466346153846154 0.02403846153846154 0.02403846153846154
0 0.7043269230769231 0.13942307692307693 0.02403846153846154 0.02403846153846154
0 0.41586538461538464 0.13221153846153846 0.02403846153846154 0.02403846153846154
0 0.2620192307692308 0.13221153846153846 0.02403846153846154 0.02403846153846154
0 0.04567307692307693 0.11057692307692309 0.02403846153846154 0.02403846153846154
0 0.6442307692307693 0.08173076923076923 0.02403846153846154 0.02403846153846154
0 0.40384615384615385 0.05528846153846154 0.02403846153846154 0.02403846153846154
0 0.25 0.03605769230769231 0.02403846153846154 0.02403846153846154
0 0.9591346153846154 0.5649038461538461 0.02403846153846154 0.02403846153846154
0 0.34375 0.04567307692307693 0.02403846153846154 0.02403846153846154
0 0.43028846153846156 0.038461538461538464 0.02403846153846154 0.02403846153846154
0 0.7932692307692308 0.4278846153846154 0.02403846153846154 0.02403846153846154
0 0.670673076923077 0.6129807692307693 0.02403846153846154 0.02403846153846154
0 0.6274038461538461 0.6490384615384616 0.02403846153846154 0.02403846153846154
0 0.48557692307692313 0.7572115384615385 0.02403846153846154 0.02403846153846154
0 0.41105769230769235 0.7307692307692308 0.02403846153846154 0.02403846153846154
0 0.21875 0.7908653846153847 0.02403846153846154 0.02403846153846154
0 0.20673076923076925 0.8149038461538461 0.02403846153846154 0.02403846153846154
0 0.31730769230769235 0.5625 0.02403846153846154 0.02403846153846154
0 0.23317307692307693 0.670673076923077 0.02403846153846154 0.02403846153846154
0 0.13942307692307693 0.4375 0.02403846153846154 0.02403846153846154
0 0.11298076923076923 0.4759615384615385 0.02403846153846154 0.02403846153846154
0 0.25480769230769235 0.40384615384615385 0.02403846153846154 0.02403846153846154
0 0.06971153846153846 0.7451923076923077 0.02403846153846154 0.02403846153846154
0 0.021634615384615384 0.1875 0.02403846153846154 0.02403846153846154
0 0.39903846153846156 0.31490384615384615 0.02403846153846154 0.02403846153846154
0 0.4519230769230769 0.5096153846153847 0.02403846153846154 0.02403846153846154
0 0.2644230769230769 0.16586538461538464 0.02403846153846154 0.02403846153846154
