0 0.7259615384615385 0.9375 0.02403846153846154 0.02403846153846154
0 0.9302884615384616 0.875 0.02403846153846154 0.02403846153846154
0 0.96875 0.7692307692307693 0.02403846153846154 0.02403846153846154
0 0.7716346153846154 0.7548076923076924 0.02403846153846154 0.02403846153846154
0 0.7716346153846154 0.7211538461538461 0.02403846153846154 0.02403846153846154
0 0.701923076923077 0.6875 0.02403846153846154 0.02403846153846154
0 0.5600961538461539 0.4807692307692308 0.02403846153846154 0.02403846153846154
0 0.7043269230769231 0.4495192307692308 0.02403846153846154 0.02403846153846154
0 0.8317307692307693 0.20673076923076925 0.02403846153846154 0.02403846153846154
0 0.7596153846153847 0.2043269230769231 0.02403846153846154 0.02403846153846154
0 0.2572115384615385 0.15865384615384617 0.02403846153846154 0.02403846153846154
0 0.17067307692307693 0.057692307692307696 0.02403846153846154 0.02403846153846154
0 0.7788461538461539 0.04807692307692308 0.02403846153846154 0.02403846153846154
0 0.6201923076923077 0.22115384615384617 0.02403846153846154 0.02403846153846154
0 0.5096153846153847 0.2620192307692308 0.02403846153846154 0.02403846153846154
0 0.04807692307692308 0.03605769230769231 0.02403846153846154 0.02403846153846154
0 0.14903846153846154 0.12740384615384617 0.02403846153846154 0.02403846153846154
0 0.25 0.06009615384615385 0.02403846153846154 0.02403846153846154
0 0.16586538461538464 0.4375 0.02403846153846154 0.02403846153846154
0 0.16346153846153846 0.4807692307692308 0.02403846153846154 0.02403846153846154
0 0.31730769230769235 0.37980769230769235 0.02403846153846154 0.02403846153846154
0 0.18509615384615385 0.3557692307692308 0.02403846153846154 0.02403846153846154
0 0.3894230769230769 0.2091346153846154 0.02403846153846154 0.02403846153846154
0 0.3004807692307693 0.6177884615384616 0.02403846153846154 0.02403846153846154
0 0.31730769230769235 0.6490384615384616 0.02403846153846154 0.02403846153846154
0 0.6802884615384616 0.2764423076923077 0.02403846153846154 0.02403846153846154
0 0.8918269230769231 0.25961538461538464 0.02403846153846154 0.02403846153846154
0 0.8653846153846154 0.33653846153846156 0.02403846153846154 0.02403846153846154
0 0.7572115384615385 0.4519230769230769 0.02403846153846154 0.02403846153846154
0 0.8798076923076924 0.5336538461538461 0.02403846153846154 0.02403846153846154
0 0.8076923076923077 0.5384615384615385 0.02403846153846154 0.02403846153846154
0 0.9110576923076924 0.8076923076923077 0.02403846153846154 0.02403846153846154
0 0.5504807692307693 0.7716346153846154 0.02403846153846154 0.02403846153846154
0 0.858173076923077 0.9254807692307693 0.02403846153846154 0.02403846153846154
