0 0.8341346153846154 0.96875 0.02403846153846154 0.02403846153846154
0 0.5576923076923077 0.9278846153846154 0.02403846153846154 0.02403846153846154
0 0.8245192307692308 0.9158653846153847 0.02403846153846154 0.02403846153846154
0 0.6105769230769231 0.9110576923076924 0.02403846153846154 0.02403846153846154
0 0.37259615384615385 0.8966346153846154 0.02403846153846154 0.02403846153846154
0 0.3629807692307693 0.8557692307692308 0.02403846153846154 0.02403846153846154
0 0.6850961538461539 0.7668269230769231 0.02403846153846154 0.02403846153846154
0 0.6322115384615385 0.764423076923077 0.02403846153846154 0.02403846153846154
0 0.7139423076923077 0.7163461538461539 0.02403846153846154 0.02403846153846154
0 0.5120192307692308 0.6129807692307693 0.02403846153846154 0.02403846153846154
0 0.8677884615384616 0.5552884615384616 0.02403846153846154 0.02403846153846154
0 0.38461538461538464 0.5408653846153847 0.02403846153846154 0.02403846153846154
0 0.5120192307692308 0.5 0.02403846153846154 0.02403846153846154
0 0.4567307692307693 0.4759615384615385 0.02403846153846154 0.02403846153846154
0 0.6057692307692308 0.4711538461538462 0.02403846153846154 0.02403846153846154
0 0.08413461538461539 0.4447115384615385 0.02403846153846154 0.02403846153846154
0 0.7524038461538461 0.4206730769230769 0.02403846153846154 0.02403846153846154
0 0.41105769230769235 0.36778846153846156 0.02403846153846154 0.02403846153846154
0 0.5432692307692308 0.3629807692307693 0.02403846153846154 0.02403846153846154
0 0.3293269230769231 0.3605769230769231 0.02403846153846154 0.02403846153846154
0 0.0625 0.3245192307692308 0.02403846153846154 0.02403846153846154
0 0.3557692307692308 0.2091346153846154 0.02403846153846154 0.02403846153846154
0 0.2980769230769231 0.20673076923076925 0.02403846153846154 0.02403846153846154
0 0.5048076923076923 0.19951923076923078 0.02403846153846154 0.02403846153846154
0 0.5432692307692308 0.1778846153846154 0.02403846153846154 0.02403846153846154
0 0.07932692307692309 0.14903846153846154 0.02403846153846154 0.02403846153846154
0 0.20673076923076925 0.13701923076923078 0.02403846153846154 0.02403846153846154
0 0.49759615384615385 0.13221153846153846 0.02403846153846154 0.02403846153846154
0 0.40384615384615385 0.11057692307692309 0.02403846153846154 0.02403846153846154
0 0.4807692307692308 0.09134615384615385 0.02403846153846154 0.02403846153846154
0 0.7067307692307693 0.06730769230769232 0.02403846153846154 0.02403846153846154
0 0.16586538461538464 0.057692307692307696 0.02403846153846154 0.02403846153846154
0 0.65625 0.04326923076923077 0.02403846153846154 0.02403846153846154
0 0.15384615384615385 0.03125 0.02403846153846154 0.02403846153846154
0 0.27884615384615385 0.03125 0.02403846153846154 0.02403846153846154
0 0.18990384615384617 0.10817307692307693 0.02403846153846154 0.02403846153846154
0 0.3028846153846154 0.06490384615384616 0.02403846153846154 0.02403846153846154
0 0.3605769230769231 0.028846153846153848 0.02403846153846154 0.02403846153846154
0 0.44230769230769235 0.06971153846153846 0.02403846153846154 0.02403846153846154
0 0.5576923076923077 0.06490384615384616 0.02403846153846154 0.02403846153846154
0 0.8076923076923077 0.09615384615384616 0.02403846153846154 0.02403846153846154
0 0.6153846153846154 0.18990384615384617 0.02403846153846154 0.02403846153846154
0 0.3629807692307693 0.24278846153846156 0.02403846153846154 0.02403846153846154
0 0.3317307692307693 0.3197115384615385 0.02403846153846154 0.02403846153846154
0 0.41105769230769235 0.2620192307692308 0.02403846153846154 0.02403846153846154
0 0.2668269230769231 0.16346153846153846 0.02403846153846154 0.02403846153846154
0 0.16105769230769232 0.2403846153846154 0.02403846153846154 0.02403846153846154
0 0.028846153846153848 0.4639423076923077 0.02403846153846154 0.02403846153846154
0 0.5336538461538461 0.5360576923076923 0.02403846153846154 0.02403846153846154
0 0.4326923076923077 0.545673076923077 0.02403846153846154 0.02403846153846154
0 0.3918269230769231 0.576923076923077 0.02403846153846154 0.02403846153846154
0 0.375 0.7043269230769231 0.02403846153846154 0.02403846153846154
0 0.3581730769230769 0.7379807692307693 0.02403846153846154 0.02403846153846154
0 0.2572115384615385 0.8605769230769231 0.02403846153846154 0.02403846153846154
0 0.2091346153846154 0.858173076923077 0.02403846153846154 0.02403846153846154
0 0.9158653846153847 0.4639423076923077 0.02403846153846154 0.02403846153846154
0 0.8389423076923077 0.4759615384615385 0.02403846153846154 0.02403846153846154
0 0.8221153846153847 0.5793269230769231 0.02403846153846154 0.02403846153846154
0 0.8870192307692308 0.22596153846153846 0.02403846153846154 0.02403846153846154
0 0.8653846153846154 0.8846153846153847 0.02403846153846154 0.02403846153846154
0 0.8293269230769231 0.9495192307692308 0.02403846153846154 0.02403846153846154
0 0.7259615384615385 0.7692307692307693 0.02403846153846154 0.02403846153846154
0 0.7307692307692308 0.8677884615384616 0.02403846153846154 0.02403846153846154
0 0.6298076923076923 0.889423076923077 0.02403846153846154 0.02403846153846154
0 0.5673076923076923 0.8870192307692308 0.02403846153846154 0.02403846153846154
0 0.46634615384615385 0.8725961538461539 0.02403846153846154 0.02403846153846154
0 0.44711538461538464 0.9326923076923077 0.02403846153846154 0.02403846153846154
0 0.23798076923076925 0.23076923076923078 0.02403846153846154 0.02403846153846154
0 0.4495192307692308 0.20192307692307693 0.02403846153846154 0.02403846153846154
0 0.47836538461538464 0.05048076923076923 0.02403846153846154 0.02403846153846154
0 0.6514423076923077 0.24278846153846156 0.02403846153846154 0.02403846153846154
0 0.38461538461538464 0.46634615384615385 0.02403846153846154 0.02403846153846154
0 0.84375 0.31009615384615385 0.02403846153846154 0.02403846153846154
0 0.5240384615384616 0.06971153846153846 0.02403846153846154 0.02403846153846154
