0 0.8245192307692308 0.8798076923076924 0.02403846153846154 0.02403846153846154
0 0.8149038461538461 0.8389423076923077 0.02403846153846154 0.02403846153846154
0 0.4591346153846154 0.8389423076923077 0.02403846153846154 0.02403846153846154
0 0.17067307692307693 0.826923076923077 0.02403846153846154 0.02403846153846154
0 0.9639423076923077 0.5961538461538461 0.02403846153846154 0.02403846153846154
0 0.8365384615384616 0.5240384615384616 0.02403846153846154 0.02403846153846154
0 0.9639423076923077 0.4831730769230769 0.02403846153846154 0.02403846153846154
0 0.9086538461538463 0.4591346153846154 0.02403846153846154 0.02403846153846154
0 0.5360576923076923 0.4278846153846154 0.02403846153846154 0.02403846153846154
0 0.44711538461538464 0.3653846153846154 0.02403846153846154 0.02403846153846154
0 0.8629807692307693 0.3509615384615385 0.02403846153846154 0.02403846153846154
0 0.78125 0.34375 0.02403846153846154 0.02403846153846154
0 0.514423076923077 0.3076923076923077 0.02403846153846154 0.02403846153846154
0 0.34615384615384615 0.2980769230769231 0.02403846153846154 0.02403846153846154
0 0.8076923076923077 0.19230769230769232 0.02403846153846154 0.02403846153846154
0 0.75 0.18990384615384617 0.02403846153846154 0.02403846153846154
0 0.9567307692307693 0.1826923076923077 0.02403846153846154 0.02403846153846154
0 0.22355769230769232 0.1514423076923077 0.02403846153846154 0.02403846153846154
0 0.53125 0.13221153846153846 0.02403846153846154 0.02403846153846154
0 0.6586538461538461 0.1201923076923077 0.02403846153846154 0.02403846153846154
0 0.9495192307692308 0.11538461538461539 0.02403846153846154 0.02403846153846154
0 0.3629807692307693 0.09855769230769232 0.02403846153846154 0.02403846153846154
0 0.8557692307692308 0.09375 0.02403846153846154 0.02403846153846154
0 0.9326923076923077 0.07451923076923077 0.02403846153846154 0.02403846153846154
0 0.43028846153846156 0.07211538461538462 0.02403846153846154 0.02403846153846154
0 0.6177884615384616 0.040865384615384616 0.02403846153846154 0.02403846153846154
0 0.4567307692307693 0.03365384615384616 0.02403846153846154 0.02403846153846154
0 0.4134615384615385 0.03125 0.02403846153846154 0.02403846153846154
0 0.20673076923076925 0.04807692307692308 0.02403846153846154 0.02403846153846154
0 0.34855769230769235 0.02403846153846154 0.02403846153846154 0.02403846153846154
0 0.6418269230769231 0.09134615384615385 0.02403846153846154 0.02403846153846154
0 0.7548076923076924 0.04807692307692308 0.02403846153846154 0.02403846153846154
0 0.8942307692307693 0.05288461538461539 0.02403846153846154 0.02403846153846154
0 0.8149038461538461 0.22596153846153846 0.02403846153846154 0.02403846153846154
0 0.7836538461538461 0.3028846153846154 0.02403846153846154 0.02403846153846154
0 0.8629807692307693 0.2451923076923077 0.02403846153846154 0.02403846153846154
0 0.71875 0.1466346153846154 0.02403846153846154 0.02403846153846154
0 0.6129807692307693 0.22355769230769232 0.02403846153846154 0.02403846153846154
0 0.4807692307692308 0.44711538461538464 0.02403846153846154 0.02403846153846154
0 0.2884615384615385 0.17307692307692307 0.02403846153846154 0.02403846153846154
0 0.8846153846153847 0.5288461538461539 0.02403846153846154 0.02403846153846154
0 0.84375 0.5600961538461539 0.02403846153846154 0.02403846153846154
0 0.826923076923077 0.6875 0.02403846153846154 0.02403846153846154
0 0.8100961538461539 0.7211538461538461 0.02403846153846154 0.02403846153846154
0 0.7091346153846154 0.84375 0.02403846153846154 0.02403846153846154
0 0.6610576923076923 0.8413461538461539 0.02403846153846154 0.02403846153846154
0 0.9182692307692308 0.8557692307692308 0.02403846153846154 0.02403846153846154
0 0.8990384615384616 0.9158653846153847 0.02403846153846154 0.02403846153846154
0 0.4519230769230769 0.8605769230769231 0.02403846153846154 0.02403846153846154
0 0.07932692307692309 0.6514423076923077 0.02403846153846154 0.02403846153846154
0 0.10817307692307693 0.733173076923077 0.02403846153846154 0.02403846153846154
0 0.028846153846153848 0.625 0.02403846153846154 0.02403846153846154
0 0.6899038461538461 0.2139423076923077 0.02403846153846154 0.02403846153846154
0 0.9014423076923077 0.18509615384615385 0.02403846153846154 0.02403846153846154
0 0.9302884615384616 0.03365384615384616 0.02403846153846154 0.02403846153846154
0 0.8365384615384616 0.4495192307692308 0.02403846153846154 0.02403846153846154
