0 0.43509615384615385 0.8822115384615385 0.02403846153846154 0.02403846153846154
0 0.15625 0.8461538461538463 0.02403846153846154 0.02403846153846154
0 0.8990384615384616 0.7860576923076924 0.02403846153846154 0.02403846153846154
0 0.20192307692307693 0.75 0.02403846153846154 0.02403846153846154
0 0.9663461538461539 0.7283653846153847 0.02403846153846154 0.02403846153846154
0 0.7980769230769231 0.71875 0.02403846153846154 0.02403846153846154
0 0.22836538461538464 0.5817307692307693 0.02403846153846154 0.02403846153846154
0 0.6754807692307693 0.5721153846153847 0.02403846153846154 0.02403846153846154
0 0.8149038461538461 0.5192307692307693 0.02403846153846154 0.02403846153846154
0 0.17067307692307693 0.514423076923077 0.02403846153846154 0.02403846153846154
0 0.8822115384615385 0.49278846153846156 0.02403846153846154 0.02403846153846154
0 0.057692307692307696 0.49278846153846156 0.02403846153846154 0.02403846153846154
0 0.9086538461538463 0.45432692307692313 0.02403846153846154 0.02403846153846154
0 0.8653846153846154 0.4519230769230769 0.02403846153846154 0.02403846153846154
0 0.6009615384615385 0.4399038461538462 0.02403846153846154 0.02403846153846154
0 0.8365384615384616 0.44230769230769235 0.02403846153846154 0.02403846153846154
0 0.8293269230769231 0.39903846153846156 0.02403846153846154 0.02403846153846154
0 0.6634615384615385 0.3389423076923077 0.02403846153846154 0.02403846153846154
0 0.6899038461538461 0.3028846153846154 0.02403846153846154 0.02403846153846154
0 0.6730769230769231 0.22836538461538464 0.02403846153846154 0.02403846153846154
0 0.23798076923076925 0.22355769230769232 0.02403846153846154 0.02403846153846154
0 0.28605769230769235 0.18990384615384617 0.02403846153846154 0.02403846153846154
0 0.09855769230769232 0.14903846153846154 0.02403846153846154 0.02403846153846154
0 0.951923076923077 0.13221153846153846 0.02403846153846154 0.02403846153846154
0 0.9711538461538463 0.11778846153846155 0.02403846153846154 0.02403846153846154
0 0.22836538461538464 0.11538461538461539 0.02403846153846154 0.02403846153846154
0 0.4086538461538462 0.05528846153846154 0.02403846153846154 0.02403846153846154
0 0.5432692307692308 0.03605769230769231 0.02403846153846154 0.02403846153846154
0 0.5841346153846154 0.18509615384615385 0.02403846153846154 0.02403846153846154
0 0.4903846153846154 0.16586538461538464 0.02403846153846154 0.02403846153846154
0 0.47355769230769235 0.15865384615384617 0.02403846153846154 0.02403846153846154
0 0.4278846153846154 0.18509615384615385 0.02403846153846154 0.02403846153846154
0 0.31490384615384615 0.08173076923076923 0.02403846153846154 0.02403846153846154
0 0.23076923076923078 0.09134615384615385 0.02403846153846154 0.02403846153846154
0 0.16826923076923078 0.10096153846153846 0.02403846153846154 0.02403846153846154
0 0.14903846153846154 0.08173076923076923 0.02403846153846154 0.02403846153846154
0 0.09855769230769232 0.20673076923076925 0.02403846153846154 0.02403846153846154
0 0.2091346153846154 0.25240384615384615 0.02403846153846154 0.02403846153846154
0 0.2668269230769231 0.22115384615384617 0.02403846153846154 0.02403846153846154
0 0.21875 0.31730769230769235 0.02403846153846154 0.02403846153846154
0 0.16105769230769232 0.3317307692307693 0.02403846153846154 0.02403846153846154
0 0.15625 0.34855769230769235 0.02403846153846154 0.02403846153846154
0 0.06971153846153846 0.33653846153846156 0.02403846153846154 0.02403846153846154
0 0.4134615384615385 0.3317307692307693 0.02403846153846154 0.02403846153846154
0 0.4086538461538462 0.43509615384615385 0.02403846153846154 0.02403846153846154
0 0.8605769230769231 0.19951923076923078 0.02403846153846154 0.02403846153846154
0 0.75 0.22836538461538464 0.02403846153846154 0.02403846153846154
0 0.7163461538461539 0.2139423076923077 0.02403846153846154 0.02403846153846154
0 0.5889423076923077 0.31730769230769235 0.02403846153846154 0.02403846153846154
0 0.6586538461538461 0.46875 0.02403846153846154 0.02403846153846154
0 0.8004807692307693 0.4447115384615385 0.02403846153846154 0.02403846153846154
0 0.7788461538461539 0.3822115384615385 0.02403846153846154 0.02403846153846154
0 0.8125 0.3629807692307693 0.02403846153846154 0.02403846153846154
0 0.9399038461538463 0.3966346153846154 0.02403846153846154 0.02403846153846154
0 0.9326923076923077 0.8677884615384616 0.02403846153846154 0.02403846153846154
0 0.7403846153846154 0.59375 0.02403846153846154 0.02403846153846154
0 0.4711538461538462 0.9302884615384616 0.02403846153846154 0.02403846153846154
0 0.15625 0.7572115384615385 0.02403846153846154 0.02403846153846154
0 0.15865384615384617 0.5528846153846154 0.02403846153846154 0.02403846153846154
0 0.08413461538461539 0.9182692307692308 0.02403846153846154 0.02403846153846154
0 0.27884615384615385 0.8485576923076924 0.02403846153846154 0.02403846153846154
0 0.09615384615384616 0.5480769230769231 0.02403846153846154 0.02403846153846154
0 0.05288461538461539 0.8052884615384616 0.02403846153846154 0.02403846153846154
