0 0.3581730769230769 0.8413461538461539 0.02403846153846154 0.02403846153846154
0 0.6274038461538461 0.6826923076923077 0.02403846153846154 0.02403846153846154
0 0.34855769230769235 0.6466346153846154 0.02403846153846154 0.02403846153846154
0 0.3942307692307693 0.5504807692307693 0.02403846153846154 0.02403846153846154
0 0.4206730769230769 0.3822115384615385 0.02403846153846154 0.02403846153846154
0 0.8677884615384616 0.37259615384615385 0.02403846153846154 0.02403846153846154
0 0.3629807692307693 0.31490384615384615 0.02403846153846154 0.02403846153846154
0 0.25 0.2932692307692308 0.02403846153846154 0.02403846153846154
0 0.7932692307692308 0.2403846153846154 0.02403846153846154 0.02403846153846154
0 0.8557692307692308 0.13942307692307693 0.02403846153846154 0.02403846153846154
0 0.8822115384615385 0.10336538461538462 0.02403846153846154 0.02403846153846154
0 0.8653846153846154 0.028846153846153848 0.02403846153846154 0.02403846153846154
0 0.43028846153846156 0.02403846153846154 0.02403846153846154 0.02403846153846154
0 0.4014423076923077 0.05288461538461539 0.02403846153846154 0.02403846153846154
0 0.4591346153846154 0.021634615384615384 0.02403846153846154 0.02403846153846154
0 0.41105769230769235 0.11778846153846155 0.02403846153846154 0.02403846153846154
0 0.35336538461538464 0.13221153846153846 0.02403846153846154 0.02403846153846154
0 0.34855769230769235 0.14903846153846154 0.02403846153846154 0.02403846153846154
0 0.2620192307692308 0.13701923076923078 0.02403846153846154 0.02403846153846154
0 0.6057692307692308 0.13221153846153846 0.02403846153846154 0.02403846153846154
0 0.6009615384615385 0.2355769230769231 0.02403846153846154 0.02403846153846154
0 0.9423076923076924 0.028846153846153848 0.02403846153846154 0.02403846153846154
0 0.78125 0.11778846153846155 0.02403846153846154 0.02403846153846154
0 0.8509615384615385 0.2692307692307693 0.02403846153846154 0.02403846153846154
0 0.9711538461538463 0.1826923076923077 0.02403846153846154 0.02403846153846154
0 0.9326923076923077 0.3942307692307693 0.02403846153846154 0.02403846153846154
0 0.7235576923076924 0.8725961538461539 0.02403846153846154 0.02403846153846154
0 0.7524038461538461 0.9543269230769231 0.02403846153846154 0.02403846153846154
0 0.6634615384615385 0.7307692307692308 0.02403846153846154 0.02403846153846154
0 0.6730769230769231 0.8461538461538463 0.02403846153846154 0.02403846153846154
0 0.34855769230769235 0.5576923076923077 0.02403846153846154 0.02403846153846154
0 0.3509615384615385 0.35336538461538464 0.02403846153846154 0.02403846153846154
0 0.038461538461538464 0.08413461538461539 0.02403846153846154 0.02403846153846154
0 0.12740384615384617 0.20673076923076925 0.02403846153846154 0.02403846153846154
0 0.1778846153846154 0.3341346153846154 0.02403846153846154 0.02403846153846154
0 0.10336538461538462 0.6658653846153847 0.02403846153846154 0.02403846153846154
0 0.2764423076923077 0.71875 0.02403846153846154 0.02403846153846154
0 0.3605769230769231 0.78125 0.02403846153846154 0.02403846153846154
0 0.4711538461538462 0.6490384615384616 0.02403846153846154 0.02403846153846154
0 0.2884615384615385 0.34855769230769235 0.02403846153846154 0.02403846153846154
0 0.2451923076923077 0.6057692307692308 0.02403846153846154 0.02403846153846154
