0 0.31730769230769235 0.889423076923077 0.02403846153846154 0.02403846153846154
0 0.5216346153846154 0.8798076923076924 0.02403846153846154 0.02403846153846154
0 0.701923076923077 0.8701923076923077 0.02403846153846154 0.02403846153846154
0 0.4495192307692308 0.7307692307692308 0.02403846153846154 0.02403846153846154
0 0.3245192307692308 0.6682692307692308 0.02403846153846154 0.02403846153846154
0 0.1201923076923077 0.5745192307692308 0.02403846153846154 0.02403846153846154
0 0.04326923076923077 0.49278846153846156 0.02403846153846154 0.02403846153846154
0 0.5192307692307693 0.4567307692307693 0.02403846153846154 0.02403846153846154
0 0.9423076923076924 0.3557692307692308 0.02403846153846154 0.02403846153846154
0 0.2956730769230769 0.3197115384615385 0.02403846153846154 0.02403846153846154
0 0.17067307692307693 0.25240384615384615 0.02403846153846154 0.02403846153846154
0 0.4086538461538462 0.2139423076923077 0.02403846153846154 0.02403846153846154
0 0.4639423076923077 0.17307692307692307 0.02403846153846154 0.02403846153846154
0 0.2620192307692308 0.1201923076923077 0.02403846153846154 0.02403846153846154
0 0.5889423076923077 0.09855769230769232 0.02403846153846154 0.02403846153846154
0 0.3125 0.057692307692307696 0.02403846153846154 0.02403846153846154
0 0.5793269230769231 0.04567307692307693 0.02403846153846154 0.02403846153846154
0 0.3653846153846154 0.040865384615384616 0.02403846153846154 0.02403846153846154
0 0.12740384615384617 0.026442307692307696 0.02403846153846154 0.02403846153846154
0 0.5841346153846154 0.07932692307692309 0.02403846153846154 0.02403846153846154
0 0.20192307692307693 0.0625 0.02403846153846154 0.02403846153846154
0 0.31730769230769235 0.2043269230769231 0.02403846153846154 0.02403846153846154
0 0.7740384615384616 0.16586538461538464 0.02403846153846154 0.02403846153846154
0 0.9326923076923077 0.11538461538461539 0.02403846153846154 0.02403846153846154
0 0.5600961538461539 0.12259615384615385 0.02403846153846154 0.02403846153846154
0 0.5697115384615385 0.31009615384615385 0.02403846153846154 0.02403846153846154
0 0.5528846153846154 0.2451923076923077 0.02403846153846154 0.02403846153846154
0 0.7836538461538461 0.3966346153846154 0.02403846153846154 0.02403846153846154
0 0.6466346153846154 0.5697115384615385 0.02403846153846154 0.02403846153846154
0 0.608173076923077 0.59375 0.02403846153846154 0.02403846153846154
0 0.5432692307692308 0.4711538461538462 0.02403846153846154 0.02403846153846154
0 0.3774038461538462 0.5072115384615384 0.02403846153846154 0.02403846153846154
0 0.44230769230769235 0.5913461538461539 0.02403846153846154 0.02403846153846154
0 0.6322115384615385 0.6586538461538461 0.02403846153846154 0.02403846153846154
0 0.6346153846153847 0.7716346153846154 0.02403846153846154 0.02403846153846154
0 0.6466346153846154 0.9158653846153847 0.02403846153846154 0.02403846153846154
0 0.6466346153846154 0.9447115384615385 0.02403846153846154 0.02403846153846154
0 0.6923076923076923 0.9110576923076924 0.02403846153846154 0.02403846153846154
0 0.8245192307692308 0.7668269230769231 0.02403846153846154 0.02403846153846154
0 0.7139423076923077 0.7788461538461539 0.02403846153846154 0.02403846153846154
0 0.11778846153846155 0.7908653846153847 0.02403846153846154 0.02403846153846154
0 0.07932692307692309 0.7788461538461539 0.02403846153846154 0.02403846153846154
0 0.9302884615384616 0.6466346153846154 0.02403846153846154 0.02403846153846154
0 0.03605769230769231 0.4495192307692308 0.02403846153846154 0.02403846153846154
0 0.15625 0.25961538461538464 0.02403846153846154 0.02403846153846154
0 0.14423076923076925 0.22115384615384617 0.02403846153846154 0.02403846153846154
