0 0.8846153846153847 0.9158653846153847 0.02403846153846154 0.02403846153846154
0 0.2572115384615385 0.8798076923076924 0.02403846153846154 0.02403846153846154
0 0.6658653846153847 0.7139423076923077 0.02403846153846154 0.02403846153846154
0 0.10576923076923078 0.5985576923076923 0.02403846153846154 0.02403846153846154
0 0.8197115384615385 0.5 0.02403846153846154 0.02403846153846154
0 0.9711538461538463 0.41105769230769235 0.02403846153846154 0.02403846153846154
0 0.7091346153846154 0.4014423076923077 0.02403846153846154 0.02403846153846154
0 0.6971153846153847 0.3822115384615385 0.02403846153846154 0.02403846153846154
0 0.03365384615384616 0.3605769230769231 0.02403846153846154 0.02403846153846154
0 0.8942307692307693 0.3293269230769231 0.02403846153846154 0.02403846153846154
0 0.3605769230769231 0.30528846153846156 0.02403846153846154 0.02403846153846154
0 0.5048076923076923 0.19711538461538464 0.02403846153846154 0.02403846153846154
0 0.96875 0.6274038461538461 0.02403846153846154 0.02403846153846154
0 0.9302884615384616 0.6153846153846154 0.02403846153846154 0.02403846153846154
0 0.764423076923077 0.4903846153846154 0.02403846153846154 0.02403846153846154
0 0.545673076923077 0.4495192307692308 0.02403846153846154 0.02403846153846154
0 0.47355769230769235 0.31009615384615385 0.02403846153846154 0.02403846153846154
0 0.6586538461538461 0.21153846153846156 0.02403846153846154 0.02403846153846154
0 0.5336538461538461 0.10817307692307693 0.02403846153846154 0.02403846153846154
0 0.2139423076923077 0.038461538461538464 0.02403846153846154 0.02403846153846154
0 0.37980769230769235 0.7091346153846154 0.02403846153846154 0.02403846153846154
0 0.5480769230769231 0.9086538461538463 0.02403846153846154 0.02403846153846154
0 0.4879807692307693 0.7548076923076924 0.02403846153846154 0.02403846153846154
0 0.639423076923077 0.8846153846153847 0.02403846153846154 0.02403846153846154
0 0.8990384615384616 0.9182692307692308 0.02403846153846154 0.02403846153846154
0 0.8870192307692308 0.28605769230769235 0.02403846153846154 0.02403846153846154
