0 0.6129807692307693 0.8990384615384616 0.02403846153846154 0.02403846153846154
0 0.8173076923076924 0.889423076923077 0.02403846153846154 0.02403846153846154
0 0.11057692307692309 0.8870192307692308 0.02403846153846154 0.02403846153846154
0 0.7451923076923077 0.7403846153846154 0.02403846153846154 0.02403846153846154
0 0.6201923076923077 0.6778846153846154 0.02403846153846154 0.02403846153846154
0 0.2644230769230769 0.6730769230769231 0.02403846153846154 0.02403846153846154
0 0.41586538461538464 0.5841346153846154 0.02403846153846154 0.02403846153846154
0 0.15384615384615385 0.5745192307692308 0.02403846153846154 0.02403846153846154
0 0.14182692307692307 0.5552884615384616 0.02403846153846154 0.02403846153846154
0 0.3389423076923077 0.5024038461538461 0.02403846153846154 0.02403846153846154
0 0.8149038461538461 0.46634615384615385 0.02403846153846154 0.02403846153846154
0 0.5913461538461539 0.3293269230769231 0.02403846153846154 0.02403846153846154
0 0.46634615384615385 0.2620192307692308 0.02403846153846154 0.02403846153846154
0 0.7043269230769231 0.22355769230769232 0.02403846153846154 0.02403846153846154
0 0.7596153846153847 0.1826923076923077 0.02403846153846154 0.02403846153846154
0 0.5576923076923077 0.12980769230769232 0.02403846153846154 0.02403846153846154
0 0.8846153846153847 0.10817307692307693 0.02403846153846154 0.02403846153846154
0 0.608173076923077 0.06730769230769232 0.02403846153846154 0.02403846153846154
0 0.875 0.05528846153846154 0.02403846153846154 0.02403846153846154
0 0.6610576923076923 0.05048076923076923 0.02403846153846154 0.02403846153846154
0 0.42307692307692313 0.03605769230769231 0.02403846153846154 0.02403846153846154
0 0.9158653846153847 0.02403846153846154 0.02403846153846154 0.02403846153846154
0 0.8798076923076924 0.0889423076923077 0.02403846153846154 0.02403846153846154
0 0.6802884615384616 0.028846153846153848 0.02403846153846154 0.02403846153846154
0 0.6177884615384616 0.026442307692307696 0.02403846153846154 0.02403846153846154
0 0.49759615384615385 0.07211538461538462 0.02403846153846154 0.02403846153846154
0 0.6129807692307693 0.2139423076923077 0.02403846153846154 0.02403846153846154
0 0.8557692307692308 0.13221153846153846 0.02403846153846154 0.02403846153846154
0 0.8653846153846154 0.3197115384615385 0.02403846153846154 0.02403846153846154
0 0.8485576923076924 0.25480769230769235 0.02403846153846154 0.02403846153846154
0 0.9423076923076924 0.5793269230769231 0.02403846153846154 0.02403846153846154
0 0.9038461538461539 0.6033653846153847 0.02403846153846154 0.02403846153846154
0 0.8389423076923077 0.4807692307692308 0.02403846153846154 0.02403846153846154
0 0.6730769230769231 0.5168269230769231 0.02403846153846154 0.02403846153846154
0 0.7379807692307693 0.6009615384615385 0.02403846153846154 0.02403846153846154
0 0.9278846153846154 0.6682692307692308 0.02403846153846154 0.02403846153846154
0 0.9302884615384616 0.78125 0.02403846153846154 0.02403846153846154
0 0.9423076923076924 0.9254807692307693 0.02403846153846154 0.02403846153846154
0 0.9423076923076924 0.9543269230769231 0.02403846153846154 0.02403846153846154
0 0.4134615384615385 0.8004807692307693 0.02403846153846154 0.02403846153846154
0 0.375 0.7884615384615385 0.02403846153846154 0.02403846153846154
0 0.2091346153846154 0.6634615384615385 0.02403846153846154 0.02403846153846154
0 0.10336538461538462 0.38461538461538464 0.02403846153846154 0.02403846153846154
0 0.3317307692307693 0.4591346153846154 0.02403846153846154 0.02403846153846154
0 0.4519230769230769 0.2692307692307693 0.02403846153846154 0.02403846153846154
0 0.4399038461538462 0.23076923076923078 0.02403846153846154 0.02403846153846154
