0 0.10096153846153846 0.8221153846153847 0.02403846153846154 0.02403846153846154
0 0.19230769230769232 0.71875 0.02403846153846154 0.02403846153846154
0 0.38461538461538464 0.6322115384615385 0.02403846153846154 0.02403846153846154
0 0.5889423076923077 0.6225961538461539 0.02403846153846154 0.02403846153846154
0 0.7692307692307693 0.6129807692307693 0.02403846153846154 0.02403846153846154
0 0.5168269230769231 0.47355769230769235 0.02403846153846154 0.02403846153846154
0 0.3918269230769231 0.41105769230769235 0.02403846153846154 0.02403846153846154
0 0.03605769230769231 0.40625 0.02403846153846154 0.02403846153846154
0 0.1875 0.31730769230769235 0.02403846153846154 0.02403846153846154
0 0.11057692307692309 0.2355769230769231 0.02403846153846154 0.02403846153846154
0 0.5865384615384616 0.19951923076923078 0.02403846153846154 0.02403846153846154
0 0.3629807692307693 0.0625 0.02403846153846154 0.02403846153846154
0 0.6370192307692308 0.05288461538461539 0.02403846153846154 0.02403846153846154
0 0.8509615384615385 0.13942307692307693 0.02403846153846154 0.02403846153846154
0 0.7139423076923077 0.3125 0.02403846153846154 0.02403846153846154
0 0.6754807692307693 0.33653846153846156 0.02403846153846154 0.02403846153846154
0 0.6105769230769231 0.2139423076923077 0.02403846153846154 0.02403846153846154
0 0.4447115384615385 0.25 0.02403846153846154 0.02403846153846154
0 0.5096153846153847 0.3341346153846154 0.02403846153846154 0.02403846153846154
0 0.6995192307692308 0.4014423076923077 0.02403846153846154 0.02403846153846154
0 0.701923076923077 0.514423076923077 0.02403846153846154 0.02403846153846154
0 0.7139423076923077 0.6586538461538461 0.02403846153846154 0.02403846153846154
0 0.7139423076923077 0.6875 0.02403846153846154 0.02403846153846154
0 0.7596153846153847 0.6538461538461539 0.02403846153846154 0.02403846153846154
0 0.8918269230769231 0.5096153846153847 0.02403846153846154 0.02403846153846154
0 0.78125 0.5216346153846154 0.02403846153846154 0.02403846153846154
0 0.8125 0.795673076923077 0.02403846153846154 0.02403846153846154
0 0.7716346153846154 0.8052884615384616 0.02403846153846154 0.02403846153846154
0 0.44230769230769235 0.9302884615384616 0.02403846153846154 0.02403846153846154
0 0.18509615384615385 0.5336538461538461 0.02403846153846154 0.02403846153846154
0 0.1466346153846154 0.5216346153846154 0.02403846153846154 0.02403846153846154
0 0.11538461538461539 0.8245192307692308 0.02403846153846154 0.02403846153846154
0 0.84375 0.8725961538461539 0.02403846153846154 0.02403846153846154
0 0.9615384615384616 0.858173076923077 0.02403846153846154 0.02403846153846154
0 0.10336538461538462 0.19230769230769232 0.02403846153846154 0.02403846153846154
