0 0.71875 0.7235576923076924 0.02403846153846154 0.02403846153846154
0 0.6466346153846154 0.48557692307692313 0.02403846153846154 0.02403846153846154
0 0.5192307692307693 0.12259615384615385 0.02403846153846154 0.02403846153846154
0 0.9182692307692308 0.10817307692307693 0.02403846153846154 0.02403846153846154
0 0.826923076923077 0.16346153846153846 0.02403846153846154 0.02403846153846154
0 0.5697115384615385 0.4951923076923077 0.02403846153846154 0.02403846153846154
0 0.5024038461538461 0.5048076923076923 0.02403846153846154 0.02403846153846154
0 0.3197115384615385 0.4182692307692308 0.02403846153846154 0.02403846153846154
0 0.08413461538461539 0.2139423076923077 0.02403846153846154 0.02403846153846154
0 0.39903846153846156 0.795673076923077 0.02403846153846154 0.02403846153846154
