0 0.75 0.8605769230769231 0.02403846153846154 0.02403846153846154
0 0.4206730769230769 0.8509615384615385 0.02403846153846154 0.02403846153846154
0 0.7620192307692308 0.7932692307692308 0.02403846153846154 0.02403846153846154
0 0.5600961538461539 0.701923076923077 0.02403846153846154 0.02403846153846154
0 0.6201923076923077 0.639423076923077 0.02403846153846154 0.02403846153846154
0 0.49759615384615385 0.4375 0.02403846153846154 0.02403846153846154
0 0.17307692307692307 0.028846153846153848 0.02403846153846154 0.02403846153846154
0 0.49759615384615385 0.07932692307692309 0.02403846153846154 0.02403846153846154
0 0.37980769230769235 0.2980769230769231 0.02403846153846154 0.02403846153846154
0 0.12980769230769232 0.6586538461538461 0.02403846153846154 0.02403846153846154
0 0.22115384615384617 0.7115384615384616 0.02403846153846154 0.02403846153846154
0 0.2091346153846154 0.7403846153846154 0.02403846153846154 0.02403846153846154
0 0.3918269230769231 0.7475961538461539 0.02403846153846154 0.02403846153846154
0 0.31009615384615385 0.9278846153846154 0.02403846153846154 0.02403846153846154
0 0.8125 0.43028846153846156 0.02403846153846154 0.02403846153846154
0 0.7908653846153847 0.5600961538461539 0.02403846153846154 0.02403846153846154
0 0.6370192307692308 0.32211538461538464 0.02403846153846154 0.02403846153846154
0 0.6850961538461539 0.3317307692307693 0.02403846153846154 0.02403846153846154
0 0.8966346153846154 0.33653846153846156 0.02403846153846154 0.02403846153846154
0 0.8870192307692308 0.36778846153846156 0.02403846153846154 0.02403846153846154
0 0.9038461538461539 0.24759615384615385 0.02403846153846154 0.02403846153846154
0 0.8966346153846154 0.23076923076923078 0.02403846153846154 0.02403846153846154
0 0.9543269230769231 0.22836538461538464 0.02403846153846154 0.02403846153846154
0 0.9014423076923077 0.42307692307692313 0.02403846153846154 0.02403846153846154
