0 0.7355769230769231 0.8100961538461539 0.02403846153846154 0.02403846153846154
0 0.7524038461538461 0.7764423076923077 0.02403846153846154 0.02403846153846154
0 0.7548076923076924 0.6418269230769231 0.02403846153846154 0.02403846153846154
0 0.46875 0.5745192307692308 0.02403846153846154 0.02403846153846154
0 0.32211538461538464 0.5264423076923077 0.02403846153846154 0.02403846153846154
0 0.6754807692307693 0.49759615384615385 0.02403846153846154 0.02403846153846154
0 0.2764423076923077 0.4879807692307693 0.02403846153846154 0.02403846153846154
0 0.19711538461538464 0.3942307692307693 0.02403846153846154 0.02403846153846154
0 0.9447115384615385 0.3822115384615385 0.02403846153846154 0.02403846153846154
0 0.2139423076923077 0.3701923076923077 0.02403846153846154 0.02403846153846154
0 0.0625 0.2980769230769231 0.02403846153846154 0.02403846153846154
0 0.4567307692307693 0.25961538461538464 0.02403846153846154 0.02403846153846154
0 0.03365384615384616 0.2620192307692308 0.02403846153846154 0.02403846153846154
0 0.7788461538461539 0.24278846153846156 0.02403846153846154 0.02403846153846154
0 0.9663461538461539 0.2355769230769231 0.02403846153846154 0.02403846153846154
0 0.6947115384615385 0.18509615384615385 0.02403846153846154 0.02403846153846154
0 0.3629807692307693 0.1826923076923077 0.02403846153846154 0.02403846153846154
0 0.9399038461538463 0.31490384615384615 0.02403846153846154 0.02403846153846154
0 0.7091346153846154 0.2932692307692308 0.02403846153846154 0.02403846153846154
0 0.6610576923076923 0.3028846153846154 0.02403846153846154 0.02403846153846154
0 0.639423076923077 0.41586538461538464 0.02403846153846154 0.02403846153846154
0 0.3581730769230769 0.2403846153846154 0.02403846153846154 0.02403846153846154
0 0.16346153846153846 0.31009615384615385 0.02403846153846154 0.02403846153846154
0 0.5576923076923077 0.02403846153846154 0.02403846153846154 0.02403846153846154
0 0.8173076923076924 0.13942307692307693 0.02403846153846154 0.02403846153846154
0 0.19951923076923078 0.8052884615384616 0.02403846153846154 0.02403846153846154
0 0.36778846153846156 0.6225961538461539 0.02403846153846154 0.02403846153846154
0 0.30528846153846156 0.9014423076923077 0.02403846153846154 0.02403846153846154
