0 0.34615384615384615 0.9278846153846154 0.02403846153846154 0.02403846153846154
0 0.6923076923076923 0.889423076923077 0.02403846153846154 0.02403846153846154
0 0.5120192307692308 0.8509615384615385 0.02403846153846154 0.02403846153846154
0 0.6682692307692308 0.7692307692307693 0.02403846153846154 0.02403846153846154
0 0.59375 0.7379807692307693 0.02403846153846154 0.02403846153846154
0 0.47836538461538464 0.7067307692307693 0.02403846153846154 0.02403846153846154
0 0.764423076923077 0.7043269230769231 0.02403846153846154 0.02403846153846154
0 0.375 0.6658653846153847 0.02403846153846154 0.02403846153846154
0 0.920673076923077 0.6346153846153847 0.02403846153846154 0.02403846153846154
0 0.5961538461538461 0.6105769230769231 0.02403846153846154 0.02403846153846154
0 0.6971153846153847 0.59375 0.02403846153846154 0.02403846153846154
0 0.31009615384615385 0.5697115384615385 0.02403846153846154 0.02403846153846154
0 0.16586538461538464 0.5576923076923077 0.02403846153846154 0.02403846153846154
0 0.795673076923077 0.5240384615384616 0.02403846153846154 0.02403846153846154
0 0.7908653846153847 0.5048076923076923 0.02403846153846154 0.02403846153846154
0 0.16346153846153846 0.49759615384615385 0.02403846153846154 0.02403846153846154
0 0.4759615384615385 0.4807692307692308 0.02403846153846154 0.02403846153846154
0 0.5120192307692308 0.4759615384615385 0.02403846153846154 0.02403846153846154
0 0.6418269230769231 0.4711538461538462 0.02403846153846154 0.02403846153846154
0 0.7524038461538461 0.4399038461538462 0.02403846153846154 0.02403846153846154
0 0.31009615384615385 0.4134615384615385 0.02403846153846154 0.02403846153846154
0 0.2884615384615385 0.3942307692307693 0.02403846153846154 0.02403846153846154
0 0.5024038461538461 0.38461538461538464 0.02403846153846154 0.02403846153846154
0 0.16346153846153846 0.3701923076923077 0.02403846153846154 0.02403846153846154
0 0.4326923076923077 0.35336538461538464 0.02403846153846154 0.02403846153846154
0 0.8557692307692308 0.34375 0.02403846153846154 0.02403846153846154
0 0.31490384615384615 0.34375 0.02403846153846154 0.02403846153846154
0 0.125 0.34134615384615385 0.02403846153846154 0.02403846153846154
0 0.3605769230769231 0.3293269230769231 0.02403846153846154 0.02403846153846154
0 0.44711538461538464 0.25 0.02403846153846154 0.02403846153846154
0 0.8389423076923077 0.2355769230769231 0.02403846153846154 0.02403846153846154
0 0.514423076923077 0.2355769230769231 0.02403846153846154 0.02403846153846154
0 0.7475961538461539 0.22115384615384617 0.02403846153846154 0.02403846153846154
0 0.09375 0.16586538461538464 0.02403846153846154 0.02403846153846154
0 0.8725961538461539 0.16105769230769232 0.02403846153846154 0.02403846153846154
0 0.7451923076923077 0.15384615384615385 0.02403846153846154 0.02403846153846154
0 0.8774038461538463 0.13461538461538464 0.02403846153846154 0.02403846153846154
0 0.9615384615384616 0.12259615384615385 0.02403846153846154 0.02403846153846154
0 0.07932692307692309 0.10576923076923078 0.02403846153846154 0.02403846153846154
0 0.9086538461538463 0.0889423076923077 0.02403846153846154 0.02403846153846154
0 0.5432692307692308 0.07211538461538462 0.02403846153846154 0.02403846153846154
0 0.6346153846153847 0.06971153846153846 0.02403846153846154 0.02403846153846154
0 0.12740384615384617 0.026442307692307696 0.02403846153846154 0.02403846153846154
0 0.04326923076923077 0.03125 0.02403846153846154 0.02403846153846154
0 0.1201923076923077 0.16346153846153846 0.02403846153846154 0.02403846153846154
0 0.34615384615384615 0.11298076923076923 0.02403846153846154 0.02403846153846154
0 0.2572115384615385 0.1875 0.02403846153846154 0.02403846153846154
0 0.7403846153846154 0.040865384615384616 0.02403846153846154 0.02403846153846154
0 0.84375 0.10096153846153846 0.02403846153846154 0.02403846153846154
0 0.90625 0.12740384615384617 0.02403846153846154 0.02403846153846154
0 0.9567307692307693 0.4182692307692308 0.02403846153846154 0.02403846153846154
0 0.8557692307692308 0.5360576923076923 0.02403846153846154 0.02403846153846154
0 0.7548076923076924 0.6274038461538461 0.02403846153846154 0.02403846153846154
0 0.701923076923077 0.5072115384615384 0.02403846153846154 0.02403846153846154
0 0.5673076923076923 0.5408653846153847 0.02403846153846154 0.02403846153846154
0 0.5168269230769231 0.5048076923076923 0.02403846153846154 0.02403846153846154
0 0.5600961538461539 0.5913461538461539 0.02403846153846154 0.02403846153846154
0 0.6274038461538461 0.6850961538461539 0.02403846153846154 0.02403846153846154
0 0.5216346153846154 0.9182692307692308 0.02403846153846154 0.02403846153846154
0 0.3028846153846154 0.5240384615384616 0.02403846153846154 0.02403846153846154
0 0.1826923076923077 0.4807692307692308 0.02403846153846154 0.02403846153846154
0 0.9615384615384616 0.9615384615384616 0.02403846153846154 0.02403846153846154
