0 0.6730769230769231 0.9591346153846154 0.02403846153846154 0.02403846153846154
0 0.8293269230769231 0.9302884615384616 0.02403846153846154 0.02403846153846154
0 0.32211538461538464 0.9134615384615385 0.02403846153846154 0.02403846153846154
0 0.24759615384615385 0.8822115384615385 0.02403846153846154 0.02403846153846154
0 0.13221153846153846 0.8509615384615385 0.02403846153846154 0.02403846153846154
0 0.4182692307692308 0.8485576923076924 0.02403846153846154 0.02403846153846154
0 0.028846153846153848 0.8100961538461539 0.02403846153846154 0.02403846153846154
0 0.5745192307692308 0.7788461538461539 0.02403846153846154 0.02403846153846154
0 0.25 0.7548076923076924 0.02403846153846154 0.02403846153846154
0 0.3509615384615385 0.7379807692307693 0.02403846153846154 0.02403846153846154
0 0.4495192307692308 0.6682692307692308 0.02403846153846154 0.02403846153846154
0 0.4447115384615385 0.6490384615384616 0.02403846153846154 0.02403846153846154
0 0.7836538461538461 0.6274038461538461 0.02403846153846154 0.02403846153846154
0 0.12980769230769232 0.625 0.02403846153846154 0.02403846153846154
0 0.16586538461538464 0.6201923076923077 0.02403846153846154 0.02403846153846154
0 0.2956730769230769 0.6153846153846154 0.02403846153846154 0.02403846153846154
0 0.40625 0.5841346153846154 0.02403846153846154 0.02403846153846154
0 0.15625 0.5288461538461539 0.02403846153846154 0.02403846153846154
0 0.08653846153846154 0.49759615384615385 0.02403846153846154 0.02403846153846154
0 0.5096153846153847 0.4879807692307693 0.02403846153846154 0.02403846153846154
0 0.10096153846153846 0.3942307692307693 0.02403846153846154 0.02403846153846154
0 0.49278846153846156 0.37980769230769235 0.02403846153846154 0.02403846153846154
0 0.16826923076923078 0.37980769230769235 0.02403846153846154 0.02403846153846154
0 0.4014423076923077 0.3653846153846154 0.02403846153846154 0.02403846153846154
0 0.5264423076923077 0.30528846153846156 0.02403846153846154 0.02403846153846154
0 0.39903846153846156 0.2980769230769231 0.02403846153846154 0.02403846153846154
0 0.53125 0.27884615384615385 0.02403846153846154 0.02403846153846154
0 0.6153846153846154 0.2668269230769231 0.02403846153846154 0.02403846153846154
0 0.8653846153846154 0.2620192307692308 0.02403846153846154 0.02403846153846154
0 0.9615384615384616 0.25961538461538464 0.02403846153846154 0.02403846153846154
0 0.5625 0.23317307692307693 0.02403846153846154 0.02403846153846154
0 0.7211538461538461 0.22115384615384617 0.02403846153846154 0.02403846153846154
0 0.19711538461538464 0.21634615384615385 0.02403846153846154 0.02403846153846154
0 0.2884615384615385 0.2139423076923077 0.02403846153846154 0.02403846153846154
0 0.8485576923076924 0.17548076923076925 0.02403846153846154 0.02403846153846154
0 0.8028846153846154 0.13942307692307693 0.02403846153846154 0.02403846153846154
0 0.889423076923077 0.12980769230769232 0.02403846153846154 0.02403846153846154
0 0.23076923076923078 0.12259615384615385 0.02403846153846154 0.02403846153846154
0 0.12259615384615385 0.10096153846153846 0.02403846153846154 0.02403846153846154
0 0.6225961538461539 0.09375 0.02403846153846154 0.02403846153846154
0 0.2668269230769231 0.09375 0.02403846153846154 0.02403846153846154
0 0.9375 0.06009615384615385 0.02403846153846154 0.02403846153846154
0 0.5600961538461539 0.05528846153846154 0.02403846153846154 0.02403846153846154
0 0.08653846153846154 0.06009615384615385 0.02403846153846154 0.02403846153846154
0 0.08173076923076923 0.14903846153846154 0.02403846153846154 0.02403846153846154
0 0.17548076923076925 0.1514423076923077 0.02403846153846154 0.02403846153846154
0 0.3942307692307693 0.18509615384615385 0.02403846153846154 0.02403846153846154
0 0.4519230769230769 0.10576923076923078 0.02403846153846154 0.02403846153846154
0 0.49759615384615385 0.2451923076923077 0.02403846153846154 0.02403846153846154
0 0.5600961538461539 0.2716346153846154 0.02403846153846154 0.02403846153846154
0 0.639423076923077 0.18509615384615385 0.02403846153846154 0.02403846153846154
0 0.6850961538461539 0.13461538461538464 0.02403846153846154 0.02403846153846154
0 0.7043269230769231 0.19230769230769232 0.02403846153846154 0.02403846153846154
0 0.7548076923076924 0.17307692307692307 0.02403846153846154 0.02403846153846154
0 0.920673076923077 0.08653846153846154 0.02403846153846154 0.02403846153846154
0 0.9711538461538463 0.514423076923077 0.02403846153846154 0.02403846153846154
0 0.7283653846153847 0.6490384615384616 0.02403846153846154 0.02403846153846154
0 0.6514423076923077 0.5913461538461539 0.02403846153846154 0.02403846153846154
0 0.6105769230769231 0.5625 0.02403846153846154 0.02403846153846154
0 0.5096153846153847 0.6802884615384616 0.02403846153846154 0.02403846153846154
0 0.4086538461538462 0.7716346153846154 0.02403846153846154 0.02403846153846154
0 0.3557692307692308 0.6514423076923077 0.02403846153846154 0.02403846153846154
0 0.22115384615384617 0.6850961538461539 0.02403846153846154 0.02403846153846154
0 0.17067307692307693 0.6490384615384616 0.02403846153846154 0.02403846153846154
0 0.2139423076923077 0.7355769230769231 0.02403846153846154 0.02403846153846154
0 0.28125 0.8293269230769231 0.02403846153846154 0.02403846153846154
0 0.7788461538461539 0.8605769230769231 0.02403846153846154 0.02403846153846154
