0 0.32211538461538464 0.9663461538461539 0.02403846153846154 0.02403846153846154
0 0.05288461538461539 0.9302884615384616 0.02403846153846154 0.02403846153846154
0 0.05048076923076923 0.8341346153846154 0.02403846153846154 0.02403846153846154
0 0.10096153846153846 0.7692307692307693 0.02403846153846154 0.02403846153846154
0 0.5120192307692308 0.7091346153846154 0.02403846153846154 0.02403846153846154
0 0.375 0.6153846153846154 0.02403846153846154 0.02403846153846154
0 0.05528846153846154 0.46634615384615385 0.02403846153846154 0.02403846153846154
0 0.7067307692307693 0.4086538461538462 0.02403846153846154 0.02403846153846154
0 0.4375 0.2451923076923077 0.02403846153846154 0.02403846153846154
0 0.42307692307692313 0.20192307692307693 0.02403846153846154 0.02403846153846154
0 0.6177884615384616 0.15625 0.02403846153846154 0.02403846153846154
0 0.49278846153846156 0.16346153846153846 0.02403846153846154 0.02403846153846154
0 0.3966346153846154 0.1466346153846154 0.02403846153846154 0.02403846153846154
0 0.3942307692307693 0.10576923076923078 0.02403846153846154 0.02403846153846154
0 0.13701923076923078 0.10096153846153846 0.02403846153846154 0.02403846153846154
0 0.23317307692307693 0.09855769230769232 0.02403846153846154 0.02403846153846154
0 0.5048076923076923 0.08413461538461539 0.02403846153846154 0.02403846153846154
0 0.5889423076923077 0.038461538461538464 0.02403846153846154 0.02403846153846154
0 0.34375 0.08173076923076923 0.02403846153846154 0.02403846153846154
0 0.701923076923077 0.07451923076923077 0.02403846153846154 0.02403846153846154
0 0.7884615384615385 0.2451923076923077 0.02403846153846154 0.02403846153846154
0 0.7475961538461539 0.25 0.02403846153846154 0.02403846153846154
0 0.7235576923076924 0.24759615384615385 0.02403846153846154 0.02403846153846154
0 0.6490384615384616 0.2692307692307693 0.02403846153846154 0.02403846153846154
0 0.5649038461538461 0.18028846153846154 0.02403846153846154 0.02403846153846154
0 0.4399038461538462 0.18028846153846154 0.02403846153846154 0.02403846153846154
0 0.3341346153846154 0.4182692307692308 0.02403846153846154 0.02403846153846154
0 0.28605769230769235 0.3629807692307693 0.02403846153846154 0.02403846153846154
0 0.24278846153846156 0.35336538461538464 0.02403846153846154 0.02403846153846154
0 0.4014423076923077 0.2932692307692308 0.02403846153846154 0.02403846153846154
0 0.5745192307692308 0.5913461538461539 0.02403846153846154 0.02403846153846154
0 0.5432692307692308 0.5697115384615385 0.02403846153846154 0.02403846153846154
0 0.53125 0.5889423076923077 0.02403846153846154 0.02403846153846154
0 0.5168269230769231 0.5480769230769231 0.02403846153846154 0.02403846153846154
0 0.4807692307692308 0.5985576923076923 0.02403846153846154 0.02403846153846154
0 0.4375 0.5865384615384616 0.02403846153846154 0.02403846153846154
0 0.3629807692307693 0.545673076923077 0.02403846153846154 0.02403846153846154
0 0.27403846153846156 0.4759615384615385 0.02403846153846154 0.02403846153846154
0 0.2764423076923077 0.5432692307692308 0.02403846153846154 0.02403846153846154
0 0.9158653846153847 0.49759615384615385 0.02403846153846154 0.02403846153846154
0 0.8605769230769231 0.6730769230769231 0.02403846153846154 0.02403846153846154
0 0.6682692307692308 0.5600961538461539 0.02403846153846154 0.02403846153846154
0 0.5985576923076923 0.8028846153846154 0.02403846153846154 0.02403846153846154
0 0.5576923076923077 0.701923076923077 0.02403846153846154 0.02403846153846154
0 0.6201923076923077 0.7067307692307693 0.02403846153846154 0.02403846153846154
0 0.4519230769230769 0.6923076923076923 0.02403846153846154 0.02403846153846154
0 0.6826923076923077 0.8942307692307693 0.02403846153846154 0.02403846153846154
0 0.05048076923076923 0.6995192307692308 0.02403846153846154 0.02403846153846154
0 0.2043269230769231 0.9350961538461539 0.02403846153846154 0.02403846153846154
