0 0.3774038461538462 0.8677884615384616 0.02403846153846154 0.02403846153846154
0 0.6995192307692308 0.8509615384615385 0.02403846153846154 0.02403846153846154
0 0.8870192307692308 0.84375 0.02403846153846154 0.02403846153846154
0 0.6153846153846154 0.7932692307692308 0.02403846153846154 0.02403846153846154
0 0.28365384615384615 0.7908653846153847 0.02403846153846154 0.02403846153846154
0 0.920673076923077 0.7884615384615385 0.02403846153846154 0.02403846153846154
0 0.1466346153846154 0.6177884615384616 0.02403846153846154 0.02403846153846154
0 0.5 0.5192307692307693 0.02403846153846154 0.02403846153846154
0 0.5072115384615384 0.4711538461538462 0.02403846153846154 0.02403846153846154
0 0.24278846153846156 0.4278846153846154 0.02403846153846154 0.02403846153846154
0 0.27884615384615385 0.35336538461538464 0.02403846153846154 0.02403846153846154
0 0.9158653846153847 0.34134615384615385 0.02403846153846154 0.02403846153846154
0 0.9567307692307693 0.32211538461538464 0.02403846153846154 0.02403846153846154
0 0.1778846153846154 0.30528846153846156 0.02403846153846154 0.02403846153846154
0 0.5721153846153847 0.29086538461538464 0.02403846153846154 0.02403846153846154
0 0.6225961538461539 0.28125 0.02403846153846154 0.02403846153846154
0 0.5865384615384616 0.2764423076923077 0.02403846153846154 0.02403846153846154
0 0.7836538461538461 0.2644230769230769 0.02403846153846154 0.02403846153846154
0 0.3822115384615385 0.2644230769230769 0.02403846153846154 0.02403846153846154
0 0.2932692307692308 0.2644230769230769 0.02403846153846154 0.02403846153846154
0 0.08173076923076923 0.2572115384615385 0.02403846153846154 0.02403846153846154
0 0.7211538461538461 0.23798076923076925 0.02403846153846154 0.02403846153846154
0 0.14903846153846154 0.23317307692307693 0.02403846153846154 0.02403846153846154
0 0.3076923076923077 0.18990384615384617 0.02403846153846154 0.02403846153846154
0 0.4711538461538462 0.1826923076923077 0.02403846153846154 0.02403846153846154
0 0.4807692307692308 0.16346153846153846 0.02403846153846154 0.02403846153846154
0 0.1875 0.12740384615384617 0.02403846153846154 0.02403846153846154
0 0.5024038461538461 0.05048076923076923 0.02403846153846154 0.02403846153846154
0 0.9182692307692308 0.9110576923076924 0.02403846153846154 0.02403846153846154
0 0.8605769230769231 0.9230769230769231 0.02403846153846154 0.02403846153846154
0 0.6298076923076923 0.9014423076923077 0.02403846153846154 0.02403846153846154
0 0.5817307692307693 0.9110576923076924 0.02403846153846154 0.02403846153846154
0 0.27884615384615385 0.8485576923076924 0.02403846153846154 0.02403846153846154
0 0.08413461538461539 0.9182692307692308 0.02403846153846154 0.02403846153846154
0 0.65625 0.625 0.02403846153846154 0.02403846153846154
0 0.47836538461538464 0.6322115384615385 0.02403846153846154 0.02403846153846154
0 0.6658653846153847 0.14423076923076925 0.02403846153846154 0.02403846153846154
0 0.9350961538461539 0.19471153846153846 0.02403846153846154 0.02403846153846154
0 0.8461538461538463 0.25240384615384615 0.02403846153846154 0.02403846153846154
0 0.8245192307692308 0.27884615384615385 0.02403846153846154 0.02403846153846154
0 0.9615384615384616 0.49278846153846156 0.02403846153846154 0.02403846153846154
0 0.8533653846153847 0.36778846153846156 0.02403846153846154 0.02403846153846154
0 0.7259615384615385 0.6105769230769231 0.02403846153846154 0.02403846153846154
0 0.7379807692307693 0.7475961538461539 0.02403846153846154 0.02403846153846154
0 0.19951923076923078 0.4879807692307693 0.02403846153846154 0.02403846153846154
0 0.20673076923076925 0.5625 0.02403846153846154 0.02403846153846154
0 0.34855769230769235 0.3557692307692308 0.02403846153846154 0.02403846153846154
0 0.4447115384615385 0.3557692307692308 0.02403846153846154 0.02403846153846154
0 0.44711538461538464 0.21153846153846156 0.02403846153846154 0.02403846153846154
0 0.46153846153846156 0.25961538461538464 0.02403846153846154 0.02403846153846154
0 0.2764423076923077 0.31009615384615385 0.02403846153846154 0.02403846153846154
0 0.11298076923076923 0.38461538461538464 0.02403846153846154 0.02403846153846154
0 0.05048076923076923 0.41105769230769235 0.02403846153846154 0.02403846153846154
0 0.19711538461538464 0.1778846153846154 0.02403846153846154 0.02403846153846154
0 0.09134615384615385 0.12740384615384617 0.02403846153846154 0.02403846153846154
0 0.5649038461538461 0.028846153846153848 0.02403846153846154 0.02403846153846154
