0 0.2355769230769231 0.9543269230769231 0.02403846153846154 0.02403846153846154
0 0.0889423076923077 0.90625 0.02403846153846154 0.02403846153846154
0 0.44230769230769235 0.8774038461538463 0.02403846153846154 0.02403846153846154
0 0.04326923076923077 0.8677884615384616 0.02403846153846154 0.02403846153846154
0 0.8653846153846154 0.8485576923076924 0.02403846153846154 0.02403846153846154
0 0.7115384615384616 0.7620192307692308 0.02403846153846154 0.02403846153846154
0 0.22355769230769232 0.639423076923077 0.02403846153846154 0.02403846153846154
0 0.545673076923077 0.6225961538461539 0.02403846153846154 0.02403846153846154
0 0.733173076923077 0.6153846153846154 0.02403846153846154 0.02403846153846154
0 0.46153846153846156 0.5649038461538461 0.02403846153846154 0.02403846153846154
0 0.12980769230769232 0.5625 0.02403846153846154 0.02403846153846154
0 0.7668269230769231 0.5600961538461539 0.02403846153846154 0.02403846153846154
0 0.9567307692307693 0.4519230769230769 0.02403846153846154 0.02403846153846154
0 0.9423076923076924 0.3581730769230769 0.02403846153846154 0.02403846153846154
0 0.34615384615384615 0.29086538461538464 0.02403846153846154 0.02403846153846154
0 0.35336538461538464 0.24278846153846156 0.02403846153846154 0.02403846153846154
0 0.0889423076923077 0.19951923076923078 0.02403846153846154 0.02403846153846154
0 0.8918269230769231 0.19711538461538464 0.02403846153846154 0.02403846153846154
0 0.125 0.125 0.02403846153846154 0.02403846153846154
0 0.7620192307692308 0.11298076923076923 0.02403846153846154 0.02403846153846154
0 0.8028846153846154 0.09375 0.02403846153846154 0.02403846153846154
0 0.02403846153846154 0.07692307692307693 0.02403846153846154 0.02403846153846154
0 0.4182692307692308 0.0625 0.02403846153846154 0.02403846153846154
0 0.46875 0.05288461538461539 0.02403846153846154 0.02403846153846154
0 0.4326923076923077 0.04807692307692308 0.02403846153846154 0.02403846153846154
0 0.8341346153846154 0.03605769230769231 0.02403846153846154 0.02403846153846154
0 0.6298076923076923 0.03605769230769231 0.02403846153846154 0.02403846153846154
0 0.22836538461538464 0.03605769230769231 0.02403846153846154 0.02403846153846154
0 0.13942307692307693 0.03605769230769231 0.02403846153846154 0.02403846153846154
0 0.9086538461538463 0.5673076923076923 0.02403846153846154 0.02403846153846154
0 0.9182692307692308 0.6346153846153847 0.02403846153846154 0.02403846153846154
0 0.764423076923077 0.6826923076923077 0.02403846153846154 0.02403846153846154
0 0.7067307692307693 0.6947115384615385 0.02403846153846154 0.02403846153846154
0 0.8341346153846154 0.7572115384615385 0.02403846153846154 0.02403846153846154
0 0.8918269230769231 0.8028846153846154 0.02403846153846154 0.02403846153846154
0 0.9591346153846154 0.8870192307692308 0.02403846153846154 0.02403846153846154
0 0.4759615384615385 0.6730769230769231 0.02403846153846154 0.02403846153846154
0 0.4278846153846154 0.6826923076923077 0.02403846153846154 0.02403846153846154
0 0.40625 0.795673076923077 0.02403846153846154 0.02403846153846154
0 0.125 0.6201923076923077 0.02403846153846154 0.02403846153846154
0 0.5024038461538461 0.3966346153846154 0.02403846153846154 0.02403846153846154
0 0.3245192307692308 0.40384615384615385 0.02403846153846154 0.02403846153846154
0 0.8966346153846154 0.040865384615384616 0.02403846153846154 0.02403846153846154
0 0.6923076923076923 0.02403846153846154 0.02403846153846154 0.02403846153846154
0 0.670673076923077 0.05048076923076923 0.02403846153846154 0.02403846153846154
0 0.9639423076923077 0.3197115384615385 0.02403846153846154 0.02403846153846154
0 0.8076923076923077 0.2644230769230769 0.02403846153846154 0.02403846153846154
0 0.826923076923077 0.3076923076923077 0.02403846153846154 0.02403846153846154
0 0.6995192307692308 0.13942307692307693 0.02403846153846154 0.02403846153846154
0 0.5721153846153847 0.3822115384615385 0.02403846153846154 0.02403846153846154
0 0.5841346153846154 0.5192307692307693 0.02403846153846154 0.02403846153846154
0 0.04567307692307693 0.25961538461538464 0.02403846153846154 0.02403846153846154
0 0.05288461538461539 0.3341346153846154 0.02403846153846154 0.02403846153846154
0 0.19471153846153846 0.12740384615384617 0.02403846153846154 0.02403846153846154
0 0.29086538461538464 0.12740384615384617 0.02403846153846154 0.02403846153846154
0 0.3076923076923077 0.03125 0.02403846153846154 0.02403846153846154
0 0.12259615384615385 0.08173076923076923 0.02403846153846154 0.02403846153846154
