0 0.7091346153846154 0.7836538461538461 0.02403846153846154 0.02403846153846154
0 0.5625 0.7355769230769231 0.02403846153846154 0.02403846153846154
0 0.9158653846153847 0.7067307692307693 0.02403846153846154 0.02403846153846154
0 0.5168269230769231 0.6971153846153847 0.02403846153846154 0.02403846153846154
0 0.4375 0.6033653846153847 0.02403846153846154 0.02403846153846154
0 0.45432692307692313 0.5793269230769231 0.02403846153846154 0.02403846153846154
0 0.3028846153846154 0.5072115384615384 0.02403846153846154 0.02403846153846154
0 0.6971153846153847 0.46875 0.02403846153846154 0.02403846153846154
0 0.27403846153846156 0.4711538461538462 0.02403846153846154 0.02403846153846154
0 0.9350961538461539 0.3942307692307693 0.02403846153846154 0.02403846153846154
0 0.6033653846153847 0.3918269230769231 0.02403846153846154 0.02403846153846154
0 0.46634615384615385 0.21875 0.02403846153846154 0.02403846153846154
0 0.8197115384615385 0.1201923076923077 0.02403846153846154 0.02403846153846154
0 0.826923076923077 0.07211538461538462 0.02403846153846154 0.02403846153846154
0 0.3245192307692308 0.0625 0.02403846153846154 0.02403846153846154
0 0.5625 0.028846153846153848 0.02403846153846154 0.02403846153846154
0 0.9495192307692308 0.5024038461538461 0.02403846153846154 0.02403846153846154
0 0.9014423076923077 0.5120192307692308 0.02403846153846154 0.02403846153846154
0 0.8798076923076924 0.625 0.02403846153846154 0.02403846153846154
0 0.5985576923076923 0.4495192307692308 0.02403846153846154 0.02403846153846154
0 0.40384615384615385 0.5192307692307693 0.02403846153846154 0.02403846153846154
0 0.7980769230769231 0.23317307692307693 0.02403846153846154 0.02403846153846154
0 0.5192307692307693 0.0889423076923077 0.02403846153846154 0.02403846153846154
0 0.5264423076923077 0.16346153846153846 0.02403846153846154 0.02403846153846154
0 0.608173076923077 0.8317307692307693 0.02403846153846154 0.02403846153846154
0 0.09855769230769232 0.34615384615384615 0.02403846153846154 0.02403846153846154
0 0.0889423076923077 0.3774038461538462 0.02403846153846154 0.02403846153846154
0 0.10576923076923078 0.2572115384615385 0.02403846153846154 0.02403846153846154
0 0.09855769230769232 0.2403846153846154 0.02403846153846154 0.02403846153846154
0 0.15625 0.23798076923076925 0.02403846153846154 0.02403846153846154
0 0.10336538461538462 0.4326923076923077 0.02403846153846154 0.02403846153846154
