0 0.6586538461538461 0.9615384615384616 0.02403846153846154 0.02403846153846154
0 0.27403846153846156 0.9302884615384616 0.02403846153846154 0.02403846153846154
0 0.3245192307692308 0.920673076923077 0.02403846153846154 0.02403846153846154
0 0.2884615384615385 0.9158653846153847 0.02403846153846154 0.02403846153846154
0 0.6899038461538461 0.9038461538461539 0.02403846153846154 0.02403846153846154
0 0.48557692307692313 0.9038461538461539 0.02403846153846154 0.02403846153846154
0 0.08413461538461539 0.9038461538461539 0.02403846153846154 0.02403846153846154
0 0.42307692307692313 0.8774038461538463 0.02403846153846154 0.02403846153846154
0 0.17307692307692307 0.8221153846153847 0.02403846153846154 0.02403846153846154
0 0.1826923076923077 0.8028846153846154 0.02403846153846154 0.02403846153846154
0 0.701923076923077 0.6899038461538461 0.02403846153846154 0.02403846153846154
0 0.2043269230769231 0.6899038461538461 0.02403846153846154 0.02403846153846154
0 0.4326923076923077 0.6538461538461539 0.02403846153846154 0.02403846153846154
0 0.43028846153846156 0.5576923076923077 0.02403846153846154 0.02403846153846154
0 0.3245192307692308 0.5216346153846154 0.02403846153846154 0.02403846153846154
0 0.4807692307692308 0.49278846153846156 0.02403846153846154 0.02403846153846154
0 0.8918269230769231 0.4326923076923077 0.02403846153846154 0.02403846153846154
0 0.06971153846153846 0.41105769230769235 0.02403846153846154 0.02403846153846154
0 0.22596153846153846 0.34134615384615385 0.02403846153846154 0.02403846153846154
0 0.7548076923076924 0.3389423076923077 0.02403846153846154 0.02403846153846154
0 0.10096153846153846 0.23076923076923078 0.02403846153846154 0.02403846153846154
0 0.09615384615384616 0.21153846153846156 0.02403846153846154 0.02403846153846154
0 0.43509615384615385 0.18990384615384617 0.02403846153846154 0.02403846153846154
0 0.057692307692307696 0.1466346153846154 0.02403846153846154 0.02403846153846154
0 0.16105769230769232 0.05048076923076923 0.02403846153846154 0.02403846153846154
0 0.7139423076923077 0.14182692307692307 0.02403846153846154 0.02403846153846154
0 0.6658653846153847 0.08653846153846154 0.02403846153846154 0.02403846153846154
0 0.6225961538461539 0.07692307692307693 0.02403846153846154 0.02403846153846154
0 0.9543269230769231 0.31490384615384615 0.02403846153846154 0.02403846153846154
0 0.9230769230769231 0.2932692307692308 0.02403846153846154 0.02403846153846154
0 0.9110576923076924 0.3125 0.02403846153846154 0.02403846153846154
0 0.8966346153846154 0.2716346153846154 0.02403846153846154 0.02403846153846154
0 0.8605769230769231 0.32211538461538464 0.02403846153846154 0.02403846153846154
0 0.8173076923076924 0.31009615384615385 0.02403846153846154 0.02403846153846154
0 0.7427884615384616 0.2692307692307693 0.02403846153846154 0.02403846153846154
0 0.6538461538461539 0.19951923076923078 0.02403846153846154 0.02403846153846154
0 0.65625 0.2668269230769231 0.02403846153846154 0.02403846153846154
0 0.9375 0.4254807692307693 0.02403846153846154 0.02403846153846154
0 0.8317307692307693 0.41586538461538464 0.02403846153846154 0.02403846153846154
0 0.37980769230769235 0.21153846153846156 0.02403846153846154 0.02403846153846154
0 0.3028846153846154 0.15384615384615385 0.02403846153846154 0.02403846153846154
0 0.2620192307692308 0.125 0.02403846153846154 0.02403846153846154
0 0.16105769230769232 0.24278846153846156 0.02403846153846154 0.02403846153846154
0 0.06009615384615385 0.3341346153846154 0.02403846153846154 0.02403846153846154
0 0.43028846153846156 0.42307692307692313 0.02403846153846154 0.02403846153846154
0 0.5841346153846154 0.6586538461538461 0.02403846153846154 0.02403846153846154
0 0.36778846153846156 0.7836538461538461 0.02403846153846154 0.02403846153846154
0 0.6370192307692308 0.8341346153846154 0.02403846153846154 0.02403846153846154
0 0.7524038461538461 0.9086538461538463 0.02403846153846154 0.02403846153846154
0 0.5480769230769231 0.8918269230769231 0.02403846153846154 0.02403846153846154
0 0.5264423076923077 0.9182692307692308 0.02403846153846154 0.02403846153846154
0 0.14903846153846154 0.8509615384615385 0.02403846153846154 0.02403846153846154
0 0.16346153846153846 0.8990384615384616 0.02403846153846154 0.02403846153846154
0 0.2668269230769231 0.6682692307692308 0.02403846153846154 0.02403846153846154
