0 0.65625 0.9399038461538463 0.02403846153846154 0.02403846153846154
0 0.6105769230769231 0.9014423076923077 0.02403846153846154 0.02403846153846154
0 0.53125 0.8076923076923077 0.02403846153846154 0.02403846153846154
0 0.5480769230769231 0.7836538461538461 0.02403846153846154 0.02403846153846154
0 0.3966346153846154 0.7115384615384616 0.02403846153846154 0.02403846153846154
0 0.7908653846153847 0.6730769230769231 0.02403846153846154 0.02403846153846154
0 0.36778846153846156 0.6754807692307693 0.02403846153846154 0.02403846153846154
0 0.6971153846153847 0.5961538461538461 0.02403846153846154 0.02403846153846154
0 0.5600961538461539 0.42307692307692313 0.02403846153846154 0.02403846153846154
0 0.9134615384615385 0.3245192307692308 0.02403846153846154 0.02403846153846154
0 0.920673076923077 0.2764423076923077 0.02403846153846154 0.02403846153846154
0 0.4182692307692308 0.2668269230769231 0.02403846153846154 0.02403846153846154
0 0.65625 0.23317307692307693 0.02403846153846154 0.02403846153846154
0 0.6923076923076923 0.15865384615384617 0.02403846153846154 0.02403846153846154
0 0.3894230769230769 0.12740384615384617 0.02403846153846154 0.02403846153846154
0 0.5913461538461539 0.11057692307692309 0.02403846153846154 0.02403846153846154
0 0.24278846153846156 0.10817307692307693 0.02403846153846154 0.02403846153846154
0 0.795673076923077 0.06971153846153846 0.02403846153846154 0.02403846153846154
0 0.7067307692307693 0.06971153846153846 0.02403846153846154 0.02403846153846154
0 0.4951923076923077 0.0625 0.02403846153846154 0.02403846153846154
0 0.5625 0.038461538461538464 0.02403846153846154 0.02403846153846154
0 0.6923076923076923 0.6538461538461539 0.02403846153846154 0.02403846153846154
0 0.49759615384615385 0.7235576923076924 0.02403846153846154 0.02403846153846154
0 0.8918269230769231 0.4375 0.02403846153846154 0.02403846153846154
0 0.6129807692307693 0.2932692307692308 0.02403846153846154 0.02403846153846154
0 0.6201923076923077 0.36778846153846156 0.02403846153846154 0.02403846153846154
0 0.7620192307692308 0.16105769230769232 0.02403846153846154 0.02403846153846154
0 0.858173076923077 0.16105769230769232 0.02403846153846154 0.02403846153846154
0 0.875 0.06490384615384616 0.02403846153846154 0.02403846153846154
0 0.6899038461538461 0.11538461538461539 0.02403846153846154 0.02403846153846154
0 0.10817307692307693 0.6442307692307693 0.02403846153846154 0.02403846153846154
0 0.08653846153846154 0.7740384615384616 0.02403846153846154 0.02403846153846154
0 0.19230769230769232 0.5504807692307693 0.02403846153846154 0.02403846153846154
0 0.1826923076923077 0.5817307692307693 0.02403846153846154 0.02403846153846154
0 0.19951923076923078 0.46153846153846156 0.02403846153846154 0.02403846153846154
0 0.19230769230769232 0.4447115384615385 0.02403846153846154 0.02403846153846154
0 0.25 0.44230769230769235 0.02403846153846154 0.02403846153846154
0 0.19711538461538464 0.6370192307692308 0.02403846153846154 0.02403846153846154
0 0.5264423076923077 0.18990384615384617 0.02403846153846154 0.02403846153846154
0 0.4639423076923077 0.21634615384615385 0.02403846153846154 0.02403846153846154
