0 0.5721153846153847 0.9230769230769231 0.02403846153846154 0.02403846153846154
0 0.1466346153846154 0.8870192307692308 0.02403846153846154 0.02403846153846154
0 0.2956730769230769 0.8293269230769231 0.02403846153846154 0.02403846153846154
0 0.7788461538461539 0.8004807692307693 0.02403846153846154 0.02403846153846154
0 0.43509615384615385 0.795673076923077 0.02403846153846154 0.02403846153846154
0 0.608173076923077 0.7908653846153847 0.02403846153846154 0.02403846153846154
0 0.5384615384615385 0.7692307692307693 0.02403846153846154 0.02403846153846154
0 0.07211538461538462 0.7235576923076924 0.02403846153846154 0.02403846153846154
0 0.5841346153846154 0.6274038461538461 0.02403846153846154 0.02403846153846154
0 0.4254807692307693 0.608173076923077 0.02403846153846154 0.02403846153846154
0 0.18028846153846154 0.5480769230769231 0.02403846153846154 0.02403846153846154
0 0.6201923076923077 0.4447115384615385 0.02403846153846154 0.02403846153846154
0 0.7908653846153847 0.3966346153846154 0.02403846153846154 0.02403846153846154
0 0.4831730769230769 0.28365384615384615 0.02403846153846154 0.02403846153846154
0 0.28125 0.28365384615384615 0.02403846153846154 0.02403846153846154
0 0.2403846153846154 0.21634615384615385 0.02403846153846154 0.02403846153846154
0 0.03365384615384616 0.15384615384615385 0.02403846153846154 0.02403846153846154
0 0.6730769230769231 0.14182692307692307 0.02403846153846154 0.02403846153846154
0 0.7091346153846154 0.10817307692307693 0.02403846153846154 0.02403846153846154
0 0.6802884615384616 0.0889423076923077 0.02403846153846154 0.02403846153846154
0 0.6105769230769231 0.1201923076923077 0.02403846153846154 0.02403846153846154
0 0.514423076923077 0.12980769230769232 0.02403846153846154 0.02403846153846154
0 0.4831730769230769 0.16826923076923078 0.02403846153846154 0.02403846153846154
0 0.84375 0.09615384615384616 0.02403846153846154 0.02403846153846154
0 0.9423076923076924 0.2764423076923077 0.02403846153846154 0.02403846153846154
0 0.8485576923076924 0.2932692307692308 0.02403846153846154 0.02403846153846154
0 0.6466346153846154 0.25240384615384615 0.02403846153846154 0.02403846153846154
0 0.5384615384615385 0.46153846153846156 0.02403846153846154 0.02403846153846154
0 0.514423076923077 0.46153846153846156 0.02403846153846154 0.02403846153846154
0 0.5240384615384616 0.6105769230769231 0.02403846153846154 0.02403846153846154
0 0.49759615384615385 0.576923076923077 0.02403846153846154 0.02403846153846154
0 0.5841346153846154 0.7091346153846154 0.02403846153846154 0.02403846153846154
0 0.7668269230769231 0.6850961538461539 0.02403846153846154 0.02403846153846154
0 0.6033653846153847 0.8557692307692308 0.02403846153846154 0.02403846153846154
0 0.5264423076923077 0.8605769230769231 0.02403846153846154 0.02403846153846154
0 0.4711538461538462 0.8629807692307693 0.02403846153846154 0.02403846153846154
0 0.8365384615384616 0.7235576923076924 0.02403846153846154 0.02403846153846154
0 0.8533653846153847 0.8557692307692308 0.02403846153846154 0.02403846153846154
0 0.8701923076923077 0.8389423076923077 0.02403846153846154 0.02403846153846154
0 0.2932692307692308 0.7884615384615385 0.02403846153846154 0.02403846153846154
0 0.25961538461538464 0.8533653846153847 0.02403846153846154 0.02403846153846154
0 0.28125 0.8677884615384616 0.02403846153846154 0.02403846153846154
0 0.31490384615384615 0.8990384615384616 0.02403846153846154 0.02403846153846154
0 0.4182692307692308 0.6899038461538461 0.02403846153846154 0.02403846153846154
0 0.21634615384615385 0.6754807692307693 0.02403846153846154 0.02403846153846154
0 0.08173076923076923 0.7403846153846154 0.02403846153846154 0.02403846153846154
0 0.10576923076923078 0.028846153846153848 0.02403846153846154 0.02403846153846154
0 0.10096153846153846 0.06490384615384616 0.02403846153846154 0.02403846153846154
0 0.34615384615384615 0.15865384615384617 0.02403846153846154 0.02403846153846154
