0 0.75 0.9399038461538463 0.02403846153846154 0.02403846153846154
0 0.5480769230769231 0.9399038461538463 0.02403846153846154 0.02403846153846154
0 0.12259615384615385 0.8990384615384616 0.02403846153846154 0.02403846153846154
0 0.5072115384615384 0.8725961538461539 0.02403846153846154 0.02403846153846154
0 0.3004807692307693 0.8100961538461539 0.02403846153846154 0.02403846153846154
0 0.9399038461538463 0.7980769230769231 0.02403846153846154 0.02403846153846154
0 0.9471153846153847 0.7451923076923077 0.02403846153846154 0.02403846153846154
0 0.4903846153846154 0.6490384615384616 0.02403846153846154 0.02403846153846154
0 0.90625 0.6418269230769231 0.02403846153846154 0.02403846153846154
0 0.36778846153846156 0.6418269230769231 0.02403846153846154 0.02403846153846154
0 0.9302884615384616 0.6274038461538461 0.02403846153846154 0.02403846153846154
0 0.2451923076923077 0.5552884615384616 0.02403846153846154 0.02403846153846154
0 0.8100961538461539 0.4519230769230769 0.02403846153846154 0.02403846153846154
0 0.20192307692307693 0.3966346153846154 0.02403846153846154 0.02403846153846154
0 0.4326923076923077 0.18509615384615385 0.02403846153846154 0.02403846153846154
0 0.3918269230769231 0.15865384615384617 0.02403846153846154 0.02403846153846154
0 0.3509615384615385 0.12980769230769232 0.02403846153846154 0.02403846153846154
0 0.38461538461538464 0.12740384615384617 0.02403846153846154 0.02403846153846154
0 0.5528846153846154 0.07932692307692309 0.02403846153846154 0.02403846153846154
0 0.5504807692307693 0.03125 0.02403846153846154 0.02403846153846154
0 0.7692307692307693 0.03605769230769231 0.02403846153846154 0.02403846153846154
0 0.9254807692307693 0.5480769230769231 0.02403846153846154 0.02403846153846154
0 0.9134615384615385 0.5168269230769231 0.02403846153846154 0.02403846153846154
0 0.8774038461538463 0.7764423076923077 0.02403846153846154 0.02403846153846154
0 0.78125 0.7860576923076924 0.02403846153846154 0.02403846153846154
0 0.75 0.8245192307692308 0.02403846153846154 0.02403846153846154
0 0.9134615384615385 0.9086538461538463 0.02403846153846154 0.02403846153846154
0 0.1201923076923077 0.9567307692307693 0.02403846153846154 0.02403846153846154
0 0.14182692307692307 0.9278846153846154 0.02403846153846154 0.02403846153846154
0 0.16826923076923078 0.8798076923076924 0.02403846153846154 0.02403846153846154
0 0.37259615384615385 0.6850961538461539 0.02403846153846154 0.02403846153846154
0 0.36778846153846156 0.7211538461538461 0.02403846153846154 0.02403846153846154
0 0.48557692307692313 0.6201923076923077 0.02403846153846154 0.02403846153846154
0 0.5336538461538461 0.625 0.02403846153846154 0.02403846153846154
0 0.4495192307692308 0.5480769230769231 0.02403846153846154 0.02403846153846154
0 0.46153846153846156 0.5360576923076923 0.02403846153846154 0.02403846153846154
0 0.22115384615384617 0.4591346153846154 0.02403846153846154 0.02403846153846154
0 0.28605769230769235 0.5528846153846154 0.02403846153846154 0.02403846153846154
0 0.19471153846153846 0.3774038461538462 0.02403846153846154 0.02403846153846154
0 0.0625 0.3389423076923077 0.02403846153846154 0.02403846153846154
0 0.06009615384615385 0.06730769230769232 0.02403846153846154 0.02403846153846154
0 0.6129807692307693 0.8149038461538461 0.02403846153846154 0.02403846153846154
