0 0.8245192307692308 0.9447115384615385 0.02403846153846154 0.02403846153846154
0 0.9110576923076924 0.84375 0.02403846153846154 0.02403846153846154
0 0.8221153846153847 0.6778846153846154 0.02403846153846154 0.02403846153846154
0 0.6754807692307693 0.65625 0.02403846153846154 0.02403846153846154
0 0.5336538461538461 0.5961538461538461 0.02403846153846154 0.02403846153846154
0 0.9326923076923077 0.5096153846153847 0.02403846153846154 0.02403846153846154
0 0.3774038461538462 0.41586538461538464 0.02403846153846154 0.02403846153846154
0 0.7788461538461539 0.34134615384615385 0.02403846153846154 0.02403846153846154
0 0.49759615384615385 0.14182692307692307 0.02403846153846154 0.02403846153846154
0 0.7427884615384616 0.13221153846153846 0.02403846153846154 0.02403846153846154
0 0.9591346153846154 0.8365384615384616 0.02403846153846154 0.02403846153846154
0 0.9639423076923077 0.7836538461538461 0.02403846153846154 0.02403846153846154
0 0.9567307692307693 0.7091346153846154 0.02403846153846154 0.02403846153846154
0 0.8653846153846154 0.5913461538461539 0.02403846153846154 0.02403846153846154
0 0.8822115384615385 0.5336538461538461 0.02403846153846154 0.02403846153846154
0 0.8605769230769231 0.47355769230769235 0.02403846153846154 0.02403846153846154
0 0.545673076923077 0.06730769230769232 0.02403846153846154 0.02403846153846154
0 0.8725961538461539 0.0625 0.02403846153846154 0.02403846153846154
0 0.3870192307692308 0.03365384615384616 0.02403846153846154 0.02403846153846154
0 0.30528846153846156 0.05528846153846154 0.02403846153846154 0.02403846153846154
0 0.2355769230769231 0.5817307692307693 0.02403846153846154 0.02403846153846154
0 0.2980769230769231 0.4254807692307693 0.02403846153846154 0.02403846153846154
0 0.53125 0.6201923076923077 0.02403846153846154 0.02403846153846154
0 0.6346153846153847 0.6466346153846154 0.02403846153846154 0.02403846153846154
0 0.6466346153846154 0.7475961538461539 0.02403846153846154 0.02403846153846154
0 0.7235576923076924 0.6754807692307693 0.02403846153846154 0.02403846153846154
0 0.7596153846153847 0.6971153846153847 0.02403846153846154 0.02403846153846154
0 0.6730769230769231 0.7596153846153847 0.02403846153846154 0.02403846153846154
0 0.7524038461538461 0.7884615384615385 0.02403846153846154 0.02403846153846154
0 0.7668269230769231 0.7836538461538461 0.02403846153846154 0.02403846153846154
0 0.8341346153846154 0.7620192307692308 0.02403846153846154 0.02403846153846154
0 0.8701923076923077 0.9278846153846154 0.02403846153846154 0.02403846153846154
0 0.7908653846153847 0.96875 0.02403846153846154 0.02403846153846154
0 0.7596153846153847 0.9567307692307693 0.02403846153846154 0.02403846153846154
0 0.3076923076923077 0.7067307692307693 0.02403846153846154 0.02403846153846154
0 0.21875 0.7596153846153847 0.02403846153846154 0.02403846153846154
0 0.2716346153846154 0.8125 0.02403846153846154 0.02403846153846154
0 0.08653846153846154 0.8100961538461539 0.02403846153846154 0.02403846153846154
0 0.2403846153846154 0.6802884615384616 0.02403846153846154 0.02403846153846154
