0 0.07932692307692309 0.9711538461538463 0.02403846153846154 0.02403846153846154
0 0.8052884615384616 0.9591346153846154 0.02403846153846154 0.02403846153846154
0 0.6875 0.9278846153846154 0.02403846153846154 0.02403846153846154
0 0.49759615384615385 0.75 0.02403846153846154 0.02403846153846154
0 0.6201923076923077 0.6850961538461539 0.02403846153846154 0.02403846153846154
0 0.34375 0.6370192307692308 0.02403846153846154 0.02403846153846154
0 0.28605769230769235 0.6370192307692308 0.02403846153846154 0.02403846153846154
0 0.576923076923077 0.5480769230769231 0.02403846153846154 0.02403846153846154
0 0.8004807692307693 0.5240384615384616 0.02403846153846154 0.02403846153846154
0 0.6634615384615385 0.44711538461538464 0.02403846153846154 0.02403846153846154
0 0.5745192307692308 0.28125 0.02403846153846154 0.02403846153846154
0 0.4278846153846154 0.25961538461538464 0.02403846153846154 0.02403846153846154
0 0.28605769230769235 0.19951923076923078 0.02403846153846154 0.02403846153846154
0 0.78125 0.17548076923076925 0.02403846153846154 0.02403846153846154
0 0.6850961538461539 0.11298076923076923 0.02403846153846154 0.02403846153846154
0 0.8798076923076924 0.514423076923077 0.02403846153846154 0.02403846153846154
0 0.7788461538461539 0.4399038461538462 0.02403846153846154 0.02403846153846154
0 0.7524038461538461 0.4567307692307693 0.02403846153846154 0.02403846153846154
0 0.7115384615384616 0.4399038461538462 0.02403846153846154 0.02403846153846154
0 0.7163461538461539 0.3870192307692308 0.02403846153846154 0.02403846153846154
0 0.7091346153846154 0.3125 0.02403846153846154 0.02403846153846154
0 0.7548076923076924 0.28365384615384615 0.02403846153846154 0.02403846153846154
0 0.6177884615384616 0.19471153846153846 0.02403846153846154 0.02403846153846154
0 0.6346153846153847 0.13701923076923078 0.02403846153846154 0.02403846153846154
0 0.6129807692307693 0.07692307692307693 0.02403846153846154 0.02403846153846154
0 0.8413461538461539 0.10336538461538462 0.02403846153846154 0.02403846153846154
0 0.05048076923076923 0.028846153846153848 0.02403846153846154 0.02403846153846154
0 0.28365384615384615 0.22355769230769232 0.02403846153846154 0.02403846153846154
0 0.3870192307692308 0.25 0.02403846153846154 0.02403846153846154
0 0.39903846153846156 0.3509615384615385 0.02403846153846154 0.02403846153846154
0 0.4759615384615385 0.27884615384615385 0.02403846153846154 0.02403846153846154
0 0.5120192307692308 0.3004807692307693 0.02403846153846154 0.02403846153846154
0 0.4254807692307693 0.3629807692307693 0.02403846153846154 0.02403846153846154
0 0.5048076923076923 0.3918269230769231 0.02403846153846154 0.02403846153846154
0 0.5192307692307693 0.3870192307692308 0.02403846153846154 0.02403846153846154
0 0.5865384615384616 0.3653846153846154 0.02403846153846154 0.02403846153846154
0 0.6225961538461539 0.53125 0.02403846153846154 0.02403846153846154
0 0.5552884615384616 0.5913461538461539 0.02403846153846154 0.02403846153846154
0 0.5432692307692308 0.5721153846153847 0.02403846153846154 0.02403846153846154
0 0.5120192307692308 0.5600961538461539 0.02403846153846154 0.02403846153846154
0 0.7740384615384616 0.7668269230769231 0.02403846153846154 0.02403846153846154
0 0.06009615384615385 0.31009615384615385 0.02403846153846154 0.02403846153846154
0 0.02403846153846154 0.41586538461538464 0.02403846153846154 0.02403846153846154
0 0.3341346153846154 0.75 0.02403846153846154 0.02403846153846154
