0 0.3269230769230769 0.9567307692307693 0.02403846153846154 0.02403846153846154
0 0.22115384615384617 0.9447115384615385 0.02403846153846154 0.02403846153846154
0 0.19471153846153846 0.8918269230769231 0.02403846153846154 0.02403846153846154
0 0.07451923076923077 0.8870192307692308 0.02403846153846154 0.02403846153846154
0 0.8004807692307693 0.875 0.02403846153846154 0.02403846153846154
0 0.6826923076923077 0.84375 0.02403846153846154 0.02403846153846154
0 0.49278846153846156 0.6658653846153847 0.02403846153846154 0.02403846153846154
0 0.6153846153846154 0.6009615384615385 0.02403846153846154 0.02403846153846154
0 0.3389423076923077 0.5528846153846154 0.02403846153846154 0.02403846153846154
0 0.28125 0.5528846153846154 0.02403846153846154 0.02403846153846154
0 0.5721153846153847 0.4639423076923077 0.02403846153846154 0.02403846153846154
0 0.795673076923077 0.4399038461538462 0.02403846153846154 0.02403846153846154
0 0.6586538461538461 0.3629807692307693 0.02403846153846154 0.02403846153846154
0 0.5697115384615385 0.19711538461538464 0.02403846153846154 0.02403846153846154
0 0.42307692307692313 0.17548076923076925 0.02403846153846154 0.02403846153846154
0 0.28125 0.11538461538461539 0.02403846153846154 0.02403846153846154
0 0.7764423076923077 0.09134615384615385 0.02403846153846154 0.02403846153846154
0 0.6802884615384616 0.028846153846153848 0.02403846153846154 0.02403846153846154
0 0.875 0.43028846153846156 0.02403846153846154 0.02403846153846154
0 0.7740384615384616 0.3557692307692308 0.02403846153846154 0.02403846153846154
0 0.7475961538461539 0.37259615384615385 0.02403846153846154 0.02403846153846154
0 0.7067307692307693 0.3557692307692308 0.02403846153846154 0.02403846153846154
0 0.7115384615384616 0.3028846153846154 0.02403846153846154 0.02403846153846154
0 0.7043269230769231 0.22836538461538464 0.02403846153846154 0.02403846153846154
0 0.75 0.19951923076923078 0.02403846153846154 0.02403846153846154
0 0.6129807692307693 0.11057692307692309 0.02403846153846154 0.02403846153846154
0 0.6298076923076923 0.05288461538461539 0.02403846153846154 0.02403846153846154
0 0.27884615384615385 0.13942307692307693 0.02403846153846154 0.02403846153846154
0 0.3822115384615385 0.16586538461538464 0.02403846153846154 0.02403846153846154
0 0.3942307692307693 0.2668269230769231 0.02403846153846154 0.02403846153846154
0 0.4711538461538462 0.19471153846153846 0.02403846153846154 0.02403846153846154
0 0.5072115384615384 0.21634615384615385 0.02403846153846154 0.02403846153846154
0 0.4206730769230769 0.27884615384615385 0.02403846153846154 0.02403846153846154
0 0.5 0.3076923076923077 0.02403846153846154 0.02403846153846154
0 0.514423076923077 0.3028846153846154 0.02403846153846154 0.02403846153846154
0 0.5817307692307693 0.28125 0.02403846153846154 0.02403846153846154
0 0.6177884615384616 0.44711538461538464 0.02403846153846154 0.02403846153846154
0 0.5504807692307693 0.5072115384615384 0.02403846153846154 0.02403846153846154
0 0.5384615384615385 0.4879807692307693 0.02403846153846154 0.02403846153846154
0 0.5072115384615384 0.4759615384615385 0.02403846153846154 0.02403846153846154
0 0.7692307692307693 0.6826923076923077 0.02403846153846154 0.02403846153846154
0 0.05528846153846154 0.22596153846153846 0.02403846153846154 0.02403846153846154
0 0.3293269230769231 0.6658653846153847 0.02403846153846154 0.02403846153846154
0 0.09134615384615385 0.9423076923076924 0.02403846153846154 0.02403846153846154
0 0.5264423076923077 0.9567307692307693 0.02403846153846154 0.02403846153846154
