0 0.34375 0.9663461538461539 0.02403846153846154 0.02403846153846154
0 0.9038461538461539 0.8461538461538463 0.02403846153846154 0.02403846153846154
0 0.75 0.733173076923077 0.02403846153846154 0.02403846153846154
0 0.6923076923076923 0.733173076923077 0.02403846153846154 0.02403846153846154
0 0.8341346153846154 0.3557692307692308 0.02403846153846154 0.02403846153846154
0 0.6923076923076923 0.2956730769230769 0.02403846153846154 0.02403846153846154
0 0.5360576923076923 0.11538461538461539 0.02403846153846154 0.02403846153846154
0 0.9375 0.040865384615384616 0.02403846153846154 0.02403846153846154
0 0.3942307692307693 0.28125 0.02403846153846154 0.02403846153846154
0 0.4567307692307693 0.125 0.02403846153846154 0.02403846153846154
0 0.6899038461538461 0.3197115384615385 0.02403846153846154 0.02403846153846154
0 0.7932692307692308 0.34615384615384615 0.02403846153846154 0.02403846153846154
0 0.8052884615384616 0.44711538461538464 0.02403846153846154 0.02403846153846154
0 0.8822115384615385 0.375 0.02403846153846154 0.02403846153846154
0 0.9182692307692308 0.3966346153846154 0.02403846153846154 0.02403846153846154
0 0.8317307692307693 0.4591346153846154 0.02403846153846154 0.02403846153846154
0 0.9110576923076924 0.4879807692307693 0.02403846153846154 0.02403846153846154
0 0.9254807692307693 0.4831730769230769 0.02403846153846154 0.02403846153846154
0 0.9615384615384616 0.6875 0.02403846153846154 0.02403846153846154
0 0.9495192307692308 0.6682692307692308 0.02403846153846154 0.02403846153846154
0 0.9182692307692308 0.65625 0.02403846153846154 0.02403846153846154
0 0.46634615384615385 0.40625 0.02403846153846154 0.02403846153846154
0 0.3774038461538462 0.4591346153846154 0.02403846153846154 0.02403846153846154
0 0.43028846153846156 0.5120192307692308 0.02403846153846154 0.02403846153846154
0 0.2451923076923077 0.5096153846153847 0.02403846153846154 0.02403846153846154
0 0.12980769230769232 0.4375 0.02403846153846154 0.02403846153846154
0 0.39903846153846156 0.37980769230769235 0.02403846153846154 0.02403846153846154
0 0.17548076923076925 0.7475961538461539 0.02403846153846154 0.02403846153846154
0 0.3822115384615385 0.8028846153846154 0.02403846153846154 0.02403846153846154
0 0.21634615384615385 0.8052884615384616 0.02403846153846154 0.02403846153846154
0 0.12740384615384617 0.8125 0.02403846153846154 0.02403846153846154
0 0.7403846153846154 0.8461538461538463 0.02403846153846154 0.02403846153846154
