0 0.23798076923076925 0.9567307692307693 0.02403846153846154 0.02403846153846154
0 0.09134615384615385 0.9350961538461539 0.02403846153846154 0.02403846153846154
0 0.7836538461538461 0.9302884615384616 0.02403846153846154 0.02403846153846154
0 0.4447115384615385 0.8509615384615385 0.02403846153846154 0.02403846153846154
0 0.34855769230769235 0.7884615384615385 0.02403846153846154 0.02403846153846154
0 0.8846153846153847 0.6658653846153847 0.02403846153846154 0.02403846153846154
0 0.4591346153846154 0.625 0.02403846153846154 0.02403846153846154
0 0.19471153846153846 0.6201923076923077 0.02403846153846154 0.02403846153846154
0 0.84375 0.5985576923076923 0.02403846153846154 0.02403846153846154
0 0.6370192307692308 0.5360576923076923 0.02403846153846154 0.02403846153846154
0 0.15865384615384617 0.41105769230769235 0.02403846153846154 0.02403846153846154
0 0.826923076923077 0.375 0.02403846153846154 0.02403846153846154
0 0.7043269230769231 0.36778846153846156 0.02403846153846154 0.02403846153846154
0 0.5817307692307693 0.28125 0.02403846153846154 0.02403846153846154
0 0.5384615384615385 0.12259615384615385 0.02403846153846154 0.02403846153846154
0 0.4182692307692308 0.9591346153846154 0.02403846153846154 0.02403846153846154
0 0.28125 0.8701923076923077 0.02403846153846154 0.02403846153846154
0 0.2980769230769231 0.8125 0.02403846153846154 0.02403846153846154
0 0.2764423076923077 0.7524038461538461 0.02403846153846154 0.02403846153846154
0 0.5048076923076923 0.7788461538461539 0.02403846153846154 0.02403846153846154
0 0.4567307692307693 0.6826923076923077 0.02403846153846154 0.02403846153846154
0 0.47836538461538464 0.6538461538461539 0.02403846153846154 0.02403846153846154
0 0.5048076923076923 0.6057692307692308 0.02403846153846154 0.02403846153846154
0 0.7091346153846154 0.41105769230769235 0.02403846153846154 0.02403846153846154
0 0.7043269230769231 0.44711538461538464 0.02403846153846154 0.02403846153846154
0 0.8221153846153847 0.34615384615384615 0.02403846153846154 0.02403846153846154
0 0.8701923076923077 0.3509615384615385 0.02403846153846154 0.02403846153846154
0 0.7860576923076924 0.27403846153846156 0.02403846153846154 0.02403846153846154
0 0.7980769230769231 0.2620192307692308 0.02403846153846154 0.02403846153846154
0 0.5576923076923077 0.18509615384615385 0.02403846153846154 0.02403846153846154
0 0.6225961538461539 0.27884615384615385 0.02403846153846154 0.02403846153846154
0 0.53125 0.10336538461538462 0.02403846153846154 0.02403846153846154
0 0.34375 0.2355769230769231 0.02403846153846154 0.02403846153846154
0 0.39903846153846156 0.06490384615384616 0.02403846153846154 0.02403846153846154
0 0.13221153846153846 0.125 0.02403846153846154 0.02403846153846154
0 0.05528846153846154 0.22355769230769232 0.02403846153846154 0.02403846153846154
0 0.16586538461538464 0.2572115384615385 0.02403846153846154 0.02403846153846154
0 0.25240384615384615 0.24759615384615385 0.02403846153846154 0.02403846153846154
0 0.25240384615384615 0.19951923076923078 0.02403846153846154 0.02403846153846154
0 0.2884615384615385 0.34134615384615385 0.02403846153846154 0.02403846153846154
0 0.05048076923076923 0.9254807692307693 0.02403846153846154 0.02403846153846154
0 0.13942307692307693 0.9543269230769231 0.02403846153846154 0.02403846153846154
0 0.9495192307692308 0.5408653846153847 0.02403846153846154 0.02403846153846154
