0 0.19471153846153846 0.9663461538461539 0.02403846153846154 0.02403846153846154
0 0.1514423076923077 0.9543269230769231 0.02403846153846154 0.02403846153846154
0 0.4903846153846154 0.9423076923076924 0.02403846153846154 0.02403846153846154
0 0.7884615384615385 0.9326923076923077 0.02403846153846154 0.02403846153846154
0 0.8485576923076924 0.9182692307692308 0.02403846153846154 0.02403846153846154
0 0.040865384615384616 0.9158653846153847 0.02403846153846154 0.02403846153846154
0 0.3942307692307693 0.9086538461538463 0.02403846153846154 0.02403846153846154
0 0.25240384615384615 0.8918269230769231 0.02403846153846154 0.02403846153846154
0 0.13701923076923078 0.8774038461538463 0.02403846153846154 0.02403846153846154
0 0.35336538461538464 0.8653846153846154 0.02403846153846154 0.02403846153846154
0 0.2884615384615385 0.8413461538461539 0.02403846153846154 0.02403846153846154
0 0.46634615384615385 0.8389423076923077 0.02403846153846154 0.02403846153846154
0 0.14903846153846154 0.8365384615384616 0.02403846153846154 0.02403846153846154
0 0.3653846153846154 0.8100961538461539 0.02403846153846154 0.02403846153846154
0 0.27884615384615385 0.8100961538461539 0.02403846153846154 0.02403846153846154
0 0.3894230769230769 0.8052884615384616 0.02403846153846154 0.02403846153846154
0 0.32211538461538464 0.8100961538461539 0.02403846153846154 0.02403846153846154
0 0.9182692307692308 0.8125 0.02403846153846154 0.02403846153846154
0 0.6754807692307693 0.7884615384615385 0.02403846153846154 0.02403846153846154
0 0.9471153846153847 0.78125 0.02403846153846154 0.02403846153846154
0 0.31009615384615385 0.7740384615384616 0.02403846153846154 0.02403846153846154
0 0.9014423076923077 0.7620192307692308 0.02403846153846154 0.02403846153846154
0 0.17307692307692307 0.7451923076923077 0.02403846153846154 0.02403846153846154
0 0.4326923076923077 0.7403846153846154 0.02403846153846154 0.02403846153846154
0 0.31009615384615385 0.733173076923077 0.02403846153846154 0.02403846153846154
0 0.9014423076923077 0.7307692307692308 0.02403846153846154 0.02403846153846154
0 0.5 0.7283653846153847 0.02403846153846154 0.02403846153846154
0 0.5865384615384616 0.7139423076923077 0.02403846153846154 0.02403846153846154
0 0.6899038461538461 0.7115384615384616 0.02403846153846154 0.02403846153846154
0 0.17067307692307693 0.7067307692307693 0.02403846153846154 0.02403846153846154
0 0.951923076923077 0.6947115384615385 0.02403846153846154 0.02403846153846154
0 0.8485576923076924 0.6442307692307693 0.02403846153846154 0.02403846153846154
0 0.038461538461538464 0.6225961538461539 0.02403846153846154 0.02403846153846154
0 0.27403846153846156 0.6153846153846154 0.02403846153846154 0.02403846153846154
0 0.5192307692307693 0.608173076923077 0.02403846153846154 0.02403846153846154
0 0.3870192307692308 0.6033653846153847 0.02403846153846154 0.02403846153846154
0 0.5721153846153847 0.5961538461538461 0.02403846153846154 0.02403846153846154
0 0.2884615384615385 0.5673076923076923 0.02403846153846154 0.02403846153846154
0 0.3653846153846154 0.5600961538461539 0.02403846153846154 0.02403846153846154
0 0.6971153846153847 0.53125 0.02403846153846154 0.02403846153846154
0 0.4759615384615385 0.5120192307692308 0.02403846153846154 0.02403846153846154
0 0.6418269230769231 0.5072115384615384 0.02403846153846154 0.02403846153846154
0 0.701923076923077 0.47355769230769235 0.02403846153846154 0.02403846153846154
0 0.9110576923076924 0.45432692307692313 0.02403846153846154 0.02403846153846154
0 0.6153846153846154 0.44711538461538464 0.02403846153846154 0.02403846153846154
0 0.7307692307692308 0.4375 0.02403846153846154 0.02403846153846154
0 0.2091346153846154 0.4399038461538462 0.02403846153846154 0.02403846153846154
0 0.09134615384615385 0.4086538461538462 0.02403846153846154 0.02403846153846154
0 0.6466346153846154 0.4014423076923077 0.02403846153846154 0.02403846153846154
0 0.5985576923076923 0.3966346153846154 0.02403846153846154 0.02403846153846154
0 0.5673076923076923 0.3581730769230769 0.02403846153846154 0.02403846153846154
0 0.4711538461538462 0.34615384615384615 0.02403846153846154 0.02403846153846154
0 0.4014423076923077 0.3317307692307693 0.02403846153846154 0.02403846153846154
0 0.9543269230769231 0.2956730769230769 0.02403846153846154 0.02403846153846154
0 0.5216346153846154 0.2932692307692308 0.02403846153846154 0.02403846153846154
0 0.78125 0.22836538461538464 0.02403846153846154 0.02403846153846154
0 0.6298076923076923 0.2043269230769231 0.02403846153846154 0.02403846153846154
0 0.02403846153846154 0.16586538461538464 0.02403846153846154 0.02403846153846154
0 0.9158653846153847 0.11057692307692309 0.02403846153846154 0.02403846153846154
0 0.4903846153846154 0.07451923076923077 0.02403846153846154 0.02403846153846154
0 0.9471153846153847 0.04326923076923077 0.02403846153846154 0.02403846153846154
0 0.8701923076923077 0.04807692307692308 0.02403846153846154 0.02403846153846154
0 0.8149038461538461 0.05048076923076923 0.02403846153846154 0.02403846153846154
0 0.6033653846153847 0.040865384615384616 0.02403846153846154 0.02403846153846154
0 0.625 0.05528846153846154 0.02403846153846154 0.02403846153846154
0 0.6586538461538461 0.08653846153846154 0.02403846153846154 0.02403846153846154
0 0.1778846153846154 0.24759615384615385 0.02403846153846154 0.02403846153846154
0 0.4375 0.29086538461538464 0.02403846153846154 0.02403846153846154
0 0.6370192307692308 0.22355769230769232 0.02403846153846154 0.02403846153846154
0 0.5673076923076923 0.23317307692307693 0.02403846153846154 0.02403846153846154
0 0.96875 0.25961538461538464 0.02403846153846154 0.02403846153846154
0 0.7451923076923077 0.5552884615384616 0.02403846153846154 0.02403846153846154
0 0.6490384615384616 0.5817307692307693 0.02403846153846154 0.02403846153846154
0 0.625 0.5552884615384616 0.02403846153846154 0.02403846153846154
0 0.9182692307692308 0.5168269230769231 0.02403846153846154 0.02403846153846154
0 0.9038461538461539 0.5889423076923077 0.02403846153846154 0.02403846153846154
0 0.7283653846153847 0.7139423076923077 0.02403846153846154 0.02403846153846154
0 0.43509615384615385 0.6850961538461539 0.02403846153846154 0.02403846153846154
0 0.43028846153846156 0.7620192307692308 0.02403846153846154 0.02403846153846154
0 0.3629807692307693 0.889423076923077 0.02403846153846154 0.02403846153846154
0 0.27403846153846156 0.8701923076923077 0.02403846153846154 0.02403846153846154
0 0.8028846153846154 0.9182692307692308 0.02403846153846154 0.02403846153846154
0 0.21153846153846156 0.625 0.02403846153846154 0.02403846153846154
0 0.2644230769230769 0.5865384615384616 0.02403846153846154 0.02403846153846154
0 0.19230769230769232 0.7379807692307693 0.02403846153846154 0.02403846153846154
0 0.5336538461538461 0.44711538461538464 0.02403846153846154 0.02403846153846154
0 0.0889423076923077 0.8461538461538463 0.02403846153846154 0.02403846153846154
