0 0.6009615384615385 0.9399038461538463 0.02403846153846154 0.02403846153846154
0 0.09134615384615385 0.8942307692307693 0.02403846153846154 0.02403846153846154
0 0.75 0.8822115384615385 0.02403846153846154 0.02403846153846154
0 0.31490384615384615 0.8701923076923077 0.02403846153846154 0.02403846153846154
0 0.889423076923077 0.8485576923076924 0.02403846153846154 0.02403846153846154
0 0.1778846153846154 0.7932692307692308 0.02403846153846154 0.02403846153846154
0 0.5264423076923077 0.7764423076923077 0.02403846153846154 0.02403846153846154
0 0.8798076923076924 0.6610576923076923 0.02403846153846154 0.02403846153846154
0 0.0889423076923077 0.6274038461538461 0.02403846153846154 0.02403846153846154
0 0.6346153846153847 0.6009615384615385 0.02403846153846154 0.02403846153846154
0 0.2956730769230769 0.5216346153846154 0.02403846153846154 0.02403846153846154
0 0.19951923076923078 0.4591346153846154 0.02403846153846154 0.02403846153846154
0 0.9375 0.33653846153846156 0.02403846153846154 0.02403846153846154
0 0.7355769230769231 0.33653846153846156 0.02403846153846154 0.02403846153846154
0 0.31009615384615385 0.2956730769230769 0.02403846153846154 0.02403846153846154
0 0.04567307692307693 0.29086538461538464 0.02403846153846154 0.02403846153846154
0 0.6947115384615385 0.2692307692307693 0.02403846153846154 0.02403846153846154
0 0.4879807692307693 0.20673076923076925 0.02403846153846154 0.02403846153846154
0 0.6778846153846154 0.04567307692307693 0.02403846153846154 0.02403846153846154
0 0.5552884615384616 0.038461538461538464 0.02403846153846154 0.02403846153846154
0 0.96875 0.1826923076923077 0.02403846153846154 0.02403846153846154
0 0.9375 0.22115384615384617 0.02403846153846154 0.02403846153846154
0 0.96875 0.514423076923077 0.02403846153846154 0.02403846153846154
0 0.951923076923077 0.6298076923076923 0.02403846153846154 0.02403846153846154
0 0.9254807692307693 0.9158653846153847 0.02403846153846154 0.02403846153846154
0 0.7475961538461539 0.8413461538461539 0.02403846153846154 0.02403846153846154
0 0.7139423076923077 0.90625 0.02403846153846154 0.02403846153846154
0 0.7355769230769231 0.920673076923077 0.02403846153846154 0.02403846153846154
0 0.7692307692307693 0.951923076923077 0.02403846153846154 0.02403846153846154
0 0.8725961538461539 0.7427884615384616 0.02403846153846154 0.02403846153846154
0 0.670673076923077 0.7283653846153847 0.02403846153846154 0.02403846153846154
0 0.5360576923076923 0.7932692307692308 0.02403846153846154 0.02403846153846154
0 0.3942307692307693 0.8605769230769231 0.02403846153846154 0.02403846153846154
0 0.2932692307692308 0.7860576923076924 0.02403846153846154 0.02403846153846154
0 0.2668269230769231 0.8028846153846154 0.02403846153846154 0.02403846153846154
0 0.22596153846153846 0.7860576923076924 0.02403846153846154 0.02403846153846154
0 0.23076923076923078 0.733173076923077 0.02403846153846154 0.02403846153846154
0 0.22355769230769232 0.6586538461538461 0.02403846153846154 0.02403846153846154
0 0.2692307692307693 0.6298076923076923 0.02403846153846154 0.02403846153846154
0 0.13221153846153846 0.5408653846153847 0.02403846153846154 0.02403846153846154
0 0.14903846153846154 0.4831730769230769 0.02403846153846154 0.02403846153846154
0 0.12740384615384617 0.42307692307692313 0.02403846153846154 0.02403846153846154
0 0.3557692307692308 0.4495192307692308 0.02403846153846154 0.02403846153846154
0 0.3076923076923077 0.35336538461538464 0.02403846153846154 0.02403846153846154
0 0.3293269230769231 0.3245192307692308 0.02403846153846154 0.02403846153846154
0 0.3557692307692308 0.2764423076923077 0.02403846153846154 0.02403846153846154
0 0.5600961538461539 0.08173076923076923 0.02403846153846154 0.02403846153846154
0 0.5552884615384616 0.11778846153846155 0.02403846153846154 0.02403846153846154
0 0.7211538461538461 0.021634615384615384 0.02403846153846154 0.02403846153846154
0 0.026442307692307696 0.6466346153846154 0.02403846153846154 0.02403846153846154
0 0.03365384615384616 0.733173076923077 0.02403846153846154 0.02403846153846154
0 0.10096153846153846 0.7115384615384616 0.02403846153846154 0.02403846153846154
0 0.13701923076923078 0.8774038461538463 0.02403846153846154 0.02403846153846154
0 0.06971153846153846 0.9375 0.02403846153846154 0.02403846153846154
0 0.057692307692307696 0.9182692307692308 0.02403846153846154 0.02403846153846154
0 0.026442307692307696 0.90625 0.02403846153846154 0.02403846153846154
0 0.8004807692307693 0.21153846153846156 0.02403846153846154 0.02403846153846154
