0 0.2932692307692308 0.9543269230769231 0.02403846153846154 0.02403846153846154
0 0.9110576923076924 0.8966346153846154 0.02403846153846154 0.02403846153846154
0 0.8774038461538463 0.8798076923076924 0.02403846153846154 0.02403846153846154
0 0.19951923076923078 0.875 0.02403846153846154 0.02403846153846154
0 0.49759615384615385 0.8653846153846154 0.02403846153846154 0.02403846153846154
0 0.7451923076923077 0.8533653846153847 0.02403846153846154 0.02403846153846154
0 0.5576923076923077 0.8509615384615385 0.02403846153846154 0.02403846153846154
0 0.8605769230769231 0.8461538461538463 0.02403846153846154 0.02403846153846154
0 0.10336538461538462 0.8413461538461539 0.02403846153846154 0.02403846153846154
0 0.7163461538461539 0.8197115384615385 0.02403846153846154 0.02403846153846154
0 0.0625 0.7980769230769231 0.02403846153846154 0.02403846153846154
0 0.6923076923076923 0.7932692307692308 0.02403846153846154 0.02403846153846154
0 0.17548076923076925 0.7716346153846154 0.02403846153846154 0.02403846153846154
0 0.858173076923077 0.7475961538461539 0.02403846153846154 0.02403846153846154
0 0.07451923076923077 0.7427884615384616 0.02403846153846154 0.02403846153846154
0 0.8149038461538461 0.7403846153846154 0.02403846153846154 0.02403846153846154
0 0.09855769230769232 0.7379807692307693 0.02403846153846154 0.02403846153846154
0 0.03125 0.7427884615384616 0.02403846153846154 0.02403846153846154
0 0.6274038461538461 0.7451923076923077 0.02403846153846154 0.02403846153846154
0 0.7932692307692308 0.7259615384615385 0.02403846153846154 0.02403846153846154
0 0.38461538461538464 0.7211538461538461 0.02403846153846154 0.02403846153846154
0 0.65625 0.7139423076923077 0.02403846153846154 0.02403846153846154
0 0.6105769230769231 0.6947115384615385 0.02403846153846154 0.02403846153846154
0 0.9038461538461539 0.6923076923076923 0.02403846153846154 0.02403846153846154
0 0.14182692307692307 0.6730769230769231 0.02403846153846154 0.02403846153846154
0 0.6105769230769231 0.6634615384615385 0.02403846153846154 0.02403846153846154
0 0.2091346153846154 0.6610576923076923 0.02403846153846154 0.02403846153846154
0 0.2956730769230769 0.6466346153846154 0.02403846153846154 0.02403846153846154
0 0.39903846153846156 0.6442307692307693 0.02403846153846154 0.02403846153846154
0 0.6610576923076923 0.6274038461538461 0.02403846153846154 0.02403846153846154
0 0.9711538461538463 0.625 0.02403846153846154 0.02403846153846154
0 0.8173076923076924 0.5985576923076923 0.02403846153846154 0.02403846153846154
0 0.5576923076923077 0.576923076923077 0.02403846153846154 0.02403846153846154
0 0.7211538461538461 0.5697115384615385 0.02403846153846154 0.02403846153846154
0 0.8149038461538461 0.5504807692307693 0.02403846153846154 0.02403846153846154
0 0.22836538461538464 0.5408653846153847 0.02403846153846154 0.02403846153846154
0 0.09615384615384616 0.5360576923076923 0.02403846153846154 0.02403846153846154
0 0.28125 0.5288461538461539 0.02403846153846154 0.02403846153846154
0 0.9423076923076924 0.5192307692307693 0.02403846153846154 0.02403846153846154
0 0.07451923076923077 0.49278846153846156 0.02403846153846154 0.02403846153846154
0 0.40625 0.4639423076923077 0.02403846153846154 0.02403846153846154
0 0.18509615384615385 0.4447115384615385 0.02403846153846154 0.02403846153846154
0 0.3509615384615385 0.4399038461538462 0.02403846153846154 0.02403846153846154
0 0.8990384615384616 0.40625 0.02403846153846154 0.02403846153846154
0 0.7451923076923077 0.40625 0.02403846153846154 0.02403846153846154
0 0.764423076923077 0.40384615384615385 0.02403846153846154 0.02403846153846154
0 0.41105769230769235 0.40625 0.02403846153846154 0.02403846153846154
0 0.6201923076923077 0.3870192307692308 0.02403846153846154 0.02403846153846154
0 0.3245192307692308 0.37980769230769235 0.02403846153846154 0.02403846153846154
0 0.4399038461538462 0.3701923076923077 0.02403846153846154 0.02403846153846154
0 0.3557692307692308 0.3341346153846154 0.02403846153846154 0.02403846153846154
0 0.3076923076923077 0.3293269230769231 0.02403846153846154 0.02403846153846154
0 0.2764423076923077 0.29086538461538464 0.02403846153846154 0.02403846153846154
0 0.18028846153846154 0.27884615384615385 0.02403846153846154 0.02403846153846154
0 0.11057692307692309 0.2644230769230769 0.02403846153846154 0.02403846153846154
0 0.6634615384615385 0.22836538461538464 0.02403846153846154 0.02403846153846154
0 0.23076923076923078 0.22596153846153846 0.02403846153846154 0.02403846153846154
0 0.4903846153846154 0.16105769230769232 0.02403846153846154 0.02403846153846154
0 0.7259615384615385 0.1514423076923077 0.02403846153846154 0.02403846153846154
0 0.6971153846153847 0.13701923076923078 0.02403846153846154 0.02403846153846154
0 0.3389423076923077 0.13701923076923078 0.02403846153846154 0.02403846153846154
0 0.625 0.04326923076923077 0.02403846153846154 0.02403846153846154
0 0.8509615384615385 0.14182692307692307 0.02403846153846154 0.02403846153846154
0 0.8317307692307693 0.18509615384615385 0.02403846153846154 0.02403846153846154
0 0.1466346153846154 0.22355769230769232 0.02403846153846154 0.02403846153846154
0 0.34615384615384615 0.15625 0.02403846153846154 0.02403846153846154
0 0.2764423076923077 0.16586538461538464 0.02403846153846154 0.02403846153846154
0 0.701923076923077 0.22355769230769232 0.02403846153846154 0.02403846153846154
0 0.6778846153846154 0.19230769230769232 0.02403846153846154 0.02403846153846154
0 0.45432692307692313 0.4879807692307693 0.02403846153846154 0.02403846153846154
0 0.3581730769230769 0.514423076923077 0.02403846153846154 0.02403846153846154
0 0.3341346153846154 0.4879807692307693 0.02403846153846154 0.02403846153846154
0 0.6274038461538461 0.4495192307692308 0.02403846153846154 0.02403846153846154
0 0.6129807692307693 0.5216346153846154 0.02403846153846154 0.02403846153846154
0 0.8846153846153847 0.545673076923077 0.02403846153846154 0.02403846153846154
0 0.8725961538461539 0.6177884615384616 0.02403846153846154 0.02403846153846154
0 0.8052884615384616 0.5673076923076923 0.02403846153846154 0.02403846153846154
0 0.7163461538461539 0.7259615384615385 0.02403846153846154 0.02403846153846154
0 0.4375 0.6466346153846154 0.02403846153846154 0.02403846153846154
0 0.14423076923076925 0.6177884615384616 0.02403846153846154 0.02403846153846154
0 0.13942307692307693 0.6947115384615385 0.02403846153846154 0.02403846153846154
0 0.07211538461538462 0.8221153846153847 0.02403846153846154 0.02403846153846154
0 0.37980769230769235 0.9423076923076924 0.02403846153846154 0.02403846153846154
0 0.38461538461538464 0.9615384615384616 0.02403846153846154 0.02403846153846154
0 0.5120192307692308 0.9350961538461539 0.02403846153846154 0.02403846153846154
0 0.5120192307692308 0.8509615384615385 0.02403846153846154 0.02403846153846154
0 0.15384615384615385 0.96875 0.02403846153846154 0.02403846153846154
0 0.24278846153846156 0.37980769230769235 0.02403846153846154 0.02403846153846154
0 0.9014423076923077 0.96875 0.02403846153846154 0.02403846153846154
