0 0.6826923076923077 0.96875 0.02403846153846154 0.02403846153846154
0 0.5432692307692308 0.96875 0.02403846153846154 0.02403846153846154
0 0.9278846153846154 0.858173076923077 0.02403846153846154 0.02403846153846154
0 0.65625 0.7091346153846154 0.02403846153846154 0.02403846153846154
0 0.09134615384615385 0.6995192307692308 0.02403846153846154 0.02403846153846154
0 0.10817307692307693 0.6850961538461539 0.02403846153846154 0.02403846153846154
0 0.5264423076923077 0.6754807692307693 0.02403846153846154 0.02403846153846154
0 0.057692307692307696 0.6658653846153847 0.02403846153846154 0.02403846153846154
0 0.34134615384615385 0.6370192307692308 0.02403846153846154 0.02403846153846154
0 0.6947115384615385 0.5552884615384616 0.02403846153846154 0.02403846153846154
0 0.3774038461538462 0.4639423076923077 0.02403846153846154 0.02403846153846154
0 0.5600961538461539 0.3197115384615385 0.02403846153846154 0.02403846153846154
0 0.47836538461538464 0.2644230769230769 0.02403846153846154 0.02403846153846154
0 0.2932692307692308 0.48557692307692313 0.02403846153846154 0.02403846153846154
0 0.34375 0.5745192307692308 0.02403846153846154 0.02403846153846154
0 0.3653846153846154 0.6105769230769231 0.02403846153846154 0.02403846153846154
0 0.3653846153846154 0.6490384615384616 0.02403846153846154 0.02403846153846154
0 0.3197115384615385 0.7427884615384616 0.02403846153846154 0.02403846153846154
0 0.4254807692307693 0.8028846153846154 0.02403846153846154 0.02403846153846154
0 0.78125 0.7740384615384616 0.02403846153846154 0.02403846153846154
0 0.7091346153846154 0.7403846153846154 0.02403846153846154 0.02403846153846154
0 0.7355769230769231 0.8389423076923077 0.02403846153846154 0.02403846153846154
0 0.59375 0.31490384615384615 0.02403846153846154 0.02403846153846154
0 0.17548076923076925 0.8004807692307693 0.02403846153846154 0.02403846153846154
0 0.2355769230769231 0.608173076923077 0.02403846153846154 0.02403846153846154
