0 0.2572115384615385 0.9711538461538463 0.02403846153846154 0.02403846153846154
0 0.1875 0.9447115384615385 0.02403846153846154 0.02403846153846154
0 0.08413461538461539 0.9447115384615385 0.02403846153846154 0.02403846153846154
0 0.6514423076923077 0.9302884615384616 0.02403846153846154 0.02403846153846154
0 0.4399038461538462 0.920673076923077 0.02403846153846154 0.02403846153846154
0 0.5432692307692308 0.8918269230769231 0.02403846153846154 0.02403846153846154
0 0.2403846153846154 0.8918269230769231 0.02403846153846154 0.02403846153846154
0 0.9447115384615385 0.8605769230769231 0.02403846153846154 0.02403846153846154
0 0.6658653846153847 0.8557692307692308 0.02403846153846154 0.02403846153846154
0 0.2644230769230769 0.8533653846153847 0.02403846153846154 0.02403846153846154
0 0.6298076923076923 0.8389423076923077 0.02403846153846154 0.02403846153846154
0 0.4807692307692308 0.8389423076923077 0.02403846153846154 0.02403846153846154
0 0.5865384615384616 0.8365384615384616 0.02403846153846154 0.02403846153846154
0 0.06730769230769232 0.8052884615384616 0.02403846153846154 0.02403846153846154
0 0.2644230769230769 0.7764423076923077 0.02403846153846154 0.02403846153846154
0 0.4206730769230769 0.7668269230769231 0.02403846153846154 0.02403846153846154
0 0.7427884615384616 0.7524038461538461 0.02403846153846154 0.02403846153846154
0 0.13221153846153846 0.7379807692307693 0.02403846153846154 0.02403846153846154
0 0.4759615384615385 0.6826923076923077 0.02403846153846154 0.02403846153846154
0 0.5721153846153847 0.65625 0.02403846153846154 0.02403846153846154
0 0.7788461538461539 0.6370192307692308 0.02403846153846154 0.02403846153846154
0 0.19230769230769232 0.6225961538461539 0.02403846153846154 0.02403846153846154
0 0.4014423076923077 0.5264423076923077 0.02403846153846154 0.02403846153846154
0 0.4182692307692308 0.4519230769230769 0.02403846153846154 0.02403846153846154
0 0.11298076923076923 0.44711538461538464 0.02403846153846154 0.02403846153846154
0 0.8653846153846154 0.4086538461538462 0.02403846153846154 0.02403846153846154
0 0.6490384615384616 0.37259615384615385 0.02403846153846154 0.02403846153846154
0 0.2980769230769231 0.3653846153846154 0.02403846153846154 0.02403846153846154
0 0.20192307692307693 0.3557692307692308 0.02403846153846154 0.02403846153846154
0 0.6658653846153847 0.34134615384615385 0.02403846153846154 0.02403846153846154
0 0.3389423076923077 0.3317307692307693 0.02403846153846154 0.02403846153846154
0 0.4519230769230769 0.3245192307692308 0.02403846153846154 0.02403846153846154
0 0.4254807692307693 0.3028846153846154 0.02403846153846154 0.02403846153846154
0 0.10576923076923078 0.2956730769230769 0.02403846153846154 0.02403846153846154
0 0.07932692307692309 0.21634615384615385 0.02403846153846154 0.02403846153846154
0 0.608173076923077 0.14423076923076925 0.02403846153846154 0.02403846153846154
0 0.19471153846153846 0.125 0.02403846153846154 0.02403846153846154
0 0.3966346153846154 0.03605769230769231 0.02403846153846154 0.02403846153846154
0 0.6875 0.04326923076923077 0.02403846153846154 0.02403846153846154
0 0.5817307692307693 0.04567307692307693 0.02403846153846154 0.02403846153846154
0 0.4807692307692308 0.040865384615384616 0.02403846153846154 0.02403846153846154
0 0.5288461538461539 0.3389423076923077 0.02403846153846154 0.02403846153846154
0 0.34615384615384615 0.22596153846153846 0.02403846153846154 0.02403846153846154
0 0.19711538461538464 0.3966346153846154 0.02403846153846154 0.02403846153846154
0 0.19471153846153846 0.20673076923076925 0.02403846153846154 0.02403846153846154
0 0.13461538461538464 0.6418269230769231 0.02403846153846154 0.02403846153846154
0 0.2043269230769231 0.6610576923076923 0.02403846153846154 0.02403846153846154
0 0.4182692307692308 0.8485576923076924 0.02403846153846154 0.02403846153846154
0 0.4134615384615385 0.7379807692307693 0.02403846153846154 0.02403846153846154
0 0.6298076923076923 0.8990384615384616 0.02403846153846154 0.02403846153846154
0 0.9038461538461539 0.47355769230769235 0.02403846153846154 0.02403846153846154
0 0.8653846153846154 0.4711538461538462 0.02403846153846154 0.02403846153846154
0 0.8125 0.48557692307692313 0.02403846153846154 0.02403846153846154
0 0.6490384615384616 0.4903846153846154 0.02403846153846154 0.02403846153846154
0 0.7139423076923077 0.5673076923076923 0.02403846153846154 0.02403846153846154
0 0.6947115384615385 0.6009615384615385 0.02403846153846154 0.02403846153846154
0 0.7211538461538461 0.6634615384615385 0.02403846153846154 0.02403846153846154
0 0.9134615384615385 0.65625 0.02403846153846154 0.02403846153846154
0 0.8870192307692308 0.8461538461538463 0.02403846153846154 0.02403846153846154
0 0.8293269230769231 0.8557692307692308 0.02403846153846154 0.02403846153846154
0 0.764423076923077 0.8725961538461539 0.02403846153846154 0.02403846153846154
0 0.03125 0.9302884615384616 0.02403846153846154 0.02403846153846154
