0 0.4086538461538462 0.96875 0.02403846153846154 0.02403846153846154
0 0.03125 0.9302884615384616 0.02403846153846154 0.02403846153846154
0 0.9254807692307693 0.9230769230769231 0.02403846153846154 0.02403846153846154
0 0.34375 0.8990384615384616 0.02403846153846154 0.02403846153846154
0 0.3822115384615385 0.8846153846153847 0.02403846153846154 0.02403846153846154
0 0.8990384615384616 0.8798076923076924 0.02403846153846154 0.02403846153846154
0 0.05048076923076923 0.8365384615384616 0.02403846153846154 0.02403846153846154
0 0.90625 0.7548076923076924 0.02403846153846154 0.02403846153846154
0 0.7379807692307693 0.7403846153846154 0.02403846153846154 0.02403846153846154
0 0.9663461538461539 0.7115384615384616 0.02403846153846154 0.02403846153846154
0 0.31730769230769235 0.7043269230769231 0.02403846153846154 0.02403846153846154
0 0.5408653846153847 0.6754807692307693 0.02403846153846154 0.02403846153846154
0 0.18028846153846154 0.6658653846153847 0.02403846153846154 0.02403846153846154
0 0.6418269230769231 0.6538461538461539 0.02403846153846154 0.02403846153846154
0 0.7379807692307693 0.46634615384615385 0.02403846153846154 0.02403846153846154
0 0.5985576923076923 0.46634615384615385 0.02403846153846154 0.02403846153846154
0 0.7115384615384616 0.20673076923076925 0.02403846153846154 0.02403846153846154
0 0.1466346153846154 0.19711538461538464 0.02403846153846154 0.02403846153846154
0 0.16346153846153846 0.1826923076923077 0.02403846153846154 0.02403846153846154
0 0.5817307692307693 0.17307692307692307 0.02403846153846154 0.02403846153846154
0 0.11298076923076923 0.16346153846153846 0.02403846153846154 0.02403846153846154
0 0.3966346153846154 0.13461538461538464 0.02403846153846154 0.02403846153846154
0 0.05048076923076923 0.10096153846153846 0.02403846153846154 0.02403846153846154
0 0.75 0.05288461538461539 0.02403846153846154 0.02403846153846154
0 0.39903846153846156 0.07211538461538462 0.02403846153846154 0.02403846153846154
0 0.4206730769230769 0.10817307692307693 0.02403846153846154 0.02403846153846154
0 0.4206730769230769 0.1466346153846154 0.02403846153846154 0.02403846153846154
0 0.375 0.2403846153846154 0.02403846153846154 0.02403846153846154
0 0.4807692307692308 0.3004807692307693 0.02403846153846154 0.02403846153846154
0 0.8365384615384616 0.2716346153846154 0.02403846153846154 0.02403846153846154
0 0.764423076923077 0.23798076923076925 0.02403846153846154 0.02403846153846154
0 0.7908653846153847 0.33653846153846156 0.02403846153846154 0.02403846153846154
0 0.05288461538461539 0.038461538461538464 0.02403846153846154 0.02403846153846154
0 0.23076923076923078 0.2980769230769231 0.02403846153846154 0.02403846153846154
0 0.29086538461538464 0.10576923076923078 0.02403846153846154 0.02403846153846154
0 0.6298076923076923 0.6225961538461539 0.02403846153846154 0.02403846153846154
0 0.7524038461538461 0.6899038461538461 0.02403846153846154 0.02403846153846154
0 0.7307692307692308 0.7067307692307693 0.02403846153846154 0.02403846153846154
0 0.5120192307692308 0.8317307692307693 0.02403846153846154 0.02403846153846154
0 0.6538461538461539 0.8317307692307693 0.02403846153846154 0.02403846153846154
0 0.8846153846153847 0.7043269230769231 0.02403846153846154 0.02403846153846154
0 0.9615384615384616 0.6875 0.02403846153846154 0.02403846153846154
0 0.96875 0.576923076923077 0.02403846153846154 0.02403846153846154
0 0.8966346153846154 0.5625 0.02403846153846154 0.02403846153846154
0 0.3557692307692308 0.733173076923077 0.02403846153846154 0.02403846153846154
