0 0.8413461538461539 0.8052884615384616 0.02403846153846154 0.02403846153846154
0 0.9543269230769231 0.545673076923077 0.02403846153846154 0.02403846153846154
0 0.3894230769230769 0.5360576923076923 0.02403846153846154 0.02403846153846154
0 0.40625 0.5216346153846154 0.02403846153846154 0.02403846153846154
0 0.8245192307692308 0.5120192307692308 0.02403846153846154 0.02403846153846154
0 0.3557692307692308 0.5024038461538461 0.02403846153846154 0.02403846153846154
0 0.639423076923077 0.47355769230769235 0.02403846153846154 0.02403846153846154
0 0.2932692307692308 0.4399038461538462 0.02403846153846154 0.02403846153846154
0 0.6754807692307693 0.3004807692307693 0.02403846153846154 0.02403846153846154
0 0.858173076923077 0.15625 0.02403846153846154 0.02403846153846154
0 0.7764423076923077 0.10096153846153846 0.02403846153846154 0.02403846153846154
0 0.5913461538461539 0.32211538461538464 0.02403846153846154 0.02403846153846154
0 0.6418269230769231 0.41105769230769235 0.02403846153846154 0.02403846153846154
0 0.6634615384615385 0.44711538461538464 0.02403846153846154 0.02403846153846154
0 0.6634615384615385 0.48557692307692313 0.02403846153846154 0.02403846153846154
0 0.6177884615384616 0.5793269230769231 0.02403846153846154 0.02403846153846154
0 0.7235576923076924 0.639423076923077 0.02403846153846154 0.02403846153846154
0 0.8918269230769231 0.1514423076923077 0.02403846153846154 0.02403846153846154
0 0.30528846153846156 0.2668269230769231 0.02403846153846154 0.02403846153846154
0 0.2956730769230769 0.3774038461538462 0.02403846153846154 0.02403846153846154
0 0.20673076923076925 0.4591346153846154 0.02403846153846154 0.02403846153846154
0 0.14903846153846154 0.5336538461538461 0.02403846153846154 0.02403846153846154
0 0.1466346153846154 0.7163461538461539 0.02403846153846154 0.02403846153846154
0 0.47355769230769235 0.6370192307692308 0.02403846153846154 0.02403846153846154
0 0.5336538461538461 0.4447115384615385 0.02403846153846154 0.02403846153846154
0 0.07692307692307693 0.4495192307692308 0.02403846153846154 0.02403846153846154
0 0.06971153846153846 0.4206730769230769 0.02403846153846154 0.02403846153846154
0 0.8725961538461539 0.9615384615384616 0.02403846153846154 0.02403846153846154
