0 0.3028846153846154 0.9110576923076924 0.02403846153846154 0.02403846153846154
0 0.06730769230769232 0.8798076923076924 0.02403846153846154 0.02403846153846154
0 0.8317307692307693 0.8389423076923077 0.02403846153846154 0.02403846153846154
0 0.4182692307692308 0.8197115384615385 0.02403846153846154 0.02403846153846154
0 0.10336538461538462 0.7764423076923077 0.02403846153846154 0.02403846153846154
0 0.6201923076923077 0.7307692307692308 0.02403846153846154 0.02403846153846154
0 0.038461538461538464 0.7067307692307693 0.02403846153846154 0.02403846153846154
0 0.07692307692307693 0.6923076923076923 0.02403846153846154 0.02403846153846154
0 0.59375 0.6875 0.02403846153846154 0.02403846153846154
0 0.6009615384615385 0.5625 0.02403846153846154 0.02403846153846154
0 0.4326923076923077 0.5480769230769231 0.02403846153846154 0.02403846153846154
0 0.6610576923076923 0.5192307692307693 0.02403846153846154 0.02403846153846154
0 0.9495192307692308 0.5024038461538461 0.02403846153846154 0.02403846153846154
0 0.2355769230769231 0.4831730769230769 0.02403846153846154 0.02403846153846154
0 0.8028846153846154 0.4711538461538462 0.02403846153846154 0.02403846153846154
0 0.33653846153846156 0.46153846153846156 0.02403846153846154 0.02403846153846154
0 0.71875 0.4375 0.02403846153846154 0.02403846153846154
0 0.4326923076923077 0.27403846153846156 0.02403846153846154 0.02403846153846154
0 0.2932692307692308 0.27403846153846156 0.02403846153846154 0.02403846153846154
0 0.6778846153846154 0.16346153846153846 0.02403846153846154 0.02403846153846154
0 0.06971153846153846 0.04807692307692308 0.02403846153846154 0.02403846153846154
0 0.17548076923076925 0.10817307692307693 0.02403846153846154 0.02403846153846154
0 0.53125 0.07932692307692309 0.02403846153846154 0.02403846153846154
0 0.4591346153846154 0.04567307692307693 0.02403846153846154 0.02403846153846154
0 0.48557692307692313 0.14423076923076925 0.02403846153846154 0.02403846153846154
0 0.8100961538461539 0.028846153846153848 0.02403846153846154 0.02403846153846154
0 0.9711538461538463 0.06009615384615385 0.02403846153846154 0.02403846153846154
0 0.3245192307692308 0.43028846153846156 0.02403846153846154 0.02403846153846154
0 0.44711538461538464 0.49759615384615385 0.02403846153846154 0.02403846153846154
0 0.4254807692307693 0.514423076923077 0.02403846153846154 0.02403846153846154
0 0.20673076923076925 0.639423076923077 0.02403846153846154 0.02403846153846154
0 0.34855769230769235 0.639423076923077 0.02403846153846154 0.02403846153846154
0 0.5793269230769231 0.5120192307692308 0.02403846153846154 0.02403846153846154
0 0.65625 0.4951923076923077 0.02403846153846154 0.02403846153846154
0 0.6634615384615385 0.38461538461538464 0.02403846153846154 0.02403846153846154
0 0.6850961538461539 0.3894230769230769 0.02403846153846154 0.02403846153846154
0 0.9038461538461539 0.5096153846153847 0.02403846153846154 0.02403846153846154
0 0.858173076923077 0.6009615384615385 0.02403846153846154 0.02403846153846154
0 0.7836538461538461 0.5 0.02403846153846154 0.02403846153846154
0 0.9110576923076924 0.7379807692307693 0.02403846153846154 0.02403846153846154
0 0.8052884615384616 0.7403846153846154 0.02403846153846154 0.02403846153846154
0 0.7043269230769231 0.7355769230769231 0.02403846153846154 0.02403846153846154
0 0.8846153846153847 0.6947115384615385 0.02403846153846154 0.02403846153846154
0 0.8629807692307693 0.6682692307692308 0.02403846153846154 0.02403846153846154
0 0.5697115384615385 0.920673076923077 0.02403846153846154 0.02403846153846154
0 0.4182692307692308 0.9014423076923077 0.02403846153846154 0.02403846153846154
0 0.5913461538461539 0.3701923076923077 0.02403846153846154 0.02403846153846154
0 0.05048076923076923 0.5408653846153847 0.02403846153846154 0.02403846153846154
