0 0.31490384615384615 0.9399038461538463 0.02403846153846154 0.02403846153846154
0 0.7572115384615385 0.8822115384615385 0.02403846153846154 0.02403846153846154
0 0.6201923076923077 0.84375 0.02403846153846154 0.02403846153846154
0 0.14182692307692307 0.8004807692307693 0.02403846153846154 0.02403846153846154
0 0.15865384615384617 0.43509615384615385 0.02403846153846154 0.02403846153846154
0 0.5865384615384616 0.375 0.02403846153846154 0.02403846153846154
0 0.6033653846153847 0.3605769230769231 0.02403846153846154 0.02403846153846154
0 0.5528846153846154 0.34134615384615385 0.02403846153846154 0.02403846153846154
0 0.8365384615384616 0.3125 0.02403846153846154 0.02403846153846154
0 0.4903846153846154 0.27884615384615385 0.02403846153846154 0.02403846153846154
0 0.14182692307692307 0.24278846153846156 0.02403846153846154 0.02403846153846154
0 0.8725961538461539 0.13942307692307693 0.02403846153846154 0.02403846153846154
0 0.7884615384615385 0.16105769230769232 0.02403846153846154 0.02403846153846154
0 0.8389423076923077 0.25 0.02403846153846154 0.02403846153846154
0 0.8605769230769231 0.28605769230769235 0.02403846153846154 0.02403846153846154
0 0.8605769230769231 0.3245192307692308 0.02403846153846154 0.02403846153846154
0 0.8149038461538461 0.4182692307692308 0.02403846153846154 0.02403846153846154
0 0.920673076923077 0.47836538461538464 0.02403846153846154 0.02403846153846154
0 0.5024038461538461 0.10576923076923078 0.02403846153846154 0.02403846153846154
0 0.49278846153846156 0.21634615384615385 0.02403846153846154 0.02403846153846154
0 0.40384615384615385 0.2980769230769231 0.02403846153846154 0.02403846153846154
0 0.34615384615384615 0.37259615384615385 0.02403846153846154 0.02403846153846154
0 0.34375 0.5552884615384616 0.02403846153846154 0.02403846153846154
0 0.670673076923077 0.4759615384615385 0.02403846153846154 0.02403846153846154
0 0.7307692307692308 0.28365384615384615 0.02403846153846154 0.02403846153846154
0 0.27403846153846156 0.2884615384615385 0.02403846153846154 0.02403846153846154
0 0.2668269230769231 0.25961538461538464 0.02403846153846154 0.02403846153846154
0 0.16346153846153846 0.05528846153846154 0.02403846153846154 0.02403846153846154
0 0.16346153846153846 0.4182692307692308 0.02403846153846154 0.02403846153846154
0 0.14182692307692307 0.28365384615384615 0.02403846153846154 0.02403846153846154
0 0.11298076923076923 0.2668269230769231 0.02403846153846154 0.02403846153846154
0 0.10336538461538462 0.24278846153846156 0.02403846153846154 0.02403846153846154
0 0.08413461538461539 0.44711538461538464 0.02403846153846154 0.02403846153846154
0 0.13942307692307693 0.5576923076923077 0.02403846153846154 0.02403846153846154
0 0.13221153846153846 0.5985576923076923 0.02403846153846154 0.02403846153846154
0 0.08413461538461539 0.6322115384615385 0.02403846153846154 0.02403846153846154
0 0.09855769230769232 0.6971153846153847 0.02403846153846154 0.02403846153846154
0 0.43509615384615385 0.875 0.02403846153846154 0.02403846153846154
0 0.27884615384615385 0.84375 0.02403846153846154 0.02403846153846154
0 0.795673076923077 0.9110576923076924 0.02403846153846154 0.02403846153846154
