0 0.44230769230769235 0.9591346153846154 0.02403846153846154 0.02403846153846154
0 0.8846153846153847 0.9014423076923077 0.02403846153846154 0.02403846153846154
0 0.7475961538461539 0.8629807692307693 0.02403846153846154 0.02403846153846154
0 0.2692307692307693 0.8197115384615385 0.02403846153846154 0.02403846153846154
0 0.11298076923076923 0.5865384615384616 0.02403846153846154 0.02403846153846154
0 0.28605769230769235 0.45432692307692313 0.02403846153846154 0.02403846153846154
0 0.7139423076923077 0.3942307692307693 0.02403846153846154 0.02403846153846154
0 0.7307692307692308 0.37980769230769235 0.02403846153846154 0.02403846153846154
0 0.6802884615384616 0.3605769230769231 0.02403846153846154 0.02403846153846154
0 0.9639423076923077 0.3317307692307693 0.02403846153846154 0.02403846153846154
0 0.6177884615384616 0.2980769230769231 0.02403846153846154 0.02403846153846154
0 0.2692307692307693 0.2620192307692308 0.02403846153846154 0.02403846153846154
0 0.1201923076923077 0.23076923076923078 0.02403846153846154 0.02403846153846154
0 0.9158653846153847 0.18028846153846154 0.02403846153846154 0.02403846153846154
0 0.9663461538461539 0.2692307692307693 0.02403846153846154 0.02403846153846154
0 0.9423076923076924 0.4375 0.02403846153846154 0.02403846153846154
0 0.6298076923076923 0.125 0.02403846153846154 0.02403846153846154
0 0.6201923076923077 0.2355769230769231 0.02403846153846154 0.02403846153846154
0 0.53125 0.31730769230769235 0.02403846153846154 0.02403846153846154
0 0.47355769230769235 0.3918269230769231 0.02403846153846154 0.02403846153846154
0 0.4711538461538462 0.5745192307692308 0.02403846153846154 0.02403846153846154
0 0.7980769230769231 0.4951923076923077 0.02403846153846154 0.02403846153846154
0 0.858173076923077 0.3028846153846154 0.02403846153846154 0.02403846153846154
0 0.4014423076923077 0.3076923076923077 0.02403846153846154 0.02403846153846154
0 0.3942307692307693 0.27884615384615385 0.02403846153846154 0.02403846153846154
0 0.29086538461538464 0.07451923076923077 0.02403846153846154 0.02403846153846154
0 0.29086538461538464 0.4375 0.02403846153846154 0.02403846153846154
0 0.2692307692307693 0.3028846153846154 0.02403846153846154 0.02403846153846154
0 0.2403846153846154 0.28605769230769235 0.02403846153846154 0.02403846153846154
0 0.23076923076923078 0.2620192307692308 0.02403846153846154 0.02403846153846154
0 0.21153846153846156 0.46634615384615385 0.02403846153846154 0.02403846153846154
0 0.2668269230769231 0.576923076923077 0.02403846153846154 0.02403846153846154
0 0.25961538461538464 0.6177884615384616 0.02403846153846154 0.02403846153846154
0 0.21153846153846156 0.6514423076923077 0.02403846153846154 0.02403846153846154
0 0.22596153846153846 0.7163461538461539 0.02403846153846154 0.02403846153846154
0 0.5625 0.8942307692307693 0.02403846153846154 0.02403846153846154
0 0.40625 0.8629807692307693 0.02403846153846154 0.02403846153846154
0 0.07932692307692309 0.8557692307692308 0.02403846153846154 0.02403846153846154
0 0.02403846153846154 0.8870192307692308 0.02403846153846154 0.02403846153846154
0 0.09375 0.5576923076923077 0.02403846153846154 0.02403846153846154
0 0.9230769230769231 0.9302884615384616 0.02403846153846154 0.02403846153846154
