0 0.7692307692307693 0.9495192307692308 0.02403846153846154 0.02403846153846154
0 0.8245192307692308 0.9399038461538463 0.02403846153846154 0.02403846153846154
0 0.4567307692307693 0.9350961538461539 0.02403846153846154 0.02403846153846154
0 0.32211538461538464 0.9350961538461539 0.02403846153846154 0.02403846153846154
0 0.8149038461538461 0.9254807692307693 0.02403846153846154 0.02403846153846154
0 0.7139423076923077 0.9254807692307693 0.02403846153846154 0.02403846153846154
0 0.6586538461538461 0.920673076923077 0.02403846153846154 0.02403846153846154
0 0.43028846153846156 0.920673076923077 0.02403846153846154 0.02403846153846154
0 0.23798076923076925 0.8822115384615385 0.02403846153846154 0.02403846153846154
0 0.0625 0.8774038461538463 0.02403846153846154 0.02403846153846154
0 0.8677884615384616 0.8605769230769231 0.02403846153846154 0.02403846153846154
0 0.3966346153846154 0.8341346153846154 0.02403846153846154 0.02403846153846154
0 0.8822115384615385 0.826923076923077 0.02403846153846154 0.02403846153846154
0 0.7307692307692308 0.8221153846153847 0.02403846153846154 0.02403846153846154
0 0.7163461538461539 0.8052884615384616 0.02403846153846154 0.02403846153846154
0 0.7355769230769231 0.795673076923077 0.02403846153846154 0.02403846153846154
0 0.3701923076923077 0.7764423076923077 0.02403846153846154 0.02403846153846154
0 0.4399038461538462 0.7620192307692308 0.02403846153846154 0.02403846153846154
0 0.6514423076923077 0.7524038461538461 0.02403846153846154 0.02403846153846154
0 0.7620192307692308 0.7427884615384616 0.02403846153846154 0.02403846153846154
0 0.6995192307692308 0.7427884615384616 0.02403846153846154 0.02403846153846154
0 0.4014423076923077 0.7379807692307693 0.02403846153846154 0.02403846153846154
0 0.6971153846153847 0.6995192307692308 0.02403846153846154 0.02403846153846154
0 0.7259615384615385 0.6947115384615385 0.02403846153846154 0.02403846153846154
0 0.8653846153846154 0.6875 0.02403846153846154 0.02403846153846154
0 0.06009615384615385 0.6826923076923077 0.02403846153846154 0.02403846153846154
0 0.2644230769230769 0.6778846153846154 0.02403846153846154 0.02403846153846154
0 0.20192307692307693 0.6322115384615385 0.02403846153846154 0.02403846153846154
0 0.6754807692307693 0.6274038461538461 0.02403846153846154 0.02403846153846154
0 0.9302884615384616 0.6201923076923077 0.02403846153846154 0.02403846153846154
0 0.2572115384615385 0.576923076923077 0.02403846153846154 0.02403846153846154
0 0.6971153846153847 0.5697115384615385 0.02403846153846154 0.02403846153846154
0 0.19230769230769232 0.4879807692307693 0.02403846153846154 0.02403846153846154
0 0.5216346153846154 0.46634615384615385 0.02403846153846154 0.02403846153846154
0 0.2932692307692308 0.4567307692307693 0.02403846153846154 0.02403846153846154
0 0.3629807692307693 0.4495192307692308 0.02403846153846154 0.02403846153846154
0 0.3293269230769231 0.44711538461538464 0.02403846153846154 0.02403846153846154
0 0.6153846153846154 0.43028846153846156 0.02403846153846154 0.02403846153846154
0 0.2980769230769231 0.4206730769230769 0.02403846153846154 0.02403846153846154
0 0.6346153846153847 0.4134615384615385 0.02403846153846154 0.02403846153846154
0 0.6634615384615385 0.3942307692307693 0.02403846153846154 0.02403846153846154
0 0.3317307692307693 0.3389423076923077 0.02403846153846154 0.02403846153846154
0 0.17307692307692307 0.3341346153846154 0.02403846153846154 0.02403846153846154
0 0.9110576923076924 0.3293269230769231 0.02403846153846154 0.02403846153846154
0 0.4831730769230769 0.32211538461538464 0.02403846153846154 0.02403846153846154
0 0.3894230769230769 0.31009615384615385 0.02403846153846154 0.02403846153846154
0 0.4759615384615385 0.2956730769230769 0.02403846153846154 0.02403846153846154
0 0.43509615384615385 0.29086538461538464 0.02403846153846154 0.02403846153846154
0 0.6971153846153847 0.2668269230769231 0.02403846153846154 0.02403846153846154
0 0.6177884615384616 0.2668269230769231 0.02403846153846154 0.02403846153846154
0 0.2043269230769231 0.25480769230769235 0.02403846153846154 0.02403846153846154
0 0.6923076923076923 0.23076923076923078 0.02403846153846154 0.02403846153846154
0 0.7163461538461539 0.22115384615384617 0.02403846153846154 0.02403846153846154
0 0.9038461538461539 0.1778846153846154 0.02403846153846154 0.02403846153846154
0 0.11538461538461539 0.1778846153846154 0.02403846153846154 0.02403846153846154
0 0.1514423076923077 0.15384615384615385 0.02403846153846154 0.02403846153846154
0 0.19711538461538464 0.14423076923076925 0.02403846153846154 0.02403846153846154
0 0.3293269230769231 0.10336538461538462 0.02403846153846154 0.02403846153846154
0 0.8774038461538463 0.09855769230769232 0.02403846153846154 0.02403846153846154
0 0.6418269230769231 0.06730769230769232 0.02403846153846154 0.02403846153846154
0 0.34134615384615385 0.05528846153846154 0.02403846153846154 0.02403846153846154
0 0.22115384615384617 0.03365384615384616 0.02403846153846154 0.02403846153846154
0 0.2403846153846154 0.026442307692307696 0.02403846153846154 0.02403846153846154
0 0.1778846153846154 0.02403846153846154 0.02403846153846154 0.02403846153846154
0 0.05528846153846154 0.16586538461538464 0.02403846153846154 0.02403846153846154
0 0.1875 0.0889423076923077 0.02403846153846154 0.02403846153846154
0 0.6490384615384616 0.1778846153846154 0.02403846153846154 0.02403846153846154
0 0.9326923076923077 0.5240384615384616 0.02403846153846154 0.02403846153846154
0 0.7451923076923077 0.5384615384615385 0.02403846153846154 0.02403846153846154
0 0.6682692307692308 0.5480769230769231 0.02403846153846154 0.02403846153846154
0 0.6370192307692308 0.4375 0.02403846153846154 0.02403846153846154
0 0.8100961538461539 0.7235576923076924 0.02403846153846154 0.02403846153846154
0 0.8293269230769231 0.8125 0.02403846153846154 0.02403846153846154
0 0.8413461538461539 0.858173076923077 0.02403846153846154 0.02403846153846154
0 0.8461538461538463 0.8798076923076924 0.02403846153846154 0.02403846153846154
0 0.8870192307692308 0.9278846153846154 0.02403846153846154 0.02403846153846154
0 0.8605769230769231 0.9471153846153847 0.02403846153846154 0.02403846153846154
0 0.46875 0.8846153846153847 0.02403846153846154 0.02403846153846154
0 0.16346153846153846 0.8076923076923077 0.02403846153846154 0.02403846153846154
0 0.12740384615384617 0.9086538461538463 0.02403846153846154 0.02403846153846154
0 0.13942307692307693 0.96875 0.02403846153846154 0.02403846153846154
0 0.18990384615384617 0.5336538461538461 0.02403846153846154 0.02403846153846154
0 0.31009615384615385 0.6754807692307693 0.02403846153846154 0.02403846153846154
