0 0.7788461538461539 0.96875 0.02403846153846154 0.02403846153846154
0 0.46875 0.9495192307692308 0.02403846153846154 0.02403846153846154
0 0.09615384615384616 0.9302884615384616 0.02403846153846154 0.02403846153846154
0 0.7788461538461539 0.9182692307692308 0.02403846153846154 0.02403846153846154
0 0.5985576923076923 0.8966346153846154 0.02403846153846154 0.02403846153846154
0 0.28125 0.8966346153846154 0.02403846153846154 0.02403846153846154
0 0.2091346153846154 0.8942307692307693 0.02403846153846154 0.02403846153846154
0 0.5576923076923077 0.8822115384615385 0.02403846153846154 0.02403846153846154
0 0.31490384615384615 0.875 0.02403846153846154 0.02403846153846154
0 0.8822115384615385 0.8509615384615385 0.02403846153846154 0.02403846153846154
0 0.27884615384615385 0.8461538461538463 0.02403846153846154 0.02403846153846154
0 0.608173076923077 0.8221153846153847 0.02403846153846154 0.02403846153846154
0 0.22836538461538464 0.8004807692307693 0.02403846153846154 0.02403846153846154
0 0.17548076923076925 0.7668269230769231 0.02403846153846154 0.02403846153846154
0 0.6322115384615385 0.7283653846153847 0.02403846153846154 0.02403846153846154
0 0.7307692307692308 0.7067307692307693 0.02403846153846154 0.02403846153846154
0 0.04807692307692308 0.701923076923077 0.02403846153846154 0.02403846153846154
0 0.3028846153846154 0.6971153846153847 0.02403846153846154 0.02403846153846154
0 0.3894230769230769 0.6538461538461539 0.02403846153846154 0.02403846153846154
0 0.670673076923077 0.6514423076923077 0.02403846153846154 0.02403846153846154
0 0.78125 0.6274038461538461 0.02403846153846154 0.02403846153846154
0 0.6346153846153847 0.6201923076923077 0.02403846153846154 0.02403846153846154
0 0.2932692307692308 0.6177884615384616 0.02403846153846154 0.02403846153846154
0 0.34855769230769235 0.608173076923077 0.02403846153846154 0.02403846153846154
0 0.3389423076923077 0.59375 0.02403846153846154 0.02403846153846154
0 0.23798076923076925 0.59375 0.02403846153846154 0.02403846153846154
0 0.1826923076923077 0.5889423076923077 0.02403846153846154 0.02403846153846154
0 0.7716346153846154 0.5793269230769231 0.02403846153846154 0.02403846153846154
0 0.9423076923076924 0.5721153846153847 0.02403846153846154 0.02403846153846154
0 0.7836538461538461 0.5576923076923077 0.02403846153846154 0.02403846153846154
0 0.3918269230769231 0.5288461538461539 0.02403846153846154 0.02403846153846154
0 0.5793269230769231 0.5216346153846154 0.02403846153846154 0.02403846153846154
0 0.5096153846153847 0.4951923076923077 0.02403846153846154 0.02403846153846154
0 0.40625 0.4951923076923077 0.02403846153846154 0.02403846153846154
0 0.25480769230769235 0.4903846153846154 0.02403846153846154 0.02403846153846154
0 0.2403846153846154 0.47355769230769235 0.02403846153846154 0.02403846153846154
0 0.7620192307692308 0.4711538461538462 0.02403846153846154 0.02403846153846154
0 0.25961538461538464 0.4639423076923077 0.02403846153846154 0.02403846153846154
0 0.8653846153846154 0.44230769230769235 0.02403846153846154 0.02403846153846154
0 0.5625 0.44230769230769235 0.02403846153846154 0.02403846153846154
0 0.17548076923076925 0.4206730769230769 0.02403846153846154 0.02403846153846154
0 0.28605769230769235 0.41105769230769235 0.02403846153846154 0.02403846153846154
0 0.22355769230769232 0.41105769230769235 0.02403846153846154 0.02403846153846154
0 0.5865384615384616 0.40384615384615385 0.02403846153846154 0.02403846153846154
0 0.951923076923077 0.3894230769230769 0.02403846153846154 0.02403846153846154
0 0.8028846153846154 0.3894230769230769 0.02403846153846154 0.02403846153846154
0 0.9086538461538463 0.3870192307692308 0.02403846153846154 0.02403846153846154
0 0.22115384615384617 0.36778846153846156 0.02403846153846154 0.02403846153846154
0 0.25 0.3629807692307693 0.02403846153846154 0.02403846153846154
0 0.3894230769230769 0.3557692307692308 0.02403846153846154 0.02403846153846154
0 0.5865384615384616 0.3269230769230769 0.02403846153846154 0.02403846153846154
0 0.7427884615384616 0.31730769230769235 0.02403846153846154 0.02403846153846154
0 0.19951923076923078 0.2956730769230769 0.02403846153846154 0.02403846153846154
0 0.45432692307692313 0.2884615384615385 0.02403846153846154 0.02403846153846154
0 0.22115384615384617 0.23798076923076925 0.02403846153846154 0.02403846153846154
0 0.7980769230769231 0.23317307692307693 0.02403846153846154 0.02403846153846154
0 0.8942307692307693 0.20673076923076925 0.02403846153846154 0.02403846153846154
0 0.514423076923077 0.17307692307692307 0.02403846153846154 0.02403846153846154
0 0.04567307692307693 0.13461538461538464 0.02403846153846154 0.02403846153846154
0 0.13942307692307693 0.09855769230769232 0.02403846153846154 0.02403846153846154
0 0.15865384615384617 0.08173076923076923 0.02403846153846154 0.02403846153846154
0 0.7235576923076924 0.07692307692307693 0.02403846153846154 0.02403846153846154
0 0.1875 0.0625 0.02403846153846154 0.02403846153846154
0 0.4567307692307693 0.19230769230769232 0.02403846153846154 0.02403846153846154
0 0.5264423076923077 0.21153846153846156 0.02403846153846154 0.02403846153846154
0 0.7403846153846154 0.39903846153846156 0.02403846153846154 0.02403846153846154
0 0.7355769230769231 0.2884615384615385 0.02403846153846154 0.02403846153846154
0 0.951923076923077 0.4495192307692308 0.02403846153846154 0.02403846153846154
0 0.9711538461538463 0.040865384615384616 0.02403846153846154 0.02403846153846154
0 0.2692307692307693 0.20673076923076925 0.02403846153846154 0.02403846153846154
0 0.19230769230769232 0.21634615384615385 0.02403846153846154 0.02403846153846154
0 0.16105769230769232 0.10576923076923078 0.02403846153846154 0.02403846153846154
0 0.3341346153846154 0.3918269230769231 0.02403846153846154 0.02403846153846154
0 0.35336538461538464 0.4807692307692308 0.02403846153846154 0.02403846153846154
0 0.3653846153846154 0.5264423076923077 0.02403846153846154 0.02403846153846154
0 0.3701923076923077 0.5480769230769231 0.02403846153846154 0.02403846153846154
0 0.41105769230769235 0.5961538461538461 0.02403846153846154 0.02403846153846154
0 0.38461538461538464 0.6153846153846154 0.02403846153846154 0.02403846153846154
0 0.2932692307692308 0.6586538461538461 0.02403846153846154 0.02403846153846154
0 0.17067307692307693 0.8485576923076924 0.02403846153846154 0.02403846153846154
0 0.10336538461538462 0.8100961538461539 0.02403846153846154 0.02403846153846154
0 0.08413461538461539 0.8798076923076924 0.02403846153846154 0.02403846153846154
0 0.4326923076923077 0.9326923076923077 0.02403846153846154 0.02403846153846154
0 0.31490384615384615 0.9423076923076924 0.02403846153846154 0.02403846153846154
0 0.5817307692307693 0.9567307692307693 0.02403846153846154 0.02403846153846154
0 0.7115384615384616 0.7283653846153847 0.02403846153846154 0.02403846153846154
0 0.7764423076923077 0.6923076923076923 0.02403846153846154 0.02403846153846154
0 0.9014423076923077 0.9278846153846154 0.02403846153846154 0.02403846153846154
