0 0.6298076923076923 0.951923076923077 0.02403846153846154 0.02403846153846154
0 0.3629807692307693 0.9423076923076924 0.02403846153846154 0.02403846153846154
0 0.2668269230769231 0.9158653846153847 0.02403846153846154 0.02403846153846154
0 0.27884615384615385 0.8942307692307693 0.02403846153846154 0.02403846153846154
0 0.5024038461538461 0.8870192307692308 0.02403846153846154 0.02403846153846154
0 0.7572115384615385 0.8822115384615385 0.02403846153846154 0.02403846153846154
0 0.32211538461538464 0.8725961538461539 0.02403846153846154 0.02403846153846154
0 0.2572115384615385 0.8725961538461539 0.02403846153846154 0.02403846153846154
0 0.84375 0.8389423076923077 0.02403846153846154 0.02403846153846154
0 0.7475961538461539 0.8028846153846154 0.02403846153846154 0.02403846153846154
0 0.8028846153846154 0.7932692307692308 0.02403846153846154 0.02403846153846154
0 0.43509615384615385 0.7884615384615385 0.02403846153846154 0.02403846153846154
0 0.3004807692307693 0.7884615384615385 0.02403846153846154 0.02403846153846154
0 0.7932692307692308 0.7788461538461539 0.02403846153846154 0.02403846153846154
0 0.6923076923076923 0.7788461538461539 0.02403846153846154 0.02403846153846154
0 0.6370192307692308 0.7740384615384616 0.02403846153846154 0.02403846153846154
0 0.4086538461538462 0.7740384615384616 0.02403846153846154 0.02403846153846154
0 0.21634615384615385 0.7355769230769231 0.02403846153846154 0.02403846153846154
0 0.040865384615384616 0.7307692307692308 0.02403846153846154 0.02403846153846154
0 0.8461538461538463 0.7139423076923077 0.02403846153846154 0.02403846153846154
0 0.375 0.6875 0.02403846153846154 0.02403846153846154
0 0.9639423076923077 0.6802884615384616 0.02403846153846154 0.02403846153846154
0 0.8605769230769231 0.6802884615384616 0.02403846153846154 0.02403846153846154
0 0.7091346153846154 0.6754807692307693 0.02403846153846154 0.02403846153846154
0 0.6947115384615385 0.6586538461538461 0.02403846153846154 0.02403846153846154
0 0.7139423076923077 0.6490384615384616 0.02403846153846154 0.02403846153846154
0 0.34855769230769235 0.6298076923076923 0.02403846153846154 0.02403846153846154
0 0.4182692307692308 0.6153846153846154 0.02403846153846154 0.02403846153846154
0 0.6298076923076923 0.6057692307692308 0.02403846153846154 0.02403846153846154
0 0.7403846153846154 0.5961538461538461 0.02403846153846154 0.02403846153846154
0 0.6778846153846154 0.5961538461538461 0.02403846153846154 0.02403846153846154
0 0.37980769230769235 0.5913461538461539 0.02403846153846154 0.02403846153846154
0 0.6754807692307693 0.5528846153846154 0.02403846153846154 0.02403846153846154
0 0.7043269230769231 0.5480769230769231 0.02403846153846154 0.02403846153846154
0 0.84375 0.5408653846153847 0.02403846153846154 0.02403846153846154
0 0.038461538461538464 0.5360576923076923 0.02403846153846154 0.02403846153846154
0 0.24278846153846156 0.53125 0.02403846153846154 0.02403846153846154
0 0.18028846153846154 0.48557692307692313 0.02403846153846154 0.02403846153846154
0 0.6538461538461539 0.4807692307692308 0.02403846153846154 0.02403846153846154
0 0.9086538461538463 0.47355769230769235 0.02403846153846154 0.02403846153846154
0 0.2355769230769231 0.43028846153846156 0.02403846153846154 0.02403846153846154
0 0.6754807692307693 0.42307692307692313 0.02403846153846154 0.02403846153846154
0 0.96875 0.3581730769230769 0.02403846153846154 0.02403846153846154
0 0.17067307692307693 0.34134615384615385 0.02403846153846154 0.02403846153846154
0 0.5 0.3197115384615385 0.02403846153846154 0.02403846153846154
0 0.2716346153846154 0.31009615384615385 0.02403846153846154 0.02403846153846154
0 0.34134615384615385 0.3028846153846154 0.02403846153846154 0.02403846153846154
0 0.3076923076923077 0.3004807692307693 0.02403846153846154 0.02403846153846154
0 0.59375 0.28365384615384615 0.02403846153846154 0.02403846153846154
0 0.2764423076923077 0.27403846153846156 0.02403846153846154 0.02403846153846154
0 0.6129807692307693 0.2668269230769231 0.02403846153846154 0.02403846153846154
0 0.6418269230769231 0.24759615384615385 0.02403846153846154 0.02403846153846154
0 0.31009615384615385 0.19230769230769232 0.02403846153846154 0.02403846153846154
0 0.1514423076923077 0.1875 0.02403846153846154 0.02403846153846154
0 0.889423076923077 0.1826923076923077 0.02403846153846154 0.02403846153846154
0 0.46153846153846156 0.17548076923076925 0.02403846153846154 0.02403846153846154
0 0.36778846153846156 0.16346153846153846 0.02403846153846154 0.02403846153846154
0 0.45432692307692313 0.14903846153846154 0.02403846153846154 0.02403846153846154
0 0.4134615384615385 0.14423076923076925 0.02403846153846154 0.02403846153846154
0 0.6754807692307693 0.1201923076923077 0.02403846153846154 0.02403846153846154
0 0.5961538461538461 0.1201923076923077 0.02403846153846154 0.02403846153846154
0 0.1826923076923077 0.10817307692307693 0.02403846153846154 0.02403846153846154
0 0.670673076923077 0.08413461538461539 0.02403846153846154 0.02403846153846154
0 0.6947115384615385 0.07451923076923077 0.02403846153846154 0.02403846153846154
0 0.8822115384615385 0.03125 0.02403846153846154 0.02403846153846154
0 0.09375 0.03125 0.02403846153846154 0.02403846153846154
0 0.6274038461538461 0.03125 0.02403846153846154 0.02403846153846154
0 0.9110576923076924 0.3774038461538462 0.02403846153846154 0.02403846153846154
0 0.7235576923076924 0.3918269230769231 0.02403846153846154 0.02403846153846154
0 0.6466346153846154 0.4014423076923077 0.02403846153846154 0.02403846153846154
0 0.6153846153846154 0.29086538461538464 0.02403846153846154 0.02403846153846154
0 0.7884615384615385 0.576923076923077 0.02403846153846154 0.02403846153846154
0 0.8076923076923077 0.6658653846153847 0.02403846153846154 0.02403846153846154
0 0.8197115384615385 0.7115384615384616 0.02403846153846154 0.02403846153846154
0 0.8245192307692308 0.733173076923077 0.02403846153846154 0.02403846153846154
0 0.8653846153846154 0.78125 0.02403846153846154 0.02403846153846154
0 0.8389423076923077 0.8004807692307693 0.02403846153846154 0.02403846153846154
0 0.7475961538461539 0.84375 0.02403846153846154 0.02403846153846154
0 0.44711538461538464 0.7379807692307693 0.02403846153846154 0.02403846153846154
0 0.14182692307692307 0.6610576923076923 0.02403846153846154 0.02403846153846154
0 0.10576923076923078 0.7620192307692308 0.02403846153846154 0.02403846153846154
0 0.11778846153846155 0.8221153846153847 0.02403846153846154 0.02403846153846154
0 0.17067307692307693 0.9471153846153847 0.02403846153846154 0.02403846153846154
0 0.16826923076923078 0.3870192307692308 0.02403846153846154 0.02403846153846154
0 0.2884615384615385 0.5288461538461539 0.02403846153846154 0.02403846153846154
