0 0.4711538461538462 0.9663461538461539 0.02403846153846154 0.02403846153846154
0 0.038461538461538464 0.9495192307692308 0.02403846153846154 0.02403846153846154
0 0.5721153846153847 0.9375 0.02403846153846154 0.02403846153846154
0 0.15384615384615385 0.9350961538461539 0.02403846153846154 0.02403846153846154
0 0.04807692307692308 0.9182692307692308 0.02403846153846154 0.02403846153846154
0 0.4014423076923077 0.9158653846153847 0.02403846153846154 0.02403846153846154
0 0.6538461538461539 0.90625 0.02403846153846154 0.02403846153846154
0 0.4495192307692308 0.8990384615384616 0.02403846153846154 0.02403846153846154
0 0.27403846153846156 0.8966346153846154 0.02403846153846154 0.02403846153846154
0 0.13701923076923078 0.8629807692307693 0.02403846153846154 0.02403846153846154
0 0.05528846153846154 0.8317307692307693 0.02403846153846154 0.02403846153846154
0 0.25240384615384615 0.7740384615384616 0.02403846153846154 0.02403846153846154
0 0.41586538461538464 0.7427884615384616 0.02403846153846154 0.02403846153846154
0 0.05048076923076923 0.7283653846153847 0.02403846153846154 0.02403846153846154
0 0.35336538461538464 0.6995192307692308 0.02403846153846154 0.02403846153846154
0 0.2956730769230769 0.6610576923076923 0.02403846153846154 0.02403846153846154
0 0.31490384615384615 0.6586538461538461 0.02403846153846154 0.02403846153846154
0 0.43509615384615385 0.65625 0.02403846153846154 0.02403846153846154
0 0.8100961538461539 0.6418269230769231 0.02403846153846154 0.02403846153846154
0 0.6778846153846154 0.6370192307692308 0.02403846153846154 0.02403846153846154
0 0.5264423076923077 0.6033653846153847 0.02403846153846154 0.02403846153846154
0 0.3918269230769231 0.6057692307692308 0.02403846153846154 0.02403846153846154
0 0.4086538461538462 0.5408653846153847 0.02403846153846154 0.02403846153846154
0 0.06490384615384616 0.5384615384615385 0.02403846153846154 0.02403846153846154
0 0.36778846153846156 0.4759615384615385 0.02403846153846154 0.02403846153846154
0 0.4086538461538462 0.4591346153846154 0.02403846153846154 0.02403846153846154
0 0.2884615384615385 0.40625 0.02403846153846154 0.02403846153846154
0 0.09134615384615385 0.11778846153846155 0.02403846153846154 0.02403846153846154
