0 0.22355769230769232 0.8076923076923077 0.02403846153846154 0.02403846153846154
0 0.05528846153846154 0.7524038461538461 0.02403846153846154 0.02403846153846154
0 0.41105769230769235 0.7115384615384616 0.02403846153846154 0.02403846153846154
0 0.2355769230769231 0.625 0.02403846153846154 0.02403846153846154
0 0.026442307692307696 0.5865384615384616 0.02403846153846154 0.02403846153846154
0 0.11057692307692309 0.5793269230769231 0.02403846153846154 0.02403846153846154
0 0.057692307692307696 0.576923076923077 0.02403846153846154 0.02403846153846154
0 0.19711538461538464 0.5288461538461539 0.02403846153846154 0.02403846153846154
0 0.9302884615384616 0.49278846153846156 0.02403846153846154 0.02403846153846154
0 0.9615384615384616 0.4831730769230769 0.02403846153846154 0.02403846153846154
0 0.25480769230769235 0.4519230769230769 0.02403846153846154 0.02403846153846154
0 0.2139423076923077 0.3774038461538462 0.02403846153846154 0.02403846153846154
0 0.29086538461538464 0.3653846153846154 0.02403846153846154 0.02403846153846154
0 0.31490384615384615 0.3557692307692308 0.02403846153846154 0.02403846153846154
0 0.8822115384615385 0.34375 0.02403846153846154 0.02403846153846154
0 0.2764423076923077 0.2956730769230769 0.02403846153846154 0.02403846153846154
0 0.3341346153846154 0.2884615384615385 0.02403846153846154 0.02403846153846154
0 0.22115384615384617 0.23798076923076925 0.02403846153846154 0.02403846153846154
0 0.8629807692307693 0.22355769230769232 0.02403846153846154 0.02403846153846154
0 0.13221153846153846 0.13701923076923078 0.02403846153846154 0.02403846153846154
0 0.4206730769230769 0.040865384615384616 0.02403846153846154 0.02403846153846154
0 0.7980769230769231 0.03605769230769231 0.02403846153846154 0.02403846153846154
