0 0.8870192307692308 0.951923076923077 0.02403846153846154 0.02403846153846154
0 0.6754807692307693 0.9278846153846154 0.02403846153846154 0.02403846153846154
0 0.71875 0.8966346153846154 0.02403846153846154 0.02403846153846154
0 0.1826923076923077 0.889423076923077 0.02403846153846154 0.02403846153846154
0 0.59375 0.8653846153846154 0.02403846153846154 0.02403846153846154
0 0.6778846153846154 0.8461538461538463 0.02403846153846154 0.02403846153846154
0 0.8990384615384616 0.7692307692307693 0.02403846153846154 0.02403846153846154
0 0.6899038461538461 0.7307692307692308 0.02403846153846154 0.02403846153846154
0 0.7740384615384616 0.7235576923076924 0.02403846153846154 0.02403846153846154
0 0.7211538461538461 0.7211538461538461 0.02403846153846154 0.02403846153846154
0 0.8605769230769231 0.6730769230769231 0.02403846153846154 0.02403846153846154
0 0.24759615384615385 0.6225961538461539 0.02403846153846154 0.02403846153846154
0 0.9182692307692308 0.5961538461538461 0.02403846153846154 0.02403846153846154
0 0.8774038461538463 0.5216346153846154 0.02403846153846154 0.02403846153846154
0 0.9543269230769231 0.5096153846153847 0.02403846153846154 0.02403846153846154
0 0.08653846153846154 0.5 0.02403846153846154 0.02403846153846154
0 0.9399038461538463 0.4399038461538462 0.02403846153846154 0.02403846153846154
0 0.30528846153846156 0.43028846153846156 0.02403846153846154 0.02403846153846154
0 0.31490384615384615 0.4086538461538462 0.02403846153846154 0.02403846153846154
0 0.17548076923076925 0.3966346153846154 0.02403846153846154 0.02403846153846154
0 0.8846153846153847 0.3822115384615385 0.02403846153846154 0.02403846153846154
0 0.795673076923077 0.28125 0.02403846153846154 0.02403846153846154
0 0.0625 0.2620192307692308 0.02403846153846154 0.02403846153846154
0 0.05288461538461539 0.22596153846153846 0.02403846153846154 0.02403846153846154
0 0.3966346153846154 0.22355769230769232 0.02403846153846154 0.02403846153846154
0 0.5576923076923077 0.17067307692307693 0.02403846153846154 0.02403846153846154
0 0.6442307692307693 0.1514423076923077 0.02403846153846154 0.02403846153846154
0 0.8533653846153847 0.13701923076923078 0.02403846153846154 0.02403846153846154
0 0.8052884615384616 0.0889423076923077 0.02403846153846154 0.02403846153846154
