0 0.31009615384615385 0.9326923076923077 0.02403846153846154 0.02403846153846154
0 0.5216346153846154 0.8774038461538463 0.02403846153846154 0.02403846153846154
0 0.31009615384615385 0.8533653846153847 0.02403846153846154 0.02403846153846154
0 0.35336538461538464 0.8221153846153847 0.02403846153846154 0.02403846153846154
0 0.22836538461538464 0.7908653846153847 0.02403846153846154 0.02403846153846154
0 0.7091346153846154 0.78125 0.02403846153846154 0.02403846153846154
0 0.3125 0.7716346153846154 0.02403846153846154 0.02403846153846154
0 0.5336538461538461 0.6947115384615385 0.02403846153846154 0.02403846153846154
0 0.3245192307692308 0.65625 0.02403846153846154 0.02403846153846154
0 0.4086538461538462 0.6490384615384616 0.02403846153846154 0.02403846153846154
0 0.3557692307692308 0.6466346153846154 0.02403846153846154 0.02403846153846154
0 0.4951923076923077 0.5985576923076923 0.02403846153846154 0.02403846153846154
0 0.5528846153846154 0.5216346153846154 0.02403846153846154 0.02403846153846154
0 0.5120192307692308 0.44711538461538464 0.02403846153846154 0.02403846153846154
0 0.5889423076923077 0.43509615384615385 0.02403846153846154 0.02403846153846154
0 0.6129807692307693 0.4254807692307693 0.02403846153846154 0.02403846153846154
0 0.5745192307692308 0.3653846153846154 0.02403846153846154 0.02403846153846154
0 0.6322115384615385 0.3581730769230769 0.02403846153846154 0.02403846153846154
0 0.5192307692307693 0.3076923076923077 0.02403846153846154 0.02403846153846154
0 0.43028846153846156 0.20673076923076925 0.02403846153846154 0.02403846153846154
0 0.03125 0.14903846153846154 0.02403846153846154 0.02403846153846154
0 0.71875 0.11057692307692309 0.02403846153846154 0.02403846153846154
0 0.19230769230769232 0.09615384615384616 0.02403846153846154 0.02403846153846154
0 0.27884615384615385 0.07692307692307693 0.02403846153846154 0.02403846153846154
0 0.4879807692307693 0.0625 0.02403846153846154 0.02403846153846154
