0 0.8365384615384616 0.9639423076923077 0.02403846153846154 0.02403846153846154
0 0.14423076923076925 0.96875 0.02403846153846154 0.02403846153846154
0 0.96875 0.951923076923077 0.02403846153846154 0.02403846153846154
0 0.7235576923076924 0.9543269230769231 0.02403846153846154 0.02403846153846154
0 0.8942307692307693 0.951923076923077 0.02403846153846154 0.02403846153846154
0 0.5168269230769231 0.9230769230769231 0.02403846153846154 0.02403846153846154
0 0.35336538461538464 0.920673076923077 0.02403846153846154 0.02403846153846154
0 0.7355769230769231 0.90625 0.02403846153846154 0.02403846153846154
0 0.545673076923077 0.8725961538461539 0.02403846153846154 0.02403846153846154
0 0.6658653846153847 0.8677884615384616 0.02403846153846154 0.02403846153846154
0 0.3701923076923077 0.858173076923077 0.02403846153846154 0.02403846153846154
0 0.6754807692307693 0.826923076923077 0.02403846153846154 0.02403846153846154
0 0.6586538461538461 0.8028846153846154 0.02403846153846154 0.02403846153846154
0 0.17548076923076925 0.7668269230769231 0.02403846153846154 0.02403846153846154
0 0.4567307692307693 0.7283653846153847 0.02403846153846154 0.02403846153846154
0 0.25 0.7235576923076924 0.02403846153846154 0.02403846153846154
0 0.13221153846153846 0.7067307692307693 0.02403846153846154 0.02403846153846154
0 0.8677884615384616 0.7043269230769231 0.02403846153846154 0.02403846153846154
0 0.6923076923076923 0.6826923076923077 0.02403846153846154 0.02403846153846154
0 0.826923076923077 0.6634615384615385 0.02403846153846154 0.02403846153846154
0 0.23076923076923078 0.6586538461538461 0.02403846153846154 0.02403846153846154
0 0.8413461538461539 0.6442307692307693 0.02403846153846154 0.02403846153846154
0 0.43509615384615385 0.639423076923077 0.02403846153846154 0.02403846153846154
0 0.1875 0.5817307692307693 0.02403846153846154 0.02403846153846154
0 0.23076923076923078 0.5793269230769231 0.02403846153846154 0.02403846153846154
0 0.13461538461538464 0.5745192307692308 0.02403846153846154 0.02403846153846154
0 0.1778846153846154 0.5649038461538461 0.02403846153846154 0.02403846153846154
0 0.3509615384615385 0.5504807692307693 0.02403846153846154 0.02403846153846154
0 0.4951923076923077 0.5384615384615385 0.02403846153846154 0.02403846153846154
0 0.9471153846153847 0.5072115384615384 0.02403846153846154 0.02403846153846154
0 0.5576923076923077 0.47836538461538464 0.02403846153846154 0.02403846153846154
0 0.6346153846153847 0.4639423076923077 0.02403846153846154 0.02403846153846154
0 0.6129807692307693 0.4447115384615385 0.02403846153846154 0.02403846153846154
0 0.8557692307692308 0.4206730769230769 0.02403846153846154 0.02403846153846154
0 0.7716346153846154 0.4206730769230769 0.02403846153846154 0.02403846153846154
0 0.8389423076923077 0.4134615384615385 0.02403846153846154 0.02403846153846154
0 0.31009615384615385 0.40625 0.02403846153846154 0.02403846153846154
0 0.28605769230769235 0.40384615384615385 0.02403846153846154 0.02403846153846154
0 0.25480769230769235 0.40384615384615385 0.02403846153846154 0.02403846153846154
0 0.53125 0.37980769230769235 0.02403846153846154 0.02403846153846154
0 0.09134615384615385 0.29086538461538464 0.02403846153846154 0.02403846153846154
0 0.6225961538461539 0.2716346153846154 0.02403846153846154 0.02403846153846154
0 0.2956730769230769 0.2451923076923077 0.02403846153846154 0.02403846153846154
0 0.8341346153846154 0.21634615384615385 0.02403846153846154 0.02403846153846154
0 0.6225961538461539 0.19230769230769232 0.02403846153846154 0.02403846153846154
0 0.6658653846153847 0.16105769230769232 0.02403846153846154 0.02403846153846154
0 0.12980769230769232 0.15384615384615385 0.02403846153846154 0.02403846153846154
0 0.5408653846153847 0.12980769230769232 0.02403846153846154 0.02403846153846154
0 0.625 0.11057692307692309 0.02403846153846154 0.02403846153846154
0 0.8461538461538463 0.03365384615384616 0.02403846153846154 0.02403846153846154
