0 0.5528846153846154 0.8413461538461539 0.02403846153846154 0.02403846153846154
0 0.3918269230769231 0.71875 0.02403846153846154 0.02403846153846154
0 0.6105769230769231 0.6490384615384616 0.02403846153846154 0.02403846153846154
0 0.6201923076923077 0.6274038461538461 0.02403846153846154 0.02403846153846154
0 0.4807692307692308 0.6153846153846154 0.02403846153846154 0.02403846153846154
0 0.36778846153846156 0.4807692307692308 0.02403846153846154 0.02403846153846154
0 0.3581730769230769 0.4447115384615385 0.02403846153846154 0.02403846153846154
0 0.701923076923077 0.44230769230769235 0.02403846153846154 0.02403846153846154
0 0.8629807692307693 0.3894230769230769 0.02403846153846154 0.02403846153846154
0 0.9495192307692308 0.3701923076923077 0.02403846153846154 0.02403846153846154
