0 0.5889423076923077 0.9471153846153847 0.02403846153846154 0.02403846153846154
0 0.6201923076923077 0.9375 0.02403846153846154 0.02403846153846154
0 0.8461538461538463 0.8485576923076924 0.02403846153846154 0.02403846153846154
0 0.5408653846153847 0.7980769230769231 0.02403846153846154 0.02403846153846154
0 0.5216346153846154 0.6778846153846154 0.02403846153846154 0.02403846153846154
0 0.875 0.53125 0.02403846153846154 0.02403846153846154
0 0.07932692307692309 0.4951923076923077 0.02403846153846154 0.02403846153846154
0 0.4567307692307693 0.4903846153846154 0.02403846153846154 0.02403846153846154
0 0.21634615384615385 0.3870192307692308 0.02403846153846154 0.02403846153846154
0 0.3341346153846154 0.34855769230769235 0.02403846153846154 0.02403846153846154
0 0.06730769230769232 0.2956730769230769 0.02403846153846154 0.02403846153846154
0 0.6586538461538461 0.07211538461538462 0.02403846153846154 0.02403846153846154
