0 0.8365384615384616 0.9567307692307693 0.02403846153846154 0.02403846153846154
0 0.6971153846153847 0.9471153846153847 0.02403846153846154 0.02403846153846154
0 0.6105769230769231 0.9423076923076924 0.02403846153846154 0.02403846153846154
0 0.8990384615384616 0.920673076923077 0.02403846153846154 0.02403846153846154
0 0.3341346153846154 0.9158653846153847 0.02403846153846154 0.02403846153846154
0 0.46634615384615385 0.9038461538461539 0.02403846153846154 0.02403846153846154
0 0.22115384615384617 0.90625 0.02403846153846154 0.02403846153846154
0 0.3918269230769231 0.9038461538461539 0.02403846153846154 0.02403846153846154
0 0.5817307692307693 0.889423076923077 0.02403846153846154 0.02403846153846154
0 0.4759615384615385 0.8725961538461539 0.02403846153846154 0.02403846153846154
0 0.8293269230769231 0.8701923076923077 0.02403846153846154 0.02403846153846154
0 0.23317307692307693 0.858173076923077 0.02403846153846154 0.02403846153846154
0 0.8774038461538463 0.8533653846153847 0.02403846153846154 0.02403846153846154
0 0.701923076923077 0.8509615384615385 0.02403846153846154 0.02403846153846154
0 0.04326923076923077 0.8245192307692308 0.02403846153846154 0.02403846153846154
0 0.16346153846153846 0.8197115384615385 0.02403846153846154 0.02403846153846154
0 0.5649038461538461 0.8173076923076924 0.02403846153846154 0.02403846153846154
0 0.4831730769230769 0.7860576923076924 0.02403846153846154 0.02403846153846154
0 0.17307692307692307 0.7788461538461539 0.02403846153846154 0.02403846153846154
0 0.15625 0.7548076923076924 0.02403846153846154 0.02403846153846154
0 0.6802884615384616 0.7283653846153847 0.02403846153846154 0.02403846153846154
0 0.84375 0.6971153846153847 0.02403846153846154 0.02403846153846154
0 0.47836538461538464 0.6826923076923077 0.02403846153846154 0.02403846153846154
0 0.3653846153846154 0.65625 0.02403846153846154 0.02403846153846154
0 0.78125 0.6538461538461539 0.02403846153846154 0.02403846153846154
0 0.18990384615384617 0.6346153846153847 0.02403846153846154 0.02403846153846154
0 0.7235576923076924 0.6153846153846154 0.02403846153846154 0.02403846153846154
0 0.3245192307692308 0.6153846153846154 0.02403846153846154 0.02403846153846154
0 0.7427884615384616 0.6129807692307693 0.02403846153846154 0.02403846153846154
0 0.8629807692307693 0.6105769230769231 0.02403846153846154 0.02403846153846154
0 0.3389423076923077 0.5961538461538461 0.02403846153846154 0.02403846153846154
0 0.9543269230769231 0.5576923076923077 0.02403846153846154 0.02403846153846154
0 0.8197115384615385 0.5600961538461539 0.02403846153846154 0.02403846153846154
0 0.8365384615384616 0.4951923076923077 0.02403846153846154 0.02403846153846154
0 0.49278846153846156 0.49278846153846156 0.02403846153846154 0.02403846153846154
0 0.4447115384615385 0.4591346153846154 0.02403846153846154 0.02403846153846154
0 0.795673076923077 0.43028846153846156 0.02403846153846154 0.02403846153846154
0 0.05528846153846154 0.43028846153846156 0.02403846153846154 0.02403846153846154
0 0.13221153846153846 0.41586538461538464 0.02403846153846154 0.02403846153846154
0 0.8365384615384616 0.4134615384615385 0.02403846153846154 0.02403846153846154
0 0.11057692307692309 0.3966346153846154 0.02403846153846154 0.02403846153846154
0 0.35336538461538464 0.37259615384615385 0.02403846153846154 0.02403846153846154
0 0.2692307692307693 0.37259615384615385 0.02403846153846154 0.02403846153846154
0 0.33653846153846156 0.3653846153846154 0.02403846153846154 0.02403846153846154
0 0.7163461538461539 0.3605769230769231 0.02403846153846154 0.02403846153846154
0 0.028846153846153848 0.3317307692307693 0.02403846153846154 0.02403846153846154
0 0.1201923076923077 0.22355769230769232 0.02403846153846154 0.02403846153846154
0 0.3317307692307693 0.16826923076923078 0.02403846153846154 0.02403846153846154
0 0.1201923076923077 0.14423076923076925 0.02403846153846154 0.02403846153846154
0 0.16346153846153846 0.11298076923076923 0.02403846153846154 0.02403846153846154
0 0.038461538461538464 0.08173076923076923 0.02403846153846154 0.02403846153846154
0 0.5192307692307693 0.07211538461538462 0.02403846153846154 0.02403846153846154
0 0.12259615384615385 0.0625 0.02403846153846154 0.02403846153846154
