0 0.5048076923076923 0.9495192307692308 0.02403846153846154 0.02403846153846154
0 0.96875 0.9399038461538463 0.02403846153846154 0.02403846153846154
0 0.3822115384615385 0.9278846153846154 0.02403846153846154 0.02403846153846154
0 0.2451923076923077 0.9230769230769231 0.02403846153846154 0.02403846153846154
0 0.03365384615384616 0.9014423076923077 0.02403846153846154 0.02403846153846154
0 0.2980769230769231 0.8966346153846154 0.02403846153846154 0.02403846153846154
0 0.057692307692307696 0.889423076923077 0.02403846153846154 0.02403846153846154
0 0.34615384615384615 0.8870192307692308 0.02403846153846154 0.02403846153846154
0 0.3918269230769231 0.8365384615384616 0.02403846153846154 0.02403846153846154
0 0.11057692307692309 0.8341346153846154 0.02403846153846154 0.02403846153846154
0 0.7115384615384616 0.8317307692307693 0.02403846153846154 0.02403846153846154
0 0.22836538461538464 0.7932692307692308 0.02403846153846154 0.02403846153846154
0 0.038461538461538464 0.7764423076923077 0.02403846153846154 0.02403846153846154
0 0.7211538461538461 0.733173076923077 0.02403846153846154 0.02403846153846154
0 0.7716346153846154 0.7211538461538461 0.02403846153846154 0.02403846153846154
0 0.5504807692307693 0.6754807692307693 0.02403846153846154 0.02403846153846154
0 0.7764423076923077 0.6466346153846154 0.02403846153846154 0.02403846153846154
0 0.22115384615384617 0.6442307692307693 0.02403846153846154 0.02403846153846154
0 0.5697115384615385 0.639423076923077 0.02403846153846154 0.02403846153846154
0 0.47836538461538464 0.6153846153846154 0.02403846153846154 0.02403846153846154
0 0.6346153846153847 0.6009615384615385 0.02403846153846154 0.02403846153846154
0 0.5841346153846154 0.6105769230769231 0.02403846153846154 0.02403846153846154
0 0.4759615384615385 0.5841346153846154 0.02403846153846154 0.02403846153846154
0 0.28365384615384615 0.5793269230769231 0.02403846153846154 0.02403846153846154
0 0.8653846153846154 0.5504807692307693 0.02403846153846154 0.02403846153846154
0 0.05528846153846154 0.5432692307692308 0.02403846153846154 0.02403846153846154
0 0.057692307692307696 0.5240384615384616 0.02403846153846154 0.02403846153846154
0 0.8149038461538461 0.5168269230769231 0.02403846153846154 0.02403846153846154
0 0.9591346153846154 0.4879807692307693 0.02403846153846154 0.02403846153846154
0 0.36778846153846156 0.47836538461538464 0.02403846153846154 0.02403846153846154
0 0.7524038461538461 0.4519230769230769 0.02403846153846154 0.02403846153846154
0 0.9182692307692308 0.4447115384615385 0.02403846153846154 0.02403846153846154
0 0.11298076923076923 0.4206730769230769 0.02403846153846154 0.02403846153846154
0 0.18990384615384617 0.41586538461538464 0.02403846153846154 0.02403846153846154
0 0.9110576923076924 0.3870192307692308 0.02403846153846154 0.02403846153846154
0 0.7716346153846154 0.3774038461538462 0.02403846153846154 0.02403846153846154
0 0.6850961538461539 0.37259615384615385 0.02403846153846154 0.02403846153846154
0 0.4086538461538462 0.34615384615384615 0.02403846153846154 0.02403846153846154
0 0.5408653846153847 0.3341346153846154 0.02403846153846154 0.02403846153846154
0 0.2956730769230769 0.33653846153846156 0.02403846153846154 0.02403846153846154
0 0.46634615384615385 0.3341346153846154 0.02403846153846154 0.02403846153846154
0 0.65625 0.3197115384615385 0.02403846153846154 0.02403846153846154
0 0.0889423076923077 0.30528846153846156 0.02403846153846154 0.02403846153846154
0 0.5504807692307693 0.3028846153846154 0.02403846153846154 0.02403846153846154
0 0.9038461538461539 0.3004807692307693 0.02403846153846154 0.02403846153846154
0 0.3076923076923077 0.2884615384615385 0.02403846153846154 0.02403846153846154
0 0.951923076923077 0.28365384615384615 0.02403846153846154 0.02403846153846154
0 0.7764423076923077 0.28125 0.02403846153846154 0.02403846153846154
0 0.11778846153846155 0.25480769230769235 0.02403846153846154 0.02403846153846154
0 0.23798076923076925 0.25 0.02403846153846154 0.02403846153846154
0 0.639423076923077 0.24759615384615385 0.02403846153846154 0.02403846153846154
0 0.5576923076923077 0.21634615384615385 0.02403846153846154 0.02403846153846154
0 0.24759615384615385 0.2091346153846154 0.02403846153846154 0.02403846153846154
0 0.23076923076923078 0.18509615384615385 0.02403846153846154 0.02403846153846154
0 0.7548076923076924 0.15865384615384617 0.02403846153846154 0.02403846153846154
0 0.9182692307692308 0.12740384615384617 0.02403846153846154 0.02403846153846154
0 0.5528846153846154 0.11298076923076923 0.02403846153846154 0.02403846153846154
0 0.028846153846153848 0.11057692307692309 0.02403846153846154 0.02403846153846154
0 0.4399038461538462 0.08653846153846154 0.02403846153846154 0.02403846153846154
0 0.8557692307692308 0.08413461538461539 0.02403846153846154 0.02403846153846154
0 0.2644230769230769 0.06490384615384616 0.02403846153846154 0.02403846153846154
0 0.7980769230769231 0.04567307692307693 0.02403846153846154 0.02403846153846154
0 0.39903846153846156 0.04567307692307693 0.02403846153846154 0.02403846153846154
0 0.8173076923076924 0.04326923076923077 0.02403846153846154 0.02403846153846154
0 0.9375 0.040865384615384616 0.02403846153846154 0.02403846153846154
0 0.4134615384615385 0.026442307692307696 0.02403846153846154 0.02403846153846154
