0 0.4375 0.9399038461538463 0.02403846153846154 0.02403846153846154
0 0.15625 0.9375 0.02403846153846154 0.02403846153846154
0 0.7572115384615385 0.9350961538461539 0.02403846153846154 0.02403846153846154
0 0.27403846153846156 0.8966346153846154 0.02403846153846154 0.02403846153846154
0 0.08413461538461539 0.8798076923076924 0.02403846153846154 0.02403846153846154
0 0.7668269230769231 0.8365384615384616 0.02403846153846154 0.02403846153846154
0 0.8173076923076924 0.8245192307692308 0.02403846153846154 0.02403846153846154
0 0.5961538461538461 0.7788461538461539 0.02403846153846154 0.02403846153846154
0 0.8221153846153847 0.75 0.02403846153846154 0.02403846153846154
0 0.2668269230769231 0.7475961538461539 0.02403846153846154 0.02403846153846154
0 0.6153846153846154 0.7427884615384616 0.02403846153846154 0.02403846153846154
0 0.5240384615384616 0.71875 0.02403846153846154 0.02403846153846154
0 0.6802884615384616 0.7043269230769231 0.02403846153846154 0.02403846153846154
0 0.6298076923076923 0.7139423076923077 0.02403846153846154 0.02403846153846154
0 0.5216346153846154 0.6875 0.02403846153846154 0.02403846153846154
0 0.3293269230769231 0.6826923076923077 0.02403846153846154 0.02403846153846154
0 0.9110576923076924 0.6538461538461539 0.02403846153846154 0.02403846153846154
0 0.10096153846153846 0.6466346153846154 0.02403846153846154 0.02403846153846154
0 0.10336538461538462 0.6274038461538461 0.02403846153846154 0.02403846153846154
0 0.8605769230769231 0.6201923076923077 0.02403846153846154 0.02403846153846154
0 0.4134615384615385 0.5817307692307693 0.02403846153846154 0.02403846153846154
0 0.7980769230769231 0.5552884615384616 0.02403846153846154 0.02403846153846154
0 0.9639423076923077 0.5480769230769231 0.02403846153846154 0.02403846153846154
0 0.05528846153846154 0.5288461538461539 0.02403846153846154 0.02403846153846154
0 0.15865384615384617 0.5240384615384616 0.02403846153846154 0.02403846153846154
0 0.2355769230769231 0.5192307692307693 0.02403846153846154 0.02403846153846154
0 0.9567307692307693 0.4903846153846154 0.02403846153846154 0.02403846153846154
0 0.8173076923076924 0.4807692307692308 0.02403846153846154 0.02403846153846154
0 0.7307692307692308 0.4759615384615385 0.02403846153846154 0.02403846153846154
0 0.45432692307692313 0.4495192307692308 0.02403846153846154 0.02403846153846154
0 0.5865384615384616 0.4375 0.02403846153846154 0.02403846153846154
0 0.34134615384615385 0.4399038461538462 0.02403846153846154 0.02403846153846154
0 0.5120192307692308 0.4375 0.02403846153846154 0.02403846153846154
0 0.701923076923077 0.42307692307692313 0.02403846153846154 0.02403846153846154
0 0.13461538461538464 0.4086538461538462 0.02403846153846154 0.02403846153846154
0 0.5961538461538461 0.40625 0.02403846153846154 0.02403846153846154
0 0.9495192307692308 0.40384615384615385 0.02403846153846154 0.02403846153846154
0 0.35336538461538464 0.3918269230769231 0.02403846153846154 0.02403846153846154
0 0.8221153846153847 0.38461538461538464 0.02403846153846154 0.02403846153846154
0 0.16346153846153846 0.3581730769230769 0.02403846153846154 0.02403846153846154
0 0.28365384615384615 0.35336538461538464 0.02403846153846154 0.02403846153846154
0 0.6850961538461539 0.3509615384615385 0.02403846153846154 0.02403846153846154
0 0.6033653846153847 0.3197115384615385 0.02403846153846154 0.02403846153846154
0 0.2932692307692308 0.3125 0.02403846153846154 0.02403846153846154
0 0.2764423076923077 0.2884615384615385 0.02403846153846154 0.02403846153846154
0 0.8004807692307693 0.2620192307692308 0.02403846153846154 0.02403846153846154
0 0.9639423076923077 0.23076923076923078 0.02403846153846154 0.02403846153846154
0 0.5985576923076923 0.21634615384615385 0.02403846153846154 0.02403846153846154
0 0.07451923076923077 0.2139423076923077 0.02403846153846154 0.02403846153846154
0 0.48557692307692313 0.18990384615384617 0.02403846153846154 0.02403846153846154
0 0.9014423076923077 0.1875 0.02403846153846154 0.02403846153846154
0 0.31009615384615385 0.16826923076923078 0.02403846153846154 0.02403846153846154
0 0.84375 0.14903846153846154 0.02403846153846154 0.02403846153846154
0 0.4447115384615385 0.14903846153846154 0.02403846153846154 0.02403846153846154
0 0.8629807692307693 0.1466346153846154 0.02403846153846154 0.02403846153846154
0 0.4591346153846154 0.12980769230769232 0.02403846153846154 0.02403846153846154
0 0.05288461538461539 0.125 0.02403846153846154 0.02403846153846154
0 0.9399038461538463 0.09375 0.02403846153846154 0.02403846153846154
0 0.9567307692307693 0.028846153846153848 0.02403846153846154 0.02403846153846154
0 0.6129807692307693 0.026442307692307696 0.02403846153846154 0.02403846153846154
0 0.11298076923076923 0.02403846153846154 0.02403846153846154 0.02403846153846154
