0 0.4278846153846154 0.9711538461538463 0.02403846153846154 0.02403846153846154
0 0.09615384615384616 0.9639423076923077 0.02403846153846154 0.02403846153846154
0 0.30528846153846156 0.9447115384615385 0.02403846153846154 0.02403846153846154
0 0.7427884615384616 0.9471153846153847 0.02403846153846154 0.02403846153846154
0 0.3918269230769231 0.9375 0.02403846153846154 0.02403846153846154
0 0.8966346153846154 0.90625 0.02403846153846154 0.02403846153846154
0 0.6538461538461539 0.8990384615384616 0.02403846153846154 0.02403846153846154
0 0.12740384615384617 0.8918269230769231 0.02403846153846154 0.02403846153846154
0 0.40384615384615385 0.8870192307692308 0.02403846153846154 0.02403846153846154
0 0.08173076923076923 0.8774038461538463 0.02403846153846154 0.02403846153846154
0 0.04807692307692308 0.8798076923076924 0.02403846153846154 0.02403846153846154
0 0.07211538461538462 0.8677884615384616 0.02403846153846154 0.02403846153846154
0 0.7596153846153847 0.8725961538461539 0.02403846153846154 0.02403846153846154
0 0.84375 0.8653846153846154 0.02403846153846154 0.02403846153846154
0 0.9326923076923077 0.8293269230769231 0.02403846153846154 0.02403846153846154
0 0.4326923076923077 0.7980769230769231 0.02403846153846154 0.02403846153846154
0 0.03605769230769231 0.7932692307692308 0.02403846153846154 0.02403846153846154
0 0.7836538461538461 0.78125 0.02403846153846154 0.02403846153846154
0 0.6971153846153847 0.7716346153846154 0.02403846153846154 0.02403846153846154
0 0.4086538461538462 0.7572115384615385 0.02403846153846154 0.02403846153846154
0 0.05288461538461539 0.7475961538461539 0.02403846153846154 0.02403846153846154
0 0.3317307692307693 0.7475961538461539 0.02403846153846154 0.02403846153846154
0 0.17307692307692307 0.7211538461538461 0.02403846153846154 0.02403846153846154
0 0.19471153846153846 0.7091346153846154 0.02403846153846154 0.02403846153846154
0 0.5192307692307693 0.6514423076923077 0.02403846153846154 0.02403846153846154
0 0.4134615384615385 0.6538461538461539 0.02403846153846154 0.02403846153846154
0 0.951923076923077 0.639423076923077 0.02403846153846154 0.02403846153846154
0 0.48557692307692313 0.6322115384615385 0.02403846153846154 0.02403846153846154
0 0.8509615384615385 0.6322115384615385 0.02403846153846154 0.02403846153846154
0 0.2884615384615385 0.6274038461538461 0.02403846153846154 0.02403846153846154
0 0.2091346153846154 0.6322115384615385 0.02403846153846154 0.02403846153846154
0 0.07692307692307693 0.625 0.02403846153846154 0.02403846153846154
0 0.13701923076923078 0.6153846153846154 0.02403846153846154 0.02403846153846154
0 0.10336538461538462 0.6153846153846154 0.02403846153846154 0.02403846153846154
0 0.3701923076923077 0.6057692307692308 0.02403846153846154 0.02403846153846154
0 0.75 0.5913461538461539 0.02403846153846154 0.02403846153846154
0 0.20673076923076925 0.5745192307692308 0.02403846153846154 0.02403846153846154
0 0.8341346153846154 0.5600961538461539 0.02403846153846154 0.02403846153846154
0 0.48557692307692313 0.5528846153846154 0.02403846153846154 0.02403846153846154
0 0.09375 0.53125 0.02403846153846154 0.02403846153846154
0 0.576923076923077 0.5360576923076923 0.02403846153846154 0.02403846153846154
0 0.6490384615384616 0.5192307692307693 0.02403846153846154 0.02403846153846154
0 0.7620192307692308 0.5168269230769231 0.02403846153846154 0.02403846153846154
0 0.795673076923077 0.5024038461538461 0.02403846153846154 0.02403846153846154
0 0.9230769230769231 0.48557692307692313 0.02403846153846154 0.02403846153846154
0 0.31730769230769235 0.47355769230769235 0.02403846153846154 0.02403846153846154
0 0.6586538461538461 0.45432692307692313 0.02403846153846154 0.02403846153846154
0 0.3774038461538462 0.45432692307692313 0.02403846153846154 0.02403846153846154
0 0.05528846153846154 0.44711538461538464 0.02403846153846154 0.02403846153846154
0 0.6850961538461539 0.43509615384615385 0.02403846153846154 0.02403846153846154
0 0.9230769230769231 0.43509615384615385 0.02403846153846154 0.02403846153846154
0 0.2668269230769231 0.43028846153846156 0.02403846153846154 0.02403846153846154
0 0.8173076923076924 0.4278846153846154 0.02403846153846154 0.02403846153846154
0 0.7620192307692308 0.42307692307692313 0.02403846153846154 0.02403846153846154
0 0.6346153846153847 0.41586538461538464 0.02403846153846154 0.02403846153846154
0 0.10096153846153846 0.40625 0.02403846153846154 0.02403846153846154
0 0.9591346153846154 0.4086538461538462 0.02403846153846154 0.02403846153846154
0 0.6129807692307693 0.38461538461538464 0.02403846153846154 0.02403846153846154
0 0.7788461538461539 0.38461538461538464 0.02403846153846154 0.02403846153846154
0 0.21153846153846156 0.3701923076923077 0.02403846153846154 0.02403846153846154
0 0.8822115384615385 0.3701923076923077 0.02403846153846154 0.02403846153846154
0 0.5600961538461539 0.3629807692307693 0.02403846153846154 0.02403846153846154
0 0.4519230769230769 0.33653846153846156 0.02403846153846154 0.02403846153846154
0 0.6201923076923077 0.3341346153846154 0.02403846153846154 0.02403846153846154
0 0.9375 0.3245192307692308 0.02403846153846154 0.02403846153846154
0 0.576923076923077 0.3125 0.02403846153846154 0.02403846153846154
0 0.19951923076923078 0.30528846153846156 0.02403846153846154 0.02403846153846154
0 0.47836538461538464 0.2956730769230769 0.02403846153846154 0.02403846153846154
0 0.1875 0.29086538461538464 0.02403846153846154 0.02403846153846154
0 0.6442307692307693 0.2884615384615385 0.02403846153846154 0.02403846153846154
0 0.21153846153846156 0.28605769230769235 0.02403846153846154 0.02403846153846154
0 0.11298076923076923 0.28605769230769235 0.02403846153846154 0.02403846153846154
0 0.8653846153846154 0.2884615384615385 0.02403846153846154 0.02403846153846154
0 0.03125 0.27403846153846156 0.02403846153846154 0.02403846153846154
0 0.22355769230769232 0.2692307692307693 0.02403846153846154 0.02403846153846154
0 0.7043269230769231 0.2692307692307693 0.02403846153846154 0.02403846153846154
0 0.3894230769230769 0.2572115384615385 0.02403846153846154 0.02403846153846154
0 0.5745192307692308 0.2451923076923077 0.02403846153846154 0.02403846153846154
0 0.16346153846153846 0.2403846153846154 0.02403846153846154 0.02403846153846154
0 0.4639423076923077 0.23798076923076925 0.02403846153846154 0.02403846153846154
0 0.3341346153846154 0.2355769230769231 0.02403846153846154 0.02403846153846154
0 0.057692307692307696 0.22115384615384617 0.02403846153846154 0.02403846153846154
0 0.2451923076923077 0.2139423076923077 0.02403846153846154 0.02403846153846154
0 0.16346153846153846 0.21153846153846156 0.02403846153846154 0.02403846153846154
0 0.49759615384615385 0.2043269230769231 0.02403846153846154 0.02403846153846154
0 0.09615384615384616 0.19230769230769232 0.02403846153846154 0.02403846153846154
0 0.5673076923076923 0.18990384615384617 0.02403846153846154 0.02403846153846154
0 0.24759615384615385 0.18990384615384617 0.02403846153846154 0.02403846153846154
0 0.8846153846153847 0.1826923076923077 0.02403846153846154 0.02403846153846154
0 0.34855769230769235 0.18028846153846154 0.02403846153846154 0.02403846153846154
0 0.18509615384615385 0.17067307692307693 0.02403846153846154 0.02403846153846154
0 0.9471153846153847 0.17307692307692307 0.02403846153846154 0.02403846153846154
0 0.6322115384615385 0.16826923076923078 0.02403846153846154 0.02403846153846154
0 0.3028846153846154 0.14903846153846154 0.02403846153846154 0.02403846153846154
0 0.19951923076923078 0.14423076923076925 0.02403846153846154 0.02403846153846154
0 0.24759615384615385 0.13461538461538464 0.02403846153846154 0.02403846153846154
0 0.13221153846153846 0.1201923076923077 0.02403846153846154 0.02403846153846154
0 0.8100961538461539 0.11778846153846155 0.02403846153846154 0.02403846153846154
0 0.9543269230769231 0.12259615384615385 0.02403846153846154 0.02403846153846154
0 0.4879807692307693 0.11057692307692309 0.02403846153846154 0.02403846153846154
0 0.0889423076923077 0.11057692307692309 0.02403846153846154 0.02403846153846154
0 0.4903846153846154 0.06490384615384616 0.02403846153846154 0.02403846153846154
0 0.45432692307692313 0.06490384615384616 0.02403846153846154 0.02403846153846154
0 0.4399038461538462 0.05528846153846154 0.02403846153846154 0.02403846153846154
0 0.6370192307692308 0.03605769230769231 0.02403846153846154 0.02403846153846154
0 0.31490384615384615 0.03125 0.02403846153846154 0.02403846153846154
0 0.13461538461538464 0.03125 0.02403846153846154 0.02403846153846154
