0 0.9591346153846154 0.9711538461538463 0.02403846153846154 0.02403846153846154
0 0.6370192307692308 0.96875 0.02403846153846154 0.02403846153846154
0 0.3028846153846154 0.9278846153846154 0.02403846153846154 0.02403846153846154
0 0.8942307692307693 0.9230769230769231 0.02403846153846154 0.02403846153846154
0 0.7235576923076924 0.8870192307692308 0.02403846153846154 0.02403846153846154
0 0.5288461538461539 0.8798076923076924 0.02403846153846154 0.02403846153846154
0 0.33653846153846156 0.8774038461538463 0.02403846153846154 0.02403846153846154
0 0.4254807692307693 0.8725961538461539 0.02403846153846154 0.02403846153846154
0 0.44711538461538464 0.8173076923076924 0.02403846153846154 0.02403846153846154
0 0.6658653846153847 0.8125 0.02403846153846154 0.02403846153846154
0 0.875 0.7932692307692308 0.02403846153846154 0.02403846153846154
0 0.9615384615384616 0.7860576923076924 0.02403846153846154 0.02403846153846154
0 0.43028846153846156 0.7860576923076924 0.02403846153846154 0.02403846153846154
0 0.34134615384615385 0.78125 0.02403846153846154 0.02403846153846154
0 0.05048076923076923 0.7548076923076924 0.02403846153846154 0.02403846153846154
0 0.6971153846153847 0.7403846153846154 0.02403846153846154 0.02403846153846154
0 0.6514423076923077 0.7259615384615385 0.02403846153846154 0.02403846153846154
0 0.6177884615384616 0.7283653846153847 0.02403846153846154 0.02403846153846154
0 0.5240384615384616 0.7283653846153847 0.02403846153846154 0.02403846153846154
0 0.6418269230769231 0.7163461538461539 0.02403846153846154 0.02403846153846154
0 0.24759615384615385 0.7043269230769231 0.02403846153846154 0.02403846153846154
0 0.4759615384615385 0.6971153846153847 0.02403846153846154 0.02403846153846154
0 0.3509615384615385 0.6995192307692308 0.02403846153846154 0.02403846153846154
0 0.3942307692307693 0.6802884615384616 0.02403846153846154 0.02403846153846154
0 0.2716346153846154 0.6826923076923077 0.02403846153846154 0.02403846153846154
0 0.4951923076923077 0.6538461538461539 0.02403846153846154 0.02403846153846154
0 0.6057692307692308 0.6418269230769231 0.02403846153846154 0.02403846153846154
0 0.23076923076923078 0.6418269230769231 0.02403846153846154 0.02403846153846154
0 0.4206730769230769 0.6418269230769231 0.02403846153846154 0.02403846153846154
0 0.3701923076923077 0.6346153846153847 0.02403846153846154 0.02403846153846154
0 0.05288461538461539 0.6177884615384616 0.02403846153846154 0.02403846153846154
0 0.5072115384615384 0.608173076923077 0.02403846153846154 0.02403846153846154
0 0.22355769230769232 0.6129807692307693 0.02403846153846154 0.02403846153846154
0 0.6225961538461539 0.5961538461538461 0.02403846153846154 0.02403846153846154
0 0.4254807692307693 0.59375 0.02403846153846154 0.02403846153846154
0 0.9014423076923077 0.5961538461538461 0.02403846153846154 0.02403846153846154
0 0.14423076923076925 0.5865384615384616 0.02403846153846154 0.02403846153846154
0 0.5697115384615385 0.5913461538461539 0.02403846153846154 0.02403846153846154
0 0.7427884615384616 0.5697115384615385 0.02403846153846154 0.02403846153846154
0 0.1201923076923077 0.5576923076923077 0.02403846153846154 0.02403846153846154
0 0.764423076923077 0.5576923076923077 0.02403846153846154 0.02403846153846154
0 0.39903846153846156 0.5552884615384616 0.02403846153846154 0.02403846153846154
0 0.34855769230769235 0.545673076923077 0.02403846153846154 0.02403846153846154
0 0.03365384615384616 0.5384615384615385 0.02403846153846154 0.02403846153846154
0 0.5528846153846154 0.5216346153846154 0.02403846153846154 0.02403846153846154
0 0.49759615384615385 0.49278846153846156 0.02403846153846154 0.02403846153846154
0 0.19951923076923078 0.4903846153846154 0.02403846153846154 0.02403846153846154
0 0.858173076923077 0.4759615384615385 0.02403846153846154 0.02403846153846154
0 0.7788461538461539 0.4807692307692308 0.02403846153846154 0.02403846153846154
0 0.6466346153846154 0.47355769230769235 0.02403846153846154 0.02403846153846154
0 0.7067307692307693 0.4639423076923077 0.02403846153846154 0.02403846153846154
0 0.6730769230769231 0.4639423076923077 0.02403846153846154 0.02403846153846154
0 0.9399038461538463 0.45432692307692313 0.02403846153846154 0.02403846153846154
0 0.28605769230769235 0.4254807692307693 0.02403846153846154 0.02403846153846154
0 0.14903846153846154 0.4254807692307693 0.02403846153846154 0.02403846153846154
0 0.7764423076923077 0.42307692307692313 0.02403846153846154 0.02403846153846154
0 0.39903846153846156 0.4086538461538462 0.02403846153846154 0.02403846153846154
0 0.1201923076923077 0.40384615384615385 0.02403846153846154 0.02403846153846154
0 0.23317307692307693 0.3918269230769231 0.02403846153846154 0.02403846153846154
0 0.5408653846153847 0.3870192307692308 0.02403846153846154 0.02403846153846154
0 0.6634615384615385 0.37980769230769235 0.02403846153846154 0.02403846153846154
0 0.5216346153846154 0.3701923076923077 0.02403846153846154 0.02403846153846154
0 0.0889423076923077 0.375 0.02403846153846154 0.02403846153846154
0 0.5841346153846154 0.3293269230769231 0.02403846153846154 0.02403846153846154
0 0.8870192307692308 0.32211538461538464 0.02403846153846154 0.02403846153846154
0 0.5048076923076923 0.30528846153846156 0.02403846153846154 0.02403846153846154
0 0.9471153846153847 0.3028846153846154 0.02403846153846154 0.02403846153846154
0 0.625 0.2956730769230769 0.02403846153846154 0.02403846153846154
0 0.8365384615384616 0.27884615384615385 0.02403846153846154 0.02403846153846154
0 0.5480769230769231 0.2620192307692308 0.02403846153846154 0.02403846153846154
0 0.670673076923077 0.25480769230769235 0.02403846153846154 0.02403846153846154
0 0.3581730769230769 0.2355769230769231 0.02403846153846154 0.02403846153846154
0 0.24759615384615385 0.22836538461538464 0.02403846153846154 0.02403846153846154
0 0.78125 0.21875 0.02403846153846154 0.02403846153846154
0 0.47836538461538464 0.17067307692307693 0.02403846153846154 0.02403846153846154
0 0.7692307692307693 0.15384615384615385 0.02403846153846154 0.02403846153846154
0 0.45432692307692313 0.15384615384615385 0.02403846153846154 0.02403846153846154
0 0.20192307692307693 0.1514423076923077 0.02403846153846154 0.02403846153846154
0 0.5336538461538461 0.14423076923076925 0.02403846153846154 0.02403846153846154
0 0.22355769230769232 0.14182692307692307 0.02403846153846154 0.02403846153846154
0 0.7572115384615385 0.13942307692307693 0.02403846153846154 0.02403846153846154
0 0.78125 0.13461538461538464 0.02403846153846154 0.02403846153846154
0 0.6826923076923077 0.13461538461538464 0.02403846153846154 0.02403846153846154
0 0.026442307692307696 0.13461538461538464 0.02403846153846154 0.02403846153846154
0 0.6009615384615385 0.12259615384615385 0.02403846153846154 0.02403846153846154
0 0.7932692307692308 0.11778846153846155 0.02403846153846154 0.02403846153846154
0 0.40625 0.11298076923076923 0.02403846153846154 0.02403846153846154
0 0.3389423076923077 0.11057692307692309 0.02403846153846154 0.02403846153846154
0 0.9591346153846154 0.10576923076923078 0.02403846153846154 0.02403846153846154
0 0.06009615384615385 0.10336538461538462 0.02403846153846154 0.02403846153846154
0 0.16346153846153846 0.10336538461538462 0.02403846153846154 0.02403846153846154
0 0.733173076923077 0.0889423076923077 0.02403846153846154 0.02403846153846154
0 0.46153846153846156 0.08653846153846154 0.02403846153846154 0.02403846153846154
0 0.9038461538461539 0.08413461538461539 0.02403846153846154 0.02403846153846154
0 0.15384615384615385 0.07451923076923077 0.02403846153846154 0.02403846153846154
0 0.6274038461538461 0.06971153846153846 0.02403846153846154 0.02403846153846154
0 0.28365384615384615 0.06971153846153846 0.02403846153846154 0.02403846153846154
0 0.8149038461538461 0.0625 0.02403846153846154 0.02403846153846154
0 0.733173076923077 0.06009615384615385 0.02403846153846154 0.02403846153846154
0 0.6658653846153847 0.040865384615384616 0.02403846153846154 0.02403846153846154
0 0.21153846153846156 0.038461538461538464 0.02403846153846154 0.02403846153846154
0 0.8173076923076924 0.038461538461538464 0.02403846153846154 0.02403846153846154
0 0.4903846153846154 0.038461538461538464 0.02403846153846154 0.02403846153846154
0 0.9182692307692308 0.028846153846153848 0.02403846153846154 0.02403846153846154
