0 0.09615384615384616 0.96875 0.02403846153846154 0.02403846153846154
0 0.23317307692307693 0.9423076923076924 0.02403846153846154 0.02403846153846154
0 0.7043269230769231 0.9399038461538463 0.02403846153846154 0.02403846153846154
0 0.34855769230769235 0.9302884615384616 0.02403846153846154 0.02403846153846154
0 0.1514423076923077 0.9278846153846154 0.02403846153846154 0.02403846153846154
0 0.6274038461538461 0.9302884615384616 0.02403846153846154 0.02403846153846154
0 0.2956730769230769 0.9254807692307693 0.02403846153846154 0.02403846153846154
0 0.46875 0.9038461538461539 0.02403846153846154 0.02403846153846154
0 0.4903846153846154 0.8918269230769231 0.02403846153846154 0.02403846153846154
0 0.125 0.889423076923077 0.02403846153846154 0.02403846153846154
0 0.07451923076923077 0.8798076923076924 0.02403846153846154 0.02403846153846154
0 0.27884615384615385 0.8557692307692308 0.02403846153846154 0.02403846153846154
0 0.8149038461538461 0.8341346153846154 0.02403846153846154 0.02403846153846154
0 0.7091346153846154 0.8365384615384616 0.02403846153846154 0.02403846153846154
0 0.22355769230769232 0.826923076923077 0.02403846153846154 0.02403846153846154
0 0.78125 0.8149038461538461 0.02403846153846154 0.02403846153846154
0 0.5841346153846154 0.8100961538461539 0.02403846153846154 0.02403846153846154
0 0.5048076923076923 0.8149038461538461 0.02403846153846154 0.02403846153846154
0 0.37259615384615385 0.8076923076923077 0.02403846153846154 0.02403846153846154
0 0.4326923076923077 0.7980769230769231 0.02403846153846154 0.02403846153846154
0 0.39903846153846156 0.7980769230769231 0.02403846153846154 0.02403846153846154
0 0.6658653846153847 0.7884615384615385 0.02403846153846154 0.02403846153846154
0 0.5024038461538461 0.7572115384615385 0.02403846153846154 0.02403846153846154
0 0.125 0.7427884615384616 0.02403846153846154 0.02403846153846154
0 0.78125 0.7355769230769231 0.02403846153846154 0.02403846153846154
0 0.2668269230769231 0.7211538461538461 0.02403846153846154 0.02403846153846154
0 0.3894230769230769 0.7139423076923077 0.02403846153846154 0.02403846153846154
0 0.8725961538461539 0.71875 0.02403846153846154 0.02403846153846154
0 0.24759615384615385 0.7043269230769231 0.02403846153846154 0.02403846153846154
0 0.9447115384615385 0.701923076923077 0.02403846153846154 0.02403846153846154
0 0.31009615384615385 0.6634615384615385 0.02403846153846154 0.02403846153846154
0 0.6129807692307693 0.65625 0.02403846153846154 0.02403846153846154
0 0.23076923076923078 0.639423076923077 0.02403846153846154 0.02403846153846154
0 0.9543269230769231 0.6370192307692308 0.02403846153846154 0.02403846153846154
0 0.6730769230769231 0.6370192307692308 0.02403846153846154 0.02403846153846154
0 0.3509615384615385 0.6298076923076923 0.02403846153846154 0.02403846153846154
0 0.5625 0.6129807692307693 0.02403846153846154 0.02403846153846154
0 0.9302884615384616 0.5985576923076923 0.02403846153846154 0.02403846153846154
0 0.27403846153846156 0.5961538461538461 0.02403846153846154 0.02403846153846154
0 0.3966346153846154 0.5889423076923077 0.02403846153846154 0.02403846153846154
0 0.08413461538461539 0.5697115384615385 0.02403846153846154 0.02403846153846154
0 0.9086538461538463 0.5673076923076923 0.02403846153846154 0.02403846153846154
0 0.5072115384615384 0.5528846153846154 0.02403846153846154 0.02403846153846154
0 0.8557692307692308 0.545673076923077 0.02403846153846154 0.02403846153846154
0 0.7475961538461539 0.5192307692307693 0.02403846153846154 0.02403846153846154
0 0.9158653846153847 0.5168269230769231 0.02403846153846154 0.02403846153846154
0 0.2043269230769231 0.5048076923076923 0.02403846153846154 0.02403846153846154
0 0.8725961538461539 0.4951923076923077 0.02403846153846154 0.02403846153846154
0 0.4951923076923077 0.4879807692307693 0.02403846153846154 0.02403846153846154
0 0.18028846153846154 0.4879807692307693 0.02403846153846154 0.02403846153846154
0 0.7740384615384616 0.47836538461538464 0.02403846153846154 0.02403846153846154
0 0.25961538461538464 0.47836538461538464 0.02403846153846154 0.02403846153846154
0 0.4831730769230769 0.47355769230769235 0.02403846153846154 0.02403846153846154
0 0.9399038461538463 0.4711538461538462 0.02403846153846154 0.02403846153846154
0 0.5072115384615384 0.46875 0.02403846153846154 0.02403846153846154
0 0.4086538461538462 0.46875 0.02403846153846154 0.02403846153846154
0 0.3269230769230769 0.4567307692307693 0.02403846153846154 0.02403846153846154
0 0.5192307692307693 0.4519230769230769 0.02403846153846154 0.02403846153846154
0 0.13221153846153846 0.44711538461538464 0.02403846153846154 0.02403846153846154
0 0.06490384615384616 0.4447115384615385 0.02403846153846154 0.02403846153846154
0 0.6850961538461539 0.4399038461538462 0.02403846153846154 0.02403846153846154
0 0.8701923076923077 0.4278846153846154 0.02403846153846154 0.02403846153846154
0 0.4591346153846154 0.42307692307692313 0.02403846153846154 0.02403846153846154
0 0.7596153846153847 0.4206730769230769 0.02403846153846154 0.02403846153846154
0 0.1875 0.4206730769230769 0.02403846153846154 0.02403846153846154
0 0.6298076923076923 0.4182692307692308 0.02403846153846154 0.02403846153846154
0 0.35336538461538464 0.40384615384615385 0.02403846153846154 0.02403846153846154
0 0.5408653846153847 0.3966346153846154 0.02403846153846154 0.02403846153846154
0 0.4591346153846154 0.3942307692307693 0.02403846153846154 0.02403846153846154
0 0.7932692307692308 0.3870192307692308 0.02403846153846154 0.02403846153846154
0 0.3918269230769231 0.375 0.02403846153846154 0.02403846153846154
0 0.8629807692307693 0.37259615384615385 0.02403846153846154 0.02403846153846154
0 0.5432692307692308 0.37259615384615385 0.02403846153846154 0.02403846153846154
0 0.21634615384615385 0.37259615384615385 0.02403846153846154 0.02403846153846154
0 0.6442307692307693 0.3629807692307693 0.02403846153846154 0.02403846153846154
0 0.4807692307692308 0.35336538461538464 0.02403846153846154 0.02403846153846154
0 0.9278846153846154 0.3509615384615385 0.02403846153846154 0.02403846153846154
0 0.5985576923076923 0.3317307692307693 0.02403846153846154 0.02403846153846154
0 0.4951923076923077 0.3269230769230769 0.02403846153846154 0.02403846153846154
0 0.5432692307692308 0.31730769230769235 0.02403846153846154 0.02403846153846154
0 0.11538461538461539 0.3125 0.02403846153846154 0.02403846153846154
0 0.4278846153846154 0.3028846153846154 0.02403846153846154 0.02403846153846154
0 0.2451923076923077 0.3028846153846154 0.02403846153846154 0.02403846153846154
0 0.7836538461538461 0.2932692307692308 0.02403846153846154 0.02403846153846154
0 0.38461538461538464 0.2932692307692308 0.02403846153846154 0.02403846153846154
0 0.0889423076923077 0.2932692307692308 0.02403846153846154 0.02403846153846154
0 0.2043269230769231 0.2716346153846154 0.02403846153846154 0.02403846153846154
0 0.1201923076923077 0.25961538461538464 0.02403846153846154 0.02403846153846154
0 0.7860576923076924 0.24759615384615385 0.02403846153846154 0.02403846153846154
0 0.75 0.24759615384615385 0.02403846153846154 0.02403846153846154
0 0.7355769230769231 0.23798076923076925 0.02403846153846154 0.02403846153846154
0 0.06009615384615385 0.2451923076923077 0.02403846153846154 0.02403846153846154
0 0.9326923076923077 0.21875 0.02403846153846154 0.02403846153846154
0 0.6105769230769231 0.2139423076923077 0.02403846153846154 0.02403846153846154
0 0.25961538461538464 0.2139423076923077 0.02403846153846154 0.02403846153846154
0 0.43028846153846156 0.2139423076923077 0.02403846153846154 0.02403846153846154
0 0.8149038461538461 0.18990384615384617 0.02403846153846154 0.02403846153846154
0 0.4831730769230769 0.19230769230769232 0.02403846153846154 0.02403846153846154
0 0.34134615384615385 0.18990384615384617 0.02403846153846154 0.02403846153846154
0 0.8798076923076924 0.1875 0.02403846153846154 0.02403846153846154
0 0.6201923076923077 0.18509615384615385 0.02403846153846154 0.02403846153846154
0 0.3942307692307693 0.1875 0.02403846153846154 0.02403846153846154
0 0.4375 0.18028846153846154 0.02403846153846154 0.02403846153846154
0 0.18990384615384617 0.18028846153846154 0.02403846153846154 0.02403846153846154
0 0.8293269230769231 0.16826923076923078 0.02403846153846154 0.02403846153846154
0 0.59375 0.16346153846153846 0.02403846153846154 0.02403846153846154
0 0.18028846153846154 0.15384615384615385 0.02403846153846154 0.02403846153846154
0 0.8028846153846154 0.15384615384615385 0.02403846153846154 0.02403846153846154
0 0.028846153846153848 0.14423076923076925 0.02403846153846154 0.02403846153846154
0 0.2451923076923077 0.1466346153846154 0.02403846153846154 0.02403846153846154
0 0.3822115384615385 0.13942307692307693 0.02403846153846154 0.02403846153846154
0 0.6995192307692308 0.13221153846153846 0.02403846153846154 0.02403846153846154
0 0.7932692307692308 0.11778846153846155 0.02403846153846154 0.02403846153846154
0 0.8461538461538463 0.10817307692307693 0.02403846153846154 0.02403846153846154
0 0.12740384615384617 0.10576923076923078 0.02403846153846154 0.02403846153846154
0 0.22115384615384617 0.09615384615384616 0.02403846153846154 0.02403846153846154
0 0.10817307692307693 0.09375 0.02403846153846154 0.02403846153846154
0 0.19711538461538464 0.09375 0.02403846153846154 0.02403846153846154
0 0.3317307692307693 0.0889423076923077 0.02403846153846154 0.02403846153846154
0 0.3557692307692308 0.07692307692307693 0.02403846153846154 0.02403846153846154
0 0.7211538461538461 0.07692307692307693 0.02403846153846154 0.02403846153846154
0 0.8173076923076924 0.06490384615384616 0.02403846153846154 0.02403846153846154
0 0.4278846153846154 0.07211538461538462 0.02403846153846154 0.02403846153846154
0 0.2716346153846154 0.06490384615384616 0.02403846153846154 0.02403846153846154
0 0.4807692307692308 0.06009615384615385 0.02403846153846154 0.02403846153846154
0 0.3269230769230769 0.06009615384615385 0.02403846153846154 0.02403846153846154
0 0.028846153846153848 0.05528846153846154 0.02403846153846154 0.02403846153846154
0 0.7355769230769231 0.04567307692307693 0.02403846153846154 0.02403846153846154
0 0.5408653846153847 0.026442307692307696 0.02403846153846154 0.02403846153846154
0 0.23798076923076925 0.03125 0.02403846153846154 0.02403846153846154
