0 0.8629807692307693 0.9639423076923077 0.02403846153846154 0.02403846153846154
0 0.33653846153846156 0.9567307692307693 0.02403846153846154 0.02403846153846154
0 0.6129807692307693 0.951923076923077 0.02403846153846154 0.02403846153846154
0 0.29086538461538464 0.9423076923076924 0.02403846153846154 0.02403846153846154
0 0.2572115384615385 0.9447115384615385 0.02403846153846154 0.02403846153846154
0 0.16346153846153846 0.9447115384615385 0.02403846153846154 0.02403846153846154
0 0.28125 0.9326923076923077 0.02403846153846154 0.02403846153846154
0 0.96875 0.9375 0.02403846153846154 0.02403846153846154
0 0.11538461538461539 0.9134615384615385 0.02403846153846154 0.02403846153846154
0 0.03365384615384616 0.8966346153846154 0.02403846153846154 0.02403846153846154
0 0.13461538461538464 0.8701923076923077 0.02403846153846154 0.02403846153846154
0 0.6418269230769231 0.8629807692307693 0.02403846153846154 0.02403846153846154
0 0.2451923076923077 0.858173076923077 0.02403846153846154 0.02403846153846154
0 0.06009615384615385 0.858173076923077 0.02403846153846154 0.02403846153846154
0 0.90625 0.8365384615384616 0.02403846153846154 0.02403846153846154
0 0.1466346153846154 0.8245192307692308 0.02403846153846154 0.02403846153846154
0 0.6177884615384616 0.8221153846153847 0.02403846153846154 0.02403846153846154
0 0.2620192307692308 0.8125 0.02403846153846154 0.02403846153846154
0 0.06490384615384616 0.8100961538461539 0.02403846153846154 0.02403846153846154
0 0.5408653846153847 0.8125 0.02403846153846154 0.02403846153846154
0 0.2091346153846154 0.8076923076923077 0.02403846153846154 0.02403846153846154
0 0.3822115384615385 0.7860576923076924 0.02403846153846154 0.02403846153846154
0 0.40384615384615385 0.7740384615384616 0.02403846153846154 0.02403846153846154
0 0.038461538461538464 0.7716346153846154 0.02403846153846154 0.02403846153846154
0 0.19230769230769232 0.7379807692307693 0.02403846153846154 0.02403846153846154
0 0.7283653846153847 0.7163461538461539 0.02403846153846154 0.02403846153846154
0 0.6225961538461539 0.71875 0.02403846153846154 0.02403846153846154
0 0.13701923076923078 0.7091346153846154 0.02403846153846154 0.02403846153846154
0 0.6947115384615385 0.6971153846153847 0.02403846153846154 0.02403846153846154
0 0.49759615384615385 0.6923076923076923 0.02403846153846154 0.02403846153846154
0 0.4182692307692308 0.6971153846153847 0.02403846153846154 0.02403846153846154
0 0.28605769230769235 0.6899038461538461 0.02403846153846154 0.02403846153846154
0 0.34615384615384615 0.6802884615384616 0.02403846153846154 0.02403846153846154
0 0.3125 0.6802884615384616 0.02403846153846154 0.02403846153846154
0 0.5793269230769231 0.670673076923077 0.02403846153846154 0.02403846153846154
0 0.9591346153846154 0.65625 0.02403846153846154 0.02403846153846154
0 0.41586538461538464 0.639423076923077 0.02403846153846154 0.02403846153846154
0 0.038461538461538464 0.625 0.02403846153846154 0.02403846153846154
0 0.6947115384615385 0.6177884615384616 0.02403846153846154 0.02403846153846154
0 0.18028846153846154 0.6033653846153847 0.02403846153846154 0.02403846153846154
0 0.3028846153846154 0.5961538461538461 0.02403846153846154 0.02403846153846154
0 0.7860576923076924 0.6009615384615385 0.02403846153846154 0.02403846153846154
0 0.16105769230769232 0.5865384615384616 0.02403846153846154 0.02403846153846154
0 0.858173076923077 0.5841346153846154 0.02403846153846154 0.02403846153846154
0 0.9711538461538463 0.5817307692307693 0.02403846153846154 0.02403846153846154
0 0.22355769230769232 0.545673076923077 0.02403846153846154 0.02403846153846154
0 0.5264423076923077 0.5384615384615385 0.02403846153846154 0.02403846153846154
0 0.14423076923076925 0.5216346153846154 0.02403846153846154 0.02403846153846154
0 0.8677884615384616 0.5192307692307693 0.02403846153846154 0.02403846153846154
0 0.5865384615384616 0.5192307692307693 0.02403846153846154 0.02403846153846154
0 0.2644230769230769 0.5120192307692308 0.02403846153846154 0.02403846153846154
0 0.8942307692307693 0.5 0.02403846153846154 0.02403846153846154
0 0.4759615384615385 0.4951923076923077 0.02403846153846154 0.02403846153846154
0 0.9711538461538463 0.4879807692307693 0.02403846153846154 0.02403846153846154
0 0.84375 0.4807692307692308 0.02403846153846154 0.02403846153846154
0 0.1875 0.47836538461538464 0.02403846153846154 0.02403846153846154
0 0.31009615384615385 0.4711538461538462 0.02403846153846154 0.02403846153846154
0 0.8221153846153847 0.4495192307692308 0.02403846153846154 0.02403846153846154
0 0.4206730769230769 0.43509615384615385 0.02403846153846154 0.02403846153846154
0 0.7692307692307693 0.4278846153846154 0.02403846153846154 0.02403846153846154
0 0.6610576923076923 0.4014423076923077 0.02403846153846154 0.02403846153846154
0 0.8293269230769231 0.39903846153846156 0.02403846153846154 0.02403846153846154
0 0.11778846153846155 0.3870192307692308 0.02403846153846154 0.02403846153846154
0 0.7860576923076924 0.3774038461538462 0.02403846153846154 0.02403846153846154
0 0.4086538461538462 0.3701923076923077 0.02403846153846154 0.02403846153846154
0 0.09375 0.3701923076923077 0.02403846153846154 0.02403846153846154
0 0.6875 0.3605769230769231 0.02403846153846154 0.02403846153846154
0 0.17307692307692307 0.3605769230769231 0.02403846153846154 0.02403846153846154
0 0.3966346153846154 0.3557692307692308 0.02403846153846154 0.02403846153846154
0 0.8533653846153847 0.35336538461538464 0.02403846153846154 0.02403846153846154
0 0.4206730769230769 0.3509615384615385 0.02403846153846154 0.02403846153846154
0 0.32211538461538464 0.3509615384615385 0.02403846153846154 0.02403846153846154
0 0.2403846153846154 0.3389423076923077 0.02403846153846154 0.02403846153846154
0 0.4326923076923077 0.3341346153846154 0.02403846153846154 0.02403846153846154
0 0.04567307692307693 0.3293269230769231 0.02403846153846154 0.02403846153846154
0 0.9134615384615385 0.3341346153846154 0.02403846153846154 0.02403846153846154
0 0.5985576923076923 0.32211538461538464 0.02403846153846154 0.02403846153846154
0 0.7836538461538461 0.31009615384615385 0.02403846153846154 0.02403846153846154
0 0.37259615384615385 0.30528846153846156 0.02403846153846154 0.02403846153846154
0 0.6730769230769231 0.3028846153846154 0.02403846153846154 0.02403846153846154
0 0.10096153846153846 0.3028846153846154 0.02403846153846154 0.02403846153846154
0 0.5432692307692308 0.3004807692307693 0.02403846153846154 0.02403846153846154
0 0.2668269230769231 0.28605769230769235 0.02403846153846154 0.02403846153846154
0 0.45432692307692313 0.27884615384615385 0.02403846153846154 0.02403846153846154
0 0.37259615384615385 0.2764423076923077 0.02403846153846154 0.02403846153846154
0 0.7067307692307693 0.2692307692307693 0.02403846153846154 0.02403846153846154
0 0.30528846153846156 0.2572115384615385 0.02403846153846154 0.02403846153846154
0 0.7764423076923077 0.25480769230769235 0.02403846153846154 0.02403846153846154
0 0.4567307692307693 0.25480769230769235 0.02403846153846154 0.02403846153846154
0 0.12980769230769232 0.25480769230769235 0.02403846153846154 0.02403846153846154
0 0.5576923076923077 0.2451923076923077 0.02403846153846154 0.02403846153846154
0 0.3942307692307693 0.2355769230769231 0.02403846153846154 0.02403846153846154
0 0.8413461538461539 0.23317307692307693 0.02403846153846154 0.02403846153846154
0 0.5120192307692308 0.2139423076923077 0.02403846153846154 0.02403846153846154
0 0.4086538461538462 0.2091346153846154 0.02403846153846154 0.02403846153846154
0 0.4567307692307693 0.19951923076923078 0.02403846153846154 0.02403846153846154
0 0.028846153846153848 0.19471153846153846 0.02403846153846154 0.02403846153846154
0 0.34134615384615385 0.18509615384615385 0.02403846153846154 0.02403846153846154
0 0.15865384615384617 0.18509615384615385 0.02403846153846154 0.02403846153846154
0 0.6971153846153847 0.17548076923076925 0.02403846153846154 0.02403846153846154
0 0.2980769230769231 0.17548076923076925 0.02403846153846154 0.02403846153846154
0 0.11778846153846155 0.15384615384615385 0.02403846153846154 0.02403846153846154
0 0.03365384615384616 0.14182692307692307 0.02403846153846154 0.02403846153846154
0 0.6995192307692308 0.12980769230769232 0.02403846153846154 0.02403846153846154
0 0.6634615384615385 0.12980769230769232 0.02403846153846154 0.02403846153846154
0 0.6490384615384616 0.1201923076923077 0.02403846153846154 0.02403846153846154
0 0.8461538461538463 0.10096153846153846 0.02403846153846154 0.02403846153846154
0 0.5240384615384616 0.09615384615384616 0.02403846153846154 0.02403846153846154
0 0.17307692307692307 0.09615384615384616 0.02403846153846154 0.02403846153846154
0 0.34375 0.09615384615384616 0.02403846153846154 0.02403846153846154
0 0.7283653846153847 0.07211538461538462 0.02403846153846154 0.02403846153846154
0 0.3966346153846154 0.07451923076923077 0.02403846153846154 0.02403846153846154
0 0.25480769230769235 0.07211538461538462 0.02403846153846154 0.02403846153846154
0 0.7932692307692308 0.06971153846153846 0.02403846153846154 0.02403846153846154
0 0.5336538461538461 0.06730769230769232 0.02403846153846154 0.02403846153846154
0 0.3076923076923077 0.06971153846153846 0.02403846153846154 0.02403846153846154
0 0.3509615384615385 0.0625 0.02403846153846154 0.02403846153846154
0 0.10336538461538462 0.0625 0.02403846153846154 0.02403846153846154
0 0.7427884615384616 0.05048076923076923 0.02403846153846154 0.02403846153846154
0 0.5072115384615384 0.04567307692307693 0.02403846153846154 0.02403846153846154
0 0.09375 0.03605769230769231 0.02403846153846154 0.02403846153846154
0 0.7163461538461539 0.03605769230769231 0.02403846153846154 0.02403846153846154
0 0.15865384615384617 0.028846153846153848 0.02403846153846154 0.02403846153846154
