0 0.2403846153846154 0.96875 0.02403846153846154 0.02403846153846154
0 0.3966346153846154 0.9014423076923077 0.02403846153846154 0.02403846153846154
0 0.639423076923077 0.8798076923076924 0.02403846153846154 0.02403846153846154
0 0.8341346153846154 0.8629807692307693 0.02403846153846154 0.02403846153846154
0 0.10576923076923078 0.8173076923076924 0.02403846153846154 0.02403846153846154
0 0.875 0.8100961538461539 0.02403846153846154 0.02403846153846154
0 0.5288461538461539 0.8004807692307693 0.02403846153846154 0.02403846153846154
0 0.34375 0.795673076923077 0.02403846153846154 0.02403846153846154
0 0.8052884615384616 0.7716346153846154 0.02403846153846154 0.02403846153846154
0 0.28125 0.7836538461538461 0.02403846153846154 0.02403846153846154
0 0.46153846153846156 0.7596153846153847 0.02403846153846154 0.02403846153846154
0 0.5625 0.7355769230769231 0.02403846153846154 0.02403846153846154
0 0.12980769230769232 0.7259615384615385 0.02403846153846154 0.02403846153846154
0 0.7548076923076924 0.7211538461538461 0.02403846153846154 0.02403846153846154
0 0.6057692307692308 0.7163461538461539 0.02403846153846154 0.02403846153846154
0 0.6923076923076923 0.7091346153846154 0.02403846153846154 0.02403846153846154
0 0.3605769230769231 0.6995192307692308 0.02403846153846154 0.02403846153846154
0 0.4326923076923077 0.6971153846153847 0.02403846153846154 0.02403846153846154
0 0.9230769230769231 0.701923076923077 0.02403846153846154 0.02403846153846154
0 0.3269230769230769 0.6850961538461539 0.02403846153846154 0.02403846153846154
0 0.37259615384615385 0.6850961538461539 0.02403846153846154 0.02403846153846154
0 0.14903846153846154 0.6923076923076923 0.02403846153846154 0.02403846153846154
0 0.07932692307692309 0.6586538461538461 0.02403846153846154 0.02403846153846154
0 0.3317307692307693 0.6442307692307693 0.02403846153846154 0.02403846153846154
0 0.3822115384615385 0.639423076923077 0.02403846153846154 0.02403846153846154
0 0.2403846153846154 0.6153846153846154 0.02403846153846154 0.02403846153846154
0 0.06971153846153846 0.6057692307692308 0.02403846153846154 0.02403846153846154
0 0.8245192307692308 0.6057692307692308 0.02403846153846154 0.02403846153846154
0 0.25 0.5745192307692308 0.02403846153846154 0.02403846153846154
0 0.46153846153846156 0.5649038461538461 0.02403846153846154 0.02403846153846154
0 0.5721153846153847 0.5480769230769231 0.02403846153846154 0.02403846153846154
0 0.8389423076923077 0.5384615384615385 0.02403846153846154 0.02403846153846154
0 0.28605769230769235 0.5240384615384616 0.02403846153846154 0.02403846153846154
0 0.4254807692307693 0.5240384615384616 0.02403846153846154 0.02403846153846154
0 0.9158653846153847 0.514423076923077 0.02403846153846154 0.02403846153846154
0 0.2956730769230769 0.5048076923076923 0.02403846153846154 0.02403846153846154
0 0.28125 0.5072115384615384 0.02403846153846154 0.02403846153846154
0 0.7692307692307693 0.5024038461538461 0.02403846153846154 0.02403846153846154
0 0.2716346153846154 0.4879807692307693 0.02403846153846154 0.02403846153846154
0 0.8942307692307693 0.4951923076923077 0.02403846153846154 0.02403846153846154
0 0.576923076923077 0.4807692307692308 0.02403846153846154 0.02403846153846154
0 0.28605769230769235 0.46634615384615385 0.02403846153846154 0.02403846153846154
0 0.15625 0.45432692307692313 0.02403846153846154 0.02403846153846154
0 0.18509615384615385 0.5168269230769231 0.02403846153846154 0.02403846153846154
0 0.8485576923076924 0.4399038461538462 0.02403846153846154 0.02403846153846154
0 0.5913461538461539 0.44230769230769235 0.02403846153846154 0.02403846153846154
0 0.13942307692307693 0.44711538461538464 0.02403846153846154 0.02403846153846154
0 0.5384615384615385 0.44711538461538464 0.02403846153846154 0.02403846153846154
0 0.8990384615384616 0.43509615384615385 0.02403846153846154 0.02403846153846154
0 0.701923076923077 0.4375 0.02403846153846154 0.02403846153846154
0 0.8125 0.4182692307692308 0.02403846153846154 0.02403846153846154
0 0.4879807692307693 0.41105769230769235 0.02403846153846154 0.02403846153846154
0 0.02403846153846154 0.41105769230769235 0.02403846153846154 0.02403846153846154
0 0.16826923076923078 0.3942307692307693 0.02403846153846154 0.02403846153846154
0 0.25961538461538464 0.38461538461538464 0.02403846153846154 0.02403846153846154
0 0.826923076923077 0.3822115384615385 0.02403846153846154 0.02403846153846154
0 0.11057692307692309 0.3774038461538462 0.02403846153846154 0.02403846153846154
0 0.7884615384615385 0.375 0.02403846153846154 0.02403846153846154
0 0.5432692307692308 0.3629807692307693 0.02403846153846154 0.02403846153846154
0 0.8798076923076924 0.3581730769230769 0.02403846153846154 0.02403846153846154
0 0.8413461538461539 0.34615384615384615 0.02403846153846154 0.02403846153846154
0 0.5528846153846154 0.34134615384615385 0.02403846153846154 0.02403846153846154
0 0.10336538461538462 0.3197115384615385 0.02403846153846154 0.02403846153846154
0 0.6129807692307693 0.31490384615384615 0.02403846153846154 0.02403846153846154
0 0.8533653846153847 0.3125 0.02403846153846154 0.02403846153846154
0 0.14903846153846154 0.2980769230769231 0.02403846153846154 0.02403846153846154
0 0.6826923076923077 0.28605769230769235 0.02403846153846154 0.02403846153846154
0 0.6538461538461539 0.2932692307692308 0.02403846153846154 0.02403846153846154
0 0.29086538461538464 0.27884615384615385 0.02403846153846154 0.02403846153846154
0 0.16586538461538464 0.2692307692307693 0.02403846153846154 0.02403846153846154
0 0.5528846153846154 0.2644230769230769 0.02403846153846154 0.02403846153846154
0 0.5384615384615385 0.23076923076923078 0.02403846153846154 0.02403846153846154
0 0.3822115384615385 0.23317307692307693 0.02403846153846154 0.02403846153846154
0 0.11057692307692309 0.23317307692307693 0.02403846153846154 0.02403846153846154
0 0.7403846153846154 0.23798076923076925 0.02403846153846154 0.02403846153846154
0 0.8125 0.22355769230769232 0.02403846153846154 0.02403846153846154
0 0.41586538461538464 0.22115384615384617 0.02403846153846154 0.02403846153846154
0 0.04567307692307693 0.2043269230769231 0.02403846153846154 0.02403846153846154
0 0.4278846153846154 0.2043269230769231 0.02403846153846154 0.02403846153846154
0 0.5120192307692308 0.19711538461538464 0.02403846153846154 0.02403846153846154
0 0.6754807692307693 0.18990384615384617 0.02403846153846154 0.02403846153846154
0 0.19230769230769232 0.1778846153846154 0.02403846153846154 0.02403846153846154
0 0.5096153846153847 0.17548076923076925 0.02403846153846154 0.02403846153846154
0 0.08173076923076923 0.1778846153846154 0.02403846153846154 0.02403846153846154
0 0.6610576923076923 0.17067307692307693 0.02403846153846154 0.02403846153846154
0 0.11057692307692309 0.15625 0.02403846153846154 0.02403846153846154
0 0.5336538461538461 0.1514423076923077 0.02403846153846154 0.02403846153846154
0 0.7860576923076924 0.1466346153846154 0.02403846153846154 0.02403846153846154
0 0.1466346153846154 0.1466346153846154 0.02403846153846154 0.02403846153846154
0 0.15384615384615385 0.12980769230769232 0.02403846153846154 0.02403846153846154
0 0.07932692307692309 0.12259615384615385 0.02403846153846154 0.02403846153846154
0 0.4591346153846154 0.10576923076923078 0.02403846153846154 0.02403846153846154
0 0.733173076923077 0.09615384615384616 0.02403846153846154 0.02403846153846154
0 0.47836538461538464 0.09855769230769232 0.02403846153846154 0.02403846153846154
0 0.8076923076923077 0.09134615384615385 0.02403846153846154 0.02403846153846154
0 0.5576923076923077 0.09855769230769232 0.02403846153846154 0.02403846153846154
0 0.9471153846153847 0.09375 0.02403846153846154 0.02403846153846154
0 0.24759615384615385 0.06730769230769232 0.02403846153846154 0.02403846153846154
0 0.5913461538461539 0.06730769230769232 0.02403846153846154 0.02403846153846154
0 0.7451923076923077 0.0625 0.02403846153846154 0.02403846153846154
0 0.45432692307692313 0.04567307692307693 0.02403846153846154 0.02403846153846154
0 0.8197115384615385 0.02403846153846154 0.02403846153846154 0.02403846153846154
