0 0.8245192307692308 0.9471153846153847 0.02403846153846154 0.02403846153846154
0 0.6682692307692308 0.9471153846153847 0.02403846153846154 0.02403846153846154
0 0.5264423076923077 0.96875 0.02403846153846154 0.02403846153846154
0 0.8677884615384616 0.9375 0.02403846153846154 0.02403846153846154
0 0.7115384615384616 0.9278846153846154 0.02403846153846154 0.02403846153846154
0 0.16346153846153846 0.9134615384615385 0.02403846153846154 0.02403846153846154
0 0.7235576923076924 0.9110576923076924 0.02403846153846154 0.02403846153846154
0 0.8990384615384616 0.889423076923077 0.02403846153846154 0.02403846153846154
0 0.6177884615384616 0.8942307692307693 0.02403846153846154 0.02403846153846154
0 0.12740384615384617 0.889423076923077 0.02403846153846154 0.02403846153846154
0 0.41105769230769235 0.8846153846153847 0.02403846153846154 0.02403846153846154
0 0.03365384615384616 0.8293269230769231 0.02403846153846154 0.02403846153846154
0 0.8870192307692308 0.826923076923077 0.02403846153846154 0.02403846153846154
0 0.9567307692307693 0.8076923076923077 0.02403846153846154 0.02403846153846154
0 0.3245192307692308 0.7980769230769231 0.02403846153846154 0.02403846153846154
0 0.6370192307692308 0.7836538461538461 0.02403846153846154 0.02403846153846154
0 0.21153846153846156 0.7932692307692308 0.02403846153846154 0.02403846153846154
0 0.3076923076923077 0.78125 0.02403846153846154 0.02403846153846154
0 0.9495192307692308 0.7043269230769231 0.02403846153846154 0.02403846153846154
0 0.4134615384615385 0.6899038461538461 0.02403846153846154 0.02403846153846154
0 0.8076923076923077 0.6418269230769231 0.02403846153846154 0.02403846153846154
0 0.8725961538461539 0.608173076923077 0.02403846153846154 0.02403846153846154
0 0.6826923076923077 0.6009615384615385 0.02403846153846154 0.02403846153846154
0 0.43509615384615385 0.6057692307692308 0.02403846153846154 0.02403846153846154
0 0.34615384615384615 0.5889423076923077 0.02403846153846154 0.02403846153846154
0 0.6322115384615385 0.5841346153846154 0.02403846153846154 0.02403846153846154
0 0.5625 0.5913461538461539 0.02403846153846154 0.02403846153846154
0 0.96875 0.5600961538461539 0.02403846153846154 0.02403846153846154
0 0.4711538461538462 0.4399038461538462 0.02403846153846154 0.02403846153846154
0 0.28125 0.41105769230769235 0.02403846153846154 0.02403846153846154
0 0.7235576923076924 0.38461538461538464 0.02403846153846154 0.02403846153846154
0 0.45432692307692313 0.3653846153846154 0.02403846153846154 0.02403846153846154
0 0.9639423076923077 0.3389423076923077 0.02403846153846154 0.02403846153846154
0 0.125 0.28605769230769235 0.02403846153846154 0.02403846153846154
0 0.5673076923076923 0.27884615384615385 0.02403846153846154 0.02403846153846154
0 0.9567307692307693 0.24278846153846156 0.02403846153846154 0.02403846153846154
0 0.9711538461538463 0.22836538461538464 0.02403846153846154 0.02403846153846154
0 0.7764423076923077 0.2139423076923077 0.02403846153846154 0.02403846153846154
0 0.038461538461538464 0.20673076923076925 0.02403846153846154 0.02403846153846154
0 0.625 0.2091346153846154 0.02403846153846154 0.02403846153846154
0 0.8942307692307693 0.17307692307692307 0.02403846153846154 0.02403846153846154
0 0.05528846153846154 0.16105769230769232 0.02403846153846154 0.02403846153846154
0 0.19951923076923078 0.13461538461538464 0.02403846153846154 0.02403846153846154
0 0.6177884615384616 0.10817307692307693 0.02403846153846154 0.02403846153846154
0 0.6586538461538461 0.10336538461538462 0.02403846153846154 0.02403846153846154
0 0.026442307692307696 0.08173076923076923 0.02403846153846154 0.02403846153846154
0 0.8509615384615385 0.040865384615384616 0.02403846153846154 0.02403846153846154
0 0.4278846153846154 0.040865384615384616 0.02403846153846154 0.02403846153846154
0 0.8317307692307693 0.026442307692307696 0.02403846153846154 0.02403846153846154
