0 0.5336538461538461 0.9663461538461539 0.02403846153846154 0.02403846153846154
0 0.3822115384615385 0.9615384615384616 0.02403846153846154 0.02403846153846154
0 0.9591346153846154 0.9471153846153847 0.02403846153846154 0.02403846153846154
0 0.7596153846153847 0.9302884615384616 0.02403846153846154 0.02403846153846154
0 0.5168269230769231 0.9254807692307693 0.02403846153846154 0.02403846153846154
0 0.90625 0.9278846153846154 0.02403846153846154 0.02403846153846154
0 0.4278846153846154 0.9014423076923077 0.02403846153846154 0.02403846153846154
0 0.7163461538461539 0.8533653846153847 0.02403846153846154 0.02403846153846154
0 0.16826923076923078 0.8389423076923077 0.02403846153846154 0.02403846153846154
0 0.8052884615384616 0.8173076923076924 0.02403846153846154 0.02403846153846154
0 0.8485576923076924 0.8125 0.02403846153846154 0.02403846153846154
0 0.6201923076923077 0.8004807692307693 0.02403846153846154 0.02403846153846154
0 0.15625 0.7860576923076924 0.02403846153846154 0.02403846153846154
0 0.5288461538461539 0.7283653846153847 0.02403846153846154 0.02403846153846154
0 0.7259615384615385 0.7427884615384616 0.02403846153846154 0.02403846153846154
0 0.7355769230769231 0.7211538461538461 0.02403846153846154 0.02403846153846154
0 0.6490384615384616 0.7259615384615385 0.02403846153846154 0.02403846153846154
0 0.9278846153846154 0.6995192307692308 0.02403846153846154 0.02403846153846154
0 0.5168269230769231 0.6899038461538461 0.02403846153846154 0.02403846153846154
0 0.6225961538461539 0.6850961538461539 0.02403846153846154 0.02403846153846154
0 0.8004807692307693 0.6658653846153847 0.02403846153846154 0.02403846153846154
0 0.90625 0.6586538461538461 0.02403846153846154 0.02403846153846154
0 0.6129807692307693 0.6538461538461539 0.02403846153846154 0.02403846153846154
0 0.44230769230769235 0.6322115384615385 0.02403846153846154 0.02403846153846154
0 0.9711538461538463 0.6274038461538461 0.02403846153846154 0.02403846153846154
0 0.8822115384615385 0.5841346153846154 0.02403846153846154 0.02403846153846154
0 0.9423076923076924 0.5817307692307693 0.02403846153846154 0.02403846153846154
0 0.4447115384615385 0.5793269230769231 0.02403846153846154 0.02403846153846154
0 0.701923076923077 0.5817307692307693 0.02403846153846154 0.02403846153846154
0 0.6490384615384616 0.5576923076923077 0.02403846153846154 0.02403846153846154
0 0.84375 0.5576923076923077 0.02403846153846154 0.02403846153846154
0 0.6274038461538461 0.5504807692307693 0.02403846153846154 0.02403846153846154
0 0.875 0.545673076923077 0.02403846153846154 0.02403846153846154
0 0.71875 0.5384615384615385 0.02403846153846154 0.02403846153846154
0 0.06971153846153846 0.5384615384615385 0.02403846153846154 0.02403846153846154
0 0.8100961538461539 0.5360576923076923 0.02403846153846154 0.02403846153846154
0 0.7355769230769231 0.5288461538461539 0.02403846153846154 0.02403846153846154
0 0.6995192307692308 0.5264423076923077 0.02403846153846154 0.02403846153846154
0 0.6802884615384616 0.5168269230769231 0.02403846153846154 0.02403846153846154
0 0.7740384615384616 0.49759615384615385 0.02403846153846154 0.02403846153846154
0 0.5793269230769231 0.49759615384615385 0.02403846153846154 0.02403846153846154
0 0.9302884615384616 0.49278846153846156 0.02403846153846154 0.02403846153846154
0 0.8846153846153847 0.5 0.02403846153846154 0.02403846153846154
0 0.5216346153846154 0.49278846153846156 0.02403846153846154 0.02403846153846154
0 0.6586538461538461 0.49278846153846156 0.02403846153846154 0.02403846153846154
0 0.25240384615384615 0.4879807692307693 0.02403846153846154 0.02403846153846154
0 0.6947115384615385 0.4807692307692308 0.02403846153846154 0.02403846153846154
0 0.8557692307692308 0.4711538461538462 0.02403846153846154 0.02403846153846154
0 0.8461538461538463 0.45432692307692313 0.02403846153846154 0.02403846153846154
0 0.03605769230769231 0.4495192307692308 0.02403846153846154 0.02403846153846154
0 0.889423076923077 0.4447115384615385 0.02403846153846154 0.02403846153846154
0 0.1201923076923077 0.44230769230769235 0.02403846153846154 0.02403846153846154
0 0.20673076923076925 0.4134615384615385 0.02403846153846154 0.02403846153846154
0 0.25240384615384615 0.4086538461538462 0.02403846153846154 0.02403846153846154
0 0.16346153846153846 0.40384615384615385 0.02403846153846154 0.02403846153846154
0 0.78125 0.4014423076923077 0.02403846153846154 0.02403846153846154
0 0.8557692307692308 0.39903846153846156 0.02403846153846154 0.02403846153846154
0 0.5504807692307693 0.3942307692307693 0.02403846153846154 0.02403846153846154
0 0.733173076923077 0.38461538461538464 0.02403846153846154 0.02403846153846154
0 0.8653846153846154 0.37259615384615385 0.02403846153846154 0.02403846153846154
0 0.34134615384615385 0.36778846153846156 0.02403846153846154 0.02403846153846154
0 0.22596153846153846 0.3653846153846154 0.02403846153846154 0.02403846153846154
0 0.057692307692307696 0.3557692307692308 0.02403846153846154 0.02403846153846154
0 0.040865384615384616 0.3245192307692308 0.02403846153846154 0.02403846153846154
0 0.5913461538461539 0.32211538461538464 0.02403846153846154 0.02403846153846154
0 0.7379807692307693 0.31490384615384615 0.02403846153846154 0.02403846153846154
0 0.8461538461538463 0.30528846153846156 0.02403846153846154 0.02403846153846154
0 0.8846153846153847 0.28605769230769235 0.02403846153846154 0.02403846153846154
0 0.7932692307692308 0.28125 0.02403846153846154 0.02403846153846154
0 0.10576923076923078 0.2764423076923077 0.02403846153846154 0.02403846153846154
0 0.6274038461538461 0.2692307692307693 0.02403846153846154 0.02403846153846154
0 0.06490384615384616 0.2716346153846154 0.02403846153846154 0.02403846153846154
0 0.6033653846153847 0.24759615384615385 0.02403846153846154 0.02403846153846154
0 0.3341346153846154 0.2451923076923077 0.02403846153846154 0.02403846153846154
0 0.7475961538461539 0.2451923076923077 0.02403846153846154 0.02403846153846154
0 0.40384615384615385 0.23317307692307693 0.02403846153846154 0.02403846153846154
0 0.03125 0.20192307692307693 0.02403846153846154 0.02403846153846154
0 0.4591346153846154 0.19230769230769232 0.02403846153846154 0.02403846153846154
0 0.8509615384615385 0.18509615384615385 0.02403846153846154 0.02403846153846154
0 0.15865384615384617 0.16586538461538464 0.02403846153846154 0.02403846153846154
0 0.764423076923077 0.13221153846153846 0.02403846153846154 0.02403846153846154
0 0.7043269230769231 0.13221153846153846 0.02403846153846154 0.02403846153846154
0 0.28125 0.13461538461538464 0.02403846153846154 0.02403846153846154
0 0.8485576923076924 0.12259615384615385 0.02403846153846154 0.02403846153846154
0 0.21634615384615385 0.125 0.02403846153846154 0.02403846153846154
0 0.33653846153846156 0.11538461538461539 0.02403846153846154 0.02403846153846154
0 0.1778846153846154 0.10096153846153846 0.02403846153846154 0.02403846153846154
0 0.889423076923077 0.09134615384615385 0.02403846153846154 0.02403846153846154
0 0.6153846153846154 0.08173076923076923 0.02403846153846154 0.02403846153846154
0 0.6105769230769231 0.06490384615384616 0.02403846153846154 0.02403846153846154
0 0.3870192307692308 0.07211538461538462 0.02403846153846154 0.02403846153846154
0 0.4399038461538462 0.04807692307692308 0.02403846153846154 0.02403846153846154
0 0.4903846153846154 0.05048076923076923 0.02403846153846154 0.02403846153846154
