0 0.3028846153846154 0.9543269230769231 0.02403846153846154 0.02403846153846154
0 0.7668269230769231 0.9423076923076924 0.02403846153846154 0.02403846153846154
0 0.6514423076923077 0.9399038461538463 0.02403846153846154 0.02403846153846154
0 0.4831730769230769 0.9302884615384616 0.02403846153846154 0.02403846153846154
0 0.34134615384615385 0.9134615384615385 0.02403846153846154 0.02403846153846154
0 0.28605769230769235 0.8990384615384616 0.02403846153846154 0.02403846153846154
0 0.46634615384615385 0.8990384615384616 0.02403846153846154 0.02403846153846154
0 0.3004807692307693 0.8725961538461539 0.02403846153846154 0.02403846153846154
0 0.16346153846153846 0.8629807692307693 0.02403846153846154 0.02403846153846154
0 0.53125 0.8509615384615385 0.02403846153846154 0.02403846153846154
0 0.4086538461538462 0.8557692307692308 0.02403846153846154 0.02403846153846154
0 0.4903846153846154 0.8461538461538463 0.02403846153846154 0.02403846153846154
0 0.7596153846153847 0.8197115384615385 0.02403846153846154 0.02403846153846154
0 0.34855769230769235 0.8293269230769231 0.02403846153846154 0.02403846153846154
0 0.34134615384615385 0.8100961538461539 0.02403846153846154 0.02403846153846154
0 0.05288461538461539 0.8125 0.02403846153846154 0.02403846153846154
0 0.8293269230769231 0.8076923076923077 0.02403846153846154 0.02403846153846154
0 0.30528846153846156 0.8125 0.02403846153846154 0.02403846153846154
0 0.2716346153846154 0.7884615384615385 0.02403846153846154 0.02403846153846154
0 0.4567307692307693 0.7764423076923077 0.02403846153846154 0.02403846153846154
0 0.8846153846153847 0.7668269230769231 0.02403846153846154 0.02403846153846154
0 0.5841346153846154 0.7403846153846154 0.02403846153846154 0.02403846153846154
0 0.7067307692307693 0.7091346153846154 0.02403846153846154 0.02403846153846154
0 0.6418269230769231 0.6995192307692308 0.02403846153846154 0.02403846153846154
0 0.7620192307692308 0.6899038461538461 0.02403846153846154 0.02403846153846154
0 0.3581730769230769 0.6802884615384616 0.02403846153846154 0.02403846153846154
0 0.6033653846153847 0.6754807692307693 0.02403846153846154 0.02403846153846154
0 0.17307692307692307 0.6634615384615385 0.02403846153846154 0.02403846153846154
0 0.8125 0.6466346153846154 0.02403846153846154 0.02403846153846154
0 0.8653846153846154 0.6225961538461539 0.02403846153846154 0.02403846153846154
0 0.07211538461538462 0.6274038461538461 0.02403846153846154 0.02403846153846154
0 0.9158653846153847 0.625 0.02403846153846154 0.02403846153846154
0 0.9543269230769231 0.5913461538461539 0.02403846153846154 0.02403846153846154
0 0.21875 0.5841346153846154 0.02403846153846154 0.02403846153846154
0 0.9254807692307693 0.5745192307692308 0.02403846153846154 0.02403846153846154
0 0.4903846153846154 0.576923076923077 0.02403846153846154 0.02403846153846154
0 0.4519230769230769 0.5745192307692308 0.02403846153846154 0.02403846153846154
0 0.8822115384615385 0.5649038461538461 0.02403846153846154 0.02403846153846154
0 0.2043269230769231 0.5673076923076923 0.02403846153846154 0.02403846153846154
0 0.09855769230769232 0.5625 0.02403846153846154 0.02403846153846154
0 0.9086538461538463 0.5360576923076923 0.02403846153846154 0.02403846153846154
0 0.18509615384615385 0.5240384615384616 0.02403846153846154 0.02403846153846154
0 0.7572115384615385 0.5240384615384616 0.02403846153846154 0.02403846153846154
0 0.9086538461538463 0.4951923076923077 0.02403846153846154 0.02403846153846154
0 0.11538461538461539 0.49278846153846156 0.02403846153846154 0.02403846153846154
0 0.8822115384615385 0.49759615384615385 0.02403846153846154 0.02403846153846154
0 0.17067307692307693 0.47355769230769235 0.02403846153846154 0.02403846153846154
0 0.07692307692307693 0.4711538461538462 0.02403846153846154 0.02403846153846154
0 0.8028846153846154 0.4639423076923077 0.02403846153846154 0.02403846153846154
0 0.4759615384615385 0.4375 0.02403846153846154 0.02403846153846154
0 0.375 0.4375 0.02403846153846154 0.02403846153846154
0 0.6370192307692308 0.43509615384615385 0.02403846153846154 0.02403846153846154
0 0.4254807692307693 0.4182692307692308 0.02403846153846154 0.02403846153846154
0 0.5024038461538461 0.41105769230769235 0.02403846153846154 0.02403846153846154
0 0.5480769230769231 0.40625 0.02403846153846154 0.02403846153846154
0 0.4519230769230769 0.40625 0.02403846153846154 0.02403846153846154
0 0.12740384615384617 0.3894230769230769 0.02403846153846154 0.02403846153846154
0 0.5528846153846154 0.37259615384615385 0.02403846153846154 0.02403846153846154
0 0.5432692307692308 0.3822115384615385 0.02403846153846154 0.02403846153846154
0 0.6682692307692308 0.375 0.02403846153846154 0.02403846153846154
0 0.40384615384615385 0.3653846153846154 0.02403846153846154 0.02403846153846154
0 0.37980769230769235 0.3653846153846154 0.02403846153846154 0.02403846153846154
0 0.20192307692307693 0.3557692307692308 0.02403846153846154 0.02403846153846154
0 0.8870192307692308 0.3509615384615385 0.02403846153846154 0.02403846153846154
0 0.3245192307692308 0.3269230769230769 0.02403846153846154 0.02403846153846154
0 0.2572115384615385 0.31730769230769235 0.02403846153846154 0.02403846153846154
0 0.22115384615384617 0.3125 0.02403846153846154 0.02403846153846154
0 0.18990384615384617 0.3004807692307693 0.02403846153846154 0.02403846153846154
0 0.5096153846153847 0.28605769230769235 0.02403846153846154 0.02403846153846154
0 0.8221153846153847 0.25480769230769235 0.02403846153846154 0.02403846153846154
0 0.6514423076923077 0.22836538461538464 0.02403846153846154 0.02403846153846154
0 0.5168269230769231 0.23317307692307693 0.02403846153846154 0.02403846153846154
0 0.19230769230769232 0.22596153846153846 0.02403846153846154 0.02403846153846154
0 0.2692307692307693 0.19711538461538464 0.02403846153846154 0.02403846153846154
0 0.8076923076923077 0.18990384615384617 0.02403846153846154 0.02403846153846154
0 0.47355769230769235 0.14903846153846154 0.02403846153846154 0.02403846153846154
0 0.17307692307692307 0.13942307692307693 0.02403846153846154 0.02403846153846154
0 0.1514423076923077 0.1201923076923077 0.02403846153846154 0.02403846153846154
0 0.8942307692307693 0.10817307692307693 0.02403846153846154 0.02403846153846154
0 0.6995192307692308 0.10096153846153846 0.02403846153846154 0.02403846153846154
0 0.5072115384615384 0.09855769230769232 0.02403846153846154 0.02403846153846154
0 0.5961538461538461 0.09375 0.02403846153846154 0.02403846153846154
0 0.6177884615384616 0.038461538461538464 0.02403846153846154 0.02403846153846154
0 0.8365384615384616 0.03365384615384616 0.02403846153846154 0.02403846153846154
