0 0.6995192307692308 0.9591346153846154 0.02403846153846154 0.02403846153846154
0 0.23798076923076925 0.9447115384615385 0.02403846153846154 0.02403846153846154
0 0.8846153846153847 0.9471153846153847 0.02403846153846154 0.02403846153846154
0 0.3028846153846154 0.9110576923076924 0.02403846153846154 0.02403846153846154
0 0.11298076923076923 0.9038461538461539 0.02403846153846154 0.02403846153846154
0 0.0625 0.8870192307692308 0.02403846153846154 0.02403846153846154
0 0.39903846153846156 0.8629807692307693 0.02403846153846154 0.02403846153846154
0 0.7860576923076924 0.8509615384615385 0.02403846153846154 0.02403846153846154
0 0.6009615384615385 0.8341346153846154 0.02403846153846154 0.02403846153846154
0 0.5 0.7980769230769231 0.02403846153846154 0.02403846153846154
0 0.40384615384615385 0.7596153846153847 0.02403846153846154 0.02403846153846154
0 0.6466346153846154 0.7548076923076924 0.02403846153846154 0.02403846153846154
0 0.9182692307692308 0.7475961538461539 0.02403846153846154 0.02403846153846154
0 0.8798076923076924 0.7451923076923077 0.02403846153846154 0.02403846153846154
0 0.6322115384615385 0.7379807692307693 0.02403846153846154 0.02403846153846154
0 0.5264423076923077 0.733173076923077 0.02403846153846154 0.02403846153846154
0 0.6129807692307693 0.6947115384615385 0.02403846153846154 0.02403846153846154
0 0.15384615384615385 0.6875 0.02403846153846154 0.02403846153846154
0 0.5432692307692308 0.6634615384615385 0.02403846153846154 0.02403846153846154
0 0.5985576923076923 0.6442307692307693 0.02403846153846154 0.02403846153846154
0 0.3942307692307693 0.6418269230769231 0.02403846153846154 0.02403846153846154
0 0.5048076923076923 0.6418269230769231 0.02403846153846154 0.02403846153846154
0 0.9038461538461539 0.608173076923077 0.02403846153846154 0.02403846153846154
0 0.8028846153846154 0.608173076923077 0.02403846153846154 0.02403846153846154
0 0.8533653846153847 0.5889423076923077 0.02403846153846154 0.02403846153846154
0 0.9302884615384616 0.5817307692307693 0.02403846153846154 0.02403846153846154
0 0.8798076923076924 0.576923076923077 0.02403846153846154 0.02403846153846154
0 0.5552884615384616 0.5600961538461539 0.02403846153846154 0.02403846153846154
0 0.9711538461538463 0.5528846153846154 0.02403846153846154 0.02403846153846154
0 0.8317307692307693 0.5360576923076923 0.02403846153846154 0.02403846153846154
0 0.3870192307692308 0.545673076923077 0.02403846153846154 0.02403846153846154
0 0.8076923076923077 0.5360576923076923 0.02403846153846154 0.02403846153846154
0 0.4014423076923077 0.53125 0.02403846153846154 0.02403846153846154
0 0.6298076923076923 0.5264423076923077 0.02403846153846154 0.02403846153846154
0 0.20673076923076925 0.5168269230769231 0.02403846153846154 0.02403846153846154
0 0.05528846153846154 0.5120192307692308 0.02403846153846154 0.02403846153846154
0 0.7524038461538461 0.49759615384615385 0.02403846153846154 0.02403846153846154
0 0.6850961538461539 0.4879807692307693 0.02403846153846154 0.02403846153846154
0 0.6490384615384616 0.4831730769230769 0.02403846153846154 0.02403846153846154
0 0.6177884615384616 0.4711538461538462 0.02403846153846154 0.02403846153846154
0 0.3245192307692308 0.4759615384615385 0.02403846153846154 0.02403846153846154
0 0.9375 0.4567307692307693 0.02403846153846154 0.02403846153846154
0 0.4086538461538462 0.46153846153846156 0.02403846153846154 0.02403846153846154
0 0.04807692307692308 0.41105769230769235 0.02403846153846154 0.02403846153846154
0 0.9447115384615385 0.40384615384615385 0.02403846153846154 0.02403846153846154
0 0.6201923076923077 0.3966346153846154 0.02403846153846154 0.02403846153846154
0 0.0889423076923077 0.40625 0.02403846153846154 0.02403846153846154
0 0.6971153846153847 0.36778846153846156 0.02403846153846154 0.02403846153846154
0 0.28125 0.34375 0.02403846153846154 0.02403846153846154
0 0.2620192307692308 0.3293269230769231 0.02403846153846154 0.02403846153846154
0 0.9014423076923077 0.3197115384615385 0.02403846153846154 0.02403846153846154
0 0.6009615384615385 0.31009615384615385 0.02403846153846154 0.02403846153846154
0 0.5793269230769231 0.29086538461538464 0.02403846153846154 0.02403846153846154
0 0.18509615384615385 0.29086538461538464 0.02403846153846154 0.02403846153846154
0 0.2043269230769231 0.2764423076923077 0.02403846153846154 0.02403846153846154
0 0.9350961538461539 0.2692307692307693 0.02403846153846154 0.02403846153846154
0 0.3774038461538462 0.2403846153846154 0.02403846153846154 0.02403846153846154
0 0.3389423076923077 0.22596153846153846 0.02403846153846154 0.02403846153846154
0 0.09134615384615385 0.2043269230769231 0.02403846153846154 0.02403846153846154
0 0.27884615384615385 0.19230769230769232 0.02403846153846154 0.02403846153846154
0 0.2620192307692308 0.1826923076923077 0.02403846153846154 0.02403846153846154
0 0.2403846153846154 0.1875 0.02403846153846154 0.02403846153846154
0 0.9399038461538463 0.17307692307692307 0.02403846153846154 0.02403846153846154
0 0.22115384615384617 0.17307692307692307 0.02403846153846154 0.02403846153846154
0 0.3004807692307693 0.16826923076923078 0.02403846153846154 0.02403846153846154
0 0.6105769230769231 0.16105769230769232 0.02403846153846154 0.02403846153846154
0 0.18028846153846154 0.16105769230769232 0.02403846153846154 0.02403846153846154
0 0.6490384615384616 0.1466346153846154 0.02403846153846154 0.02403846153846154
0 0.44230769230769235 0.15384615384615385 0.02403846153846154 0.02403846153846154
0 0.03125 0.10096153846153846 0.02403846153846154 0.02403846153846154
0 0.8461538461538463 0.09615384615384616 0.02403846153846154 0.02403846153846154
0 0.3629807692307693 0.09855769230769232 0.02403846153846154 0.02403846153846154
0 0.4711538461538462 0.09375 0.02403846153846154 0.02403846153846154
0 0.9495192307692308 0.09134615384615385 0.02403846153846154 0.02403846153846154
0 0.8701923076923077 0.07451923076923077 0.02403846153846154 0.02403846153846154
0 0.8293269230769231 0.03365384615384616 0.02403846153846154 0.02403846153846154
0 0.96875 0.026442307692307696 0.02403846153846154 0.02403846153846154
