0 0.6346153846153847 0.9663461538461539 0.02403846153846154 0.02403846153846154
0 0.49278846153846156 0.9495192307692308 0.02403846153846154 0.02403846153846154
0 0.4375 0.9350961538461539 0.02403846153846154 0.02403846153846154
0 0.6177884615384616 0.9350961538461539 0.02403846153846154 0.02403846153846154
0 0.4519230769230769 0.9086538461538463 0.02403846153846154 0.02403846153846154
0 0.31490384615384615 0.8990384615384616 0.02403846153846154 0.02403846153846154
0 0.6826923076923077 0.8870192307692308 0.02403846153846154 0.02403846153846154
0 0.5600961538461539 0.8918269230769231 0.02403846153846154 0.02403846153846154
0 0.10336538461538462 0.8725961538461539 0.02403846153846154 0.02403846153846154
0 0.6418269230769231 0.8822115384615385 0.02403846153846154 0.02403846153846154
0 0.9110576923076924 0.8557692307692308 0.02403846153846154 0.02403846153846154
0 0.5 0.8653846153846154 0.02403846153846154 0.02403846153846154
0 0.49278846153846156 0.8461538461538463 0.02403846153846154 0.02403846153846154
0 0.2043269230769231 0.8485576923076924 0.02403846153846154 0.02403846153846154
0 0.4567307692307693 0.8485576923076924 0.02403846153846154 0.02403846153846154
0 0.42307692307692313 0.8245192307692308 0.02403846153846154 0.02403846153846154
0 0.608173076923077 0.8125 0.02403846153846154 0.02403846153846154
0 0.7355769230769231 0.7764423076923077 0.02403846153846154 0.02403846153846154
0 0.026442307692307696 0.7764423076923077 0.02403846153846154 0.02403846153846154
0 0.858173076923077 0.7451923076923077 0.02403846153846154 0.02403846153846154
0 0.7932692307692308 0.7355769230769231 0.02403846153846154 0.02403846153846154
0 0.9134615384615385 0.7259615384615385 0.02403846153846154 0.02403846153846154
0 0.12259615384615385 0.7283653846153847 0.02403846153846154 0.02403846153846154
0 0.5096153846153847 0.7163461538461539 0.02403846153846154 0.02403846153846154
0 0.7548076923076924 0.7115384615384616 0.02403846153846154 0.02403846153846154
0 0.3245192307692308 0.6995192307692308 0.02403846153846154 0.02403846153846154
0 0.9639423076923077 0.6826923076923077 0.02403846153846154 0.02403846153846154
0 0.22355769230769232 0.6634615384615385 0.02403846153846154 0.02403846153846154
0 0.12740384615384617 0.625 0.02403846153846154 0.02403846153846154
0 0.3701923076923077 0.6201923076923077 0.02403846153846154 0.02403846153846154
0 0.6418269230769231 0.6129807692307693 0.02403846153846154 0.02403846153846154
0 0.6033653846153847 0.6105769230769231 0.02403846153846154 0.02403846153846154
0 0.3557692307692308 0.6033653846153847 0.02403846153846154 0.02403846153846154
0 0.25 0.5985576923076923 0.02403846153846154 0.02403846153846154
0 0.33653846153846156 0.5600961538461539 0.02403846153846154 0.02403846153846154
0 0.9086538461538463 0.5600961538461539 0.02403846153846154 0.02403846153846154
0 0.2668269230769231 0.5288461538461539 0.02403846153846154 0.02403846153846154
0 0.32211538461538464 0.5096153846153847 0.02403846153846154 0.02403846153846154
0 0.11778846153846155 0.5072115384615384 0.02403846153846154 0.02403846153846154
0 0.22836538461538464 0.5072115384615384 0.02403846153846154 0.02403846153846154
0 0.9543269230769231 0.5 0.02403846153846154 0.02403846153846154
0 0.6274038461538461 0.47355769230769235 0.02403846153846154 0.02403846153846154
0 0.5264423076923077 0.47355769230769235 0.02403846153846154 0.02403846153846154
0 0.7884615384615385 0.4711538461538462 0.02403846153846154 0.02403846153846154
0 0.576923076923077 0.45432692307692313 0.02403846153846154 0.02403846153846154
0 0.6538461538461539 0.44711538461538464 0.02403846153846154 0.02403846153846154
0 0.6995192307692308 0.44230769230769235 0.02403846153846154 0.02403846153846154
0 0.6033653846153847 0.44230769230769235 0.02403846153846154 0.02403846153846154
0 0.27884615384615385 0.4254807692307693 0.02403846153846154 0.02403846153846154
0 0.7043269230769231 0.4086538461538462 0.02403846153846154 0.02403846153846154
0 0.6947115384615385 0.4182692307692308 0.02403846153846154 0.02403846153846154
0 0.8197115384615385 0.41105769230769235 0.02403846153846154 0.02403846153846154
0 0.5552884615384616 0.4014423076923077 0.02403846153846154 0.02403846153846154
0 0.11057692307692309 0.41105769230769235 0.02403846153846154 0.02403846153846154
0 0.53125 0.4014423076923077 0.02403846153846154 0.02403846153846154
0 0.125 0.3966346153846154 0.02403846153846154 0.02403846153846154
0 0.35336538461538464 0.3918269230769231 0.02403846153846154 0.02403846153846154
0 0.4759615384615385 0.3629807692307693 0.02403846153846154 0.02403846153846154
0 0.4086538461538462 0.35336538461538464 0.02403846153846154 0.02403846153846154
0 0.37259615384615385 0.34855769230769235 0.02403846153846154 0.02403846153846154
0 0.34134615384615385 0.33653846153846156 0.02403846153846154 0.02403846153846154
0 0.04807692307692308 0.34134615384615385 0.02403846153846154 0.02403846153846154
0 0.6610576923076923 0.32211538461538464 0.02403846153846154 0.02403846153846154
0 0.13221153846153846 0.3269230769230769 0.02403846153846154 0.02403846153846154
0 0.8028846153846154 0.2644230769230769 0.02403846153846154 0.02403846153846154
0 0.6682692307692308 0.2692307692307693 0.02403846153846154 0.02403846153846154
0 0.34375 0.2620192307692308 0.02403846153846154 0.02403846153846154
0 0.4206730769230769 0.23317307692307693 0.02403846153846154 0.02403846153846154
0 0.9591346153846154 0.22596153846153846 0.02403846153846154 0.02403846153846154
0 0.625 0.18509615384615385 0.02403846153846154 0.02403846153846154
0 0.3245192307692308 0.17548076923076925 0.02403846153846154 0.02403846153846154
0 0.3028846153846154 0.15625 0.02403846153846154 0.02403846153846154
0 0.8509615384615385 0.13701923076923078 0.02403846153846154 0.02403846153846154
0 0.6586538461538461 0.13461538461538464 0.02403846153846154 0.02403846153846154
0 0.7475961538461539 0.12980769230769232 0.02403846153846154 0.02403846153846154
0 0.10096153846153846 0.10576923076923078 0.02403846153846154 0.02403846153846154
0 0.0625 0.09134615384615385 0.02403846153846154 0.02403846153846154
0 0.7692307692307693 0.07451923076923077 0.02403846153846154 0.02403846153846154
0 0.7524038461538461 0.04326923076923077 0.02403846153846154 0.02403846153846154
0 0.6634615384615385 0.038461538461538464 0.02403846153846154 0.02403846153846154
0 0.02403846153846154 0.03365384615384616 0.02403846153846154 0.02403846153846154
0 0.3341346153846154 0.026442307692307696 0.02403846153846154 0.02403846153846154
