0 0.6730769230769231 0.9423076923076924 0.02403846153846154 0.02403846153846154
0 0.4326923076923077 0.9326923076923077 0.02403846153846154 0.02403846153846154
0 0.4134615384615385 0.9230769230769231 0.02403846153846154 0.02403846153846154
0 0.22596153846153846 0.9230769230769231 0.02403846153846154 0.02403846153846154
0 0.6129807692307693 0.9158653846153847 0.02403846153846154 0.02403846153846154
0 0.5072115384615384 0.9110576923076924 0.02403846153846154 0.02403846153846154
0 0.4134615384615385 0.9014423076923077 0.02403846153846154 0.02403846153846154
0 0.8798076923076924 0.8990384615384616 0.02403846153846154 0.02403846153846154
0 0.5793269230769231 0.8774038461538463 0.02403846153846154 0.02403846153846154
0 0.32211538461538464 0.8725961538461539 0.02403846153846154 0.02403846153846154
0 0.8413461538461539 0.8629807692307693 0.02403846153846154 0.02403846153846154
0 0.28605769230769235 0.8149038461538461 0.02403846153846154 0.02403846153846154
0 0.3557692307692308 0.7403846153846154 0.02403846153846154 0.02403846153846154
0 0.6850961538461539 0.7379807692307693 0.02403846153846154 0.02403846153846154
0 0.04567307692307693 0.7067307692307693 0.02403846153846154 0.02403846153846154
0 0.2884615384615385 0.6923076923076923 0.02403846153846154 0.02403846153846154
0 0.10817307692307693 0.6899038461538461 0.02403846153846154 0.02403846153846154
0 0.45432692307692313 0.6875 0.02403846153846154 0.02403846153846154
0 0.7235576923076924 0.65625 0.02403846153846154 0.02403846153846154
0 0.514423076923077 0.5889423076923077 0.02403846153846154 0.02403846153846154
0 0.7548076923076924 0.5817307692307693 0.02403846153846154 0.02403846153846154
0 0.8389423076923077 0.576923076923077 0.02403846153846154 0.02403846153846154
0 0.5745192307692308 0.5504807692307693 0.02403846153846154 0.02403846153846154
0 0.39903846153846156 0.5192307692307693 0.02403846153846154 0.02403846153846154
0 0.9615384615384616 0.5168269230769231 0.02403846153846154 0.02403846153846154
0 0.6418269230769231 0.5072115384615384 0.02403846153846154 0.02403846153846154
0 0.2668269230769231 0.5 0.02403846153846154 0.02403846153846154
0 0.3509615384615385 0.49278846153846156 0.02403846153846154 0.02403846153846154
0 0.16105769230769232 0.4495192307692308 0.02403846153846154 0.02403846153846154
0 0.733173076923077 0.4278846153846154 0.02403846153846154 0.02403846153846154
0 0.37980769230769235 0.41105769230769235 0.02403846153846154 0.02403846153846154
0 0.026442307692307696 0.41105769230769235 0.02403846153846154 0.02403846153846154
0 0.20192307692307693 0.40625 0.02403846153846154 0.02403846153846154
0 0.44230769230769235 0.37980769230769235 0.02403846153846154 0.02403846153846154
0 0.514423076923077 0.3701923076923077 0.02403846153846154 0.02403846153846154
0 0.6850961538461539 0.3629807692307693 0.02403846153846154 0.02403846153846154
0 0.5264423076923077 0.35336538461538464 0.02403846153846154 0.02403846153846154
0 0.13942307692307693 0.34615384615384615 0.02403846153846154 0.02403846153846154
0 0.7355769230769231 0.3341346153846154 0.02403846153846154 0.02403846153846154
0 0.6586538461538461 0.3317307692307693 0.02403846153846154 0.02403846153846154
0 0.6682692307692308 0.21153846153846156 0.02403846153846154 0.02403846153846154
0 0.3581730769230769 0.20192307692307693 0.02403846153846154 0.02403846153846154
0 0.12980769230769232 0.125 0.02403846153846154 0.02403846153846154
0 0.951923076923077 0.10817307692307693 0.02403846153846154 0.02403846153846154
0 0.8293269230769231 0.08653846153846154 0.02403846153846154 0.02403846153846154
0 0.14423076923076925 0.08173076923076923 0.02403846153846154 0.02403846153846154
0 0.6009615384615385 0.07692307692307693 0.02403846153846154 0.02403846153846154
0 0.04567307692307693 0.07451923076923077 0.02403846153846154 0.02403846153846154
0 0.2764423076923077 0.07451923076923077 0.02403846153846154 0.02403846153846154
0 0.3125 0.0625 0.02403846153846154 0.02403846153846154
0 0.6442307692307693 0.04326923076923077 0.02403846153846154 0.02403846153846154
0 0.6875 0.026442307692307696 0.02403846153846154 0.02403846153846154
0 0.8966346153846154 0.09134615384615385 0.02403846153846154 0.02403846153846154
0 0.875 0.1778846153846154 0.02403846153846154 0.02403846153846154
0 0.9495192307692308 0.2716346153846154 0.02403846153846154 0.02403846153846154
0 0.9423076923076924 0.5721153846153847 0.02403846153846154 0.02403846153846154
0 0.8846153846153847 0.5600961538461539 0.02403846153846154 0.02403846153846154
0 0.8245192307692308 0.53125 0.02403846153846154 0.02403846153846154
0 0.8052884615384616 0.5168269230769231 0.02403846153846154 0.02403846153846154
0 0.16105769230769232 0.28365384615384615 0.02403846153846154 0.02403846153846154
0 0.0625 0.4711538461538462 0.02403846153846154 0.02403846153846154
0 0.13461538461538464 0.9158653846153847 0.02403846153846154 0.02403846153846154
0 0.5673076923076923 0.670673076923077 0.02403846153846154 0.02403846153846154
0 0.5288461538461539 0.65625 0.02403846153846154 0.02403846153846154
0 0.4278846153846154 0.8125 0.02403846153846154 0.02403846153846154
0 0.4134615384615385 0.96875 0.02403846153846154 0.02403846153846154
0 0.3341346153846154 0.9014423076923077 0.02403846153846154 0.02403846153846154
0 0.71875 0.7716346153846154 0.02403846153846154 0.02403846153846154
0 0.90625 0.9086538461538463 0.02403846153846154 0.02403846153846154
0 0.4519230769230769 0.826923076923077 0.02403846153846154 0.02403846153846154
