0 0.8413461538461539 0.08653846153846154 0.02403846153846154 0.02403846153846154
0 0.9663461538461539 0.6610576923076923 0.02403846153846154 0.02403846153846154
0 0.8725961538461539 0.8197115384615385 0.02403846153846154 0.02403846153846154
0 0.8701923076923077 0.03605769230769231 0.02403846153846154 0.02403846153846154
0 0.2091346153846154 0.09615384615384616 0.02403846153846154 0.02403846153846154
0 0.34134615384615385 0.08653846153846154 0.02403846153846154 0.02403846153846154
0 0.41105769230769235 0.2980769230769231 0.02403846153846154 0.02403846153846154
0 0.3629807692307693 0.28125 0.02403846153846154 0.02403846153846154
0 0.5913461538461539 0.4254807692307693 0.02403846153846154 0.02403846153846154
0 0.7524038461538461 0.4326923076923077 0.02403846153846154 0.02403846153846154
0 0.6634615384615385 0.5600961538461539 0.02403846153846154 0.02403846153846154
0 0.5625 0.8173076923076924 0.02403846153846154 0.02403846153846154
0 0.5504807692307693 0.78125 0.02403846153846154 0.02403846153846154
0 0.3245192307692308 0.8317307692307693 0.02403846153846154 0.02403846153846154
0 0.3966346153846154 0.6658653846153847 0.02403846153846154 0.02403846153846154
0 0.6899038461538461 0.7524038461538461 0.02403846153846154 0.02403846153846154
