0 0.9302884615384616 0.9639423076923077 0.02403846153846154 0.02403846153846154
0 0.8004807692307693 0.16346153846153846 0.02403846153846154 0.02403846153846154
0 0.8870192307692308 0.8028846153846154 0.02403846153846154 0.02403846153846154
0 0.7788461538461539 0.4879807692307693 0.02403846153846154 0.02403846153846154
0 0.29086538461538464 0.8918269230769231 0.02403846153846154 0.02403846153846154
0 0.5264423076923077 0.920673076923077 0.02403846153846154 0.02403846153846154
0 0.6850961538461539 0.6466346153846154 0.02403846153846154 0.02403846153846154
0 0.8149038461538461 0.8100961538461539 0.02403846153846154 0.02403846153846154
0 0.8125 0.7692307692307693 0.02403846153846154 0.02403846153846154
0 0.875 0.9543269230769231 0.02403846153846154 0.02403846153846154
0 0.8509615384615385 0.11057692307692309 0.02403846153846154 0.02403846153846154
0 0.22355769230769232 0.125 0.02403846153846154 0.02403846153846154
0 0.17548076923076925 0.10817307692307693 0.02403846153846154 0.02403846153846154
0 0.40384615384615385 0.25240384615384615 0.02403846153846154 0.02403846153846154
0 0.5649038461538461 0.25961538461538464 0.02403846153846154 0.02403846153846154
0 0.4759615384615385 0.3870192307692308 0.02403846153846154 0.02403846153846154
0 0.375 0.6442307692307693 0.02403846153846154 0.02403846153846154
0 0.3629807692307693 0.608173076923077 0.02403846153846154 0.02403846153846154
0 0.13701923076923078 0.6586538461538461 0.02403846153846154 0.02403846153846154
0 0.2091346153846154 0.49278846153846156 0.02403846153846154 0.02403846153846154
0 0.5024038461538461 0.5793269230769231 0.02403846153846154 0.02403846153846154
