0 0.2043269230769231 0.9711538461538463 0.02403846153846154 0.02403846153846154
0 0.4447115384615385 0.9447115384615385 0.02403846153846154 0.02403846153846154
0 0.5168269230769231 0.9350961538461539 0.02403846153846154 0.02403846153846154
0 0.6875 0.9278846153846154 0.02403846153846154 0.02403846153846154
0 0.5288461538461539 0.9182692307692308 0.02403846153846154 0.02403846153846154
0 0.14182692307692307 0.9110576923076924 0.02403846153846154 0.02403846153846154
0 0.7379807692307693 0.8990384615384616 0.02403846153846154 0.02403846153846154
0 0.6610576923076923 0.8966346153846154 0.02403846153846154 0.02403846153846154
0 0.670673076923077 0.7764423076923077 0.02403846153846154 0.02403846153846154
0 0.3605769230769231 0.7668269230769231 0.02403846153846154 0.02403846153846154
0 0.13221153846153846 0.6899038461538461 0.02403846153846154 0.02403846153846154
0 0.9543269230769231 0.6730769230769231 0.02403846153846154 0.02403846153846154
0 0.8317307692307693 0.6514423076923077 0.02403846153846154 0.02403846153846154
0 0.1466346153846154 0.6466346153846154 0.02403846153846154 0.02403846153846154
0 0.6033653846153847 0.6418269230769231 0.02403846153846154 0.02403846153846154
0 0.04807692307692308 0.639423076923077 0.02403846153846154 0.02403846153846154
0 0.27884615384615385 0.639423076923077 0.02403846153846154 0.02403846153846154
0 0.31490384615384615 0.6274038461538461 0.02403846153846154 0.02403846153846154
0 0.6466346153846154 0.608173076923077 0.02403846153846154 0.02403846153846154
0 0.6899038461538461 0.5913461538461539 0.02403846153846154 0.02403846153846154
0 0.8725961538461539 0.5576923076923077 0.02403846153846154 0.02403846153846154
0 0.04326923076923077 0.5504807692307693 0.02403846153846154 0.02403846153846154
0 0.9495192307692308 0.5408653846153847 0.02403846153846154 0.02403846153846154
0 0.6754807692307693 0.5216346153846154 0.02403846153846154 0.02403846153846154
0 0.701923076923077 0.5168269230769231 0.02403846153846154 0.02403846153846154
0 0.2644230769230769 0.4879807692307693 0.02403846153846154 0.02403846153846154
0 0.30528846153846156 0.4591346153846154 0.02403846153846154 0.02403846153846154
0 0.795673076923077 0.4326923076923077 0.02403846153846154 0.02403846153846154
0 0.32211538461538464 0.4254807692307693 0.02403846153846154 0.02403846153846154
0 0.6971153846153847 0.4206730769230769 0.02403846153846154 0.02403846153846154
0 0.5168269230769231 0.38461538461538464 0.02403846153846154 0.02403846153846154
0 0.6586538461538461 0.38461538461538464 0.02403846153846154 0.02403846153846154
0 0.4831730769230769 0.3653846153846154 0.02403846153846154 0.02403846153846154
0 0.6995192307692308 0.34134615384615385 0.02403846153846154 0.02403846153846154
0 0.4399038461538462 0.3293269230769231 0.02403846153846154 0.02403846153846154
0 0.18509615384615385 0.3197115384615385 0.02403846153846154 0.02403846153846154
0 0.7091346153846154 0.31490384615384615 0.02403846153846154 0.02403846153846154
0 0.5072115384615384 0.3076923076923077 0.02403846153846154 0.02403846153846154
0 0.9567307692307693 0.29086538461538464 0.02403846153846154 0.02403846153846154
0 0.4495192307692308 0.28125 0.02403846153846154 0.02403846153846154
0 0.6418269230769231 0.2668269230769231 0.02403846153846154 0.02403846153846154
0 0.04807692307692308 0.2644230769230769 0.02403846153846154 0.02403846153846154
0 0.5673076923076923 0.2355769230769231 0.02403846153846154 0.02403846153846154
0 0.6033653846153847 0.21153846153846156 0.02403846153846154 0.02403846153846154
0 0.6610576923076923 0.18509615384615385 0.02403846153846154 0.02403846153846154
0 0.9375 0.1778846153846154 0.02403846153846154 0.02403846153846154
0 0.46875 0.17067307692307693 0.02403846153846154 0.02403846153846154
0 0.764423076923077 0.14903846153846154 0.02403846153846154 0.02403846153846154
0 0.5504807692307693 0.1466346153846154 0.02403846153846154 0.02403846153846154
0 0.10336538461538462 0.13221153846153846 0.02403846153846154 0.02403846153846154
0 0.6201923076923077 0.1201923076923077 0.02403846153846154 0.02403846153846154
0 0.5673076923076923 0.09375 0.02403846153846154 0.02403846153846154
0 0.6682692307692308 0.07932692307692309 0.02403846153846154 0.02403846153846154
0 0.8173076923076924 0.02403846153846154 0.02403846153846154 0.02403846153846154
0 0.8341346153846154 0.14423076923076925 0.02403846153846154 0.02403846153846154
0 0.8870192307692308 0.24278846153846156 0.02403846153846154 0.02403846153846154
0 0.7572115384615385 0.1778846153846154 0.02403846153846154 0.02403846153846154
0 0.7163461538461539 0.4495192307692308 0.02403846153846154 0.02403846153846154
0 0.8100961538461539 0.40384615384615385 0.02403846153846154 0.02403846153846154
0 0.8990384615384616 0.65625 0.02403846153846154 0.02403846153846154
0 0.8774038461538463 0.7427884615384616 0.02403846153846154 0.02403846153846154
0 0.951923076923077 0.8365384615384616 0.02403846153846154 0.02403846153846154
0 0.021634615384615384 0.8653846153846154 0.02403846153846154 0.02403846153846154
0 0.16346153846153846 0.8485576923076924 0.02403846153846154 0.02403846153846154
0 0.2956730769230769 0.14423076923076925 0.02403846153846154 0.02403846153846154
0 0.34615384615384615 0.1778846153846154 0.02403846153846154 0.02403846153846154
0 0.545673076923077 0.0625 0.02403846153846154 0.02403846153846154
0 0.5024038461538461 0.21153846153846156 0.02403846153846154 0.02403846153846154
0 0.6730769230769231 0.2692307692307693 0.02403846153846154 0.02403846153846154
0 0.057692307692307696 0.04326923076923077 0.02403846153846154 0.02403846153846154
0 0.8221153846153847 0.3557692307692308 0.02403846153846154 0.02403846153846154
