0 0.49278846153846156 0.8533653846153847 0.02403846153846154 0.02403846153846154
0 0.5697115384615385 0.8413461538461539 0.02403846153846154 0.02403846153846154
0 0.858173076923077 0.8173076923076924 0.02403846153846154 0.02403846153846154
0 0.7475961538461539 0.795673076923077 0.02403846153846154 0.02403846153846154
0 0.7836538461538461 0.43028846153846156 0.02403846153846154 0.02403846153846154
0 0.8365384615384616 0.39903846153846156 0.02403846153846154 0.02403846153846154
0 0.1826923076923077 0.2091346153846154 0.02403846153846154 0.02403846153846154
0 0.9038461538461539 0.2043269230769231 0.02403846153846154 0.02403846153846154
0 0.9447115384615385 0.19711538461538464 0.02403846153846154 0.02403846153846154
0 0.7692307692307693 0.16826923076923078 0.02403846153846154 0.02403846153846154
0 0.8942307692307693 0.9567307692307693 0.02403846153846154 0.02403846153846154
0 0.8798076923076924 0.06490384615384616 0.02403846153846154 0.02403846153846154
0 0.9591346153846154 0.701923076923077 0.02403846153846154 0.02403846153846154
0 0.6586538461538461 0.7620192307692308 0.02403846153846154 0.02403846153846154
0 0.7259615384615385 0.6009615384615385 0.02403846153846154 0.02403846153846154
0 0.8149038461538461 0.46875 0.02403846153846154 0.02403846153846154
0 0.8822115384615385 0.3581730769230769 0.02403846153846154 0.02403846153846154
0 0.5649038461538461 0.1778846153846154 0.02403846153846154 0.02403846153846154
0 0.5817307692307693 0.3918269230769231 0.02403846153846154 0.02403846153846154
0 0.5048076923076923 0.6153846153846154 0.02403846153846154 0.02403846153846154
0 0.5336538461538461 0.6947115384615385 0.02403846153846154 0.02403846153846154
0 0.7283653846153847 0.7283653846153847 0.02403846153846154 0.02403846153846154
0 0.8197115384615385 0.7355769230769231 0.02403846153846154 0.02403846153846154
0 0.9399038461538463 0.7379807692307693 0.02403846153846154 0.02403846153846154
0 0.37980769230769235 0.7716346153846154 0.02403846153846154 0.02403846153846154
0 0.12980769230769232 0.09615384615384616 0.02403846153846154 0.02403846153846154
0 0.3653846153846154 0.125 0.02403846153846154 0.02403846153846154
0 0.7139423076923077 0.15865384615384617 0.02403846153846154 0.02403846153846154
0 0.7403846153846154 0.53125 0.02403846153846154 0.02403846153846154
0 0.4807692307692308 0.53125 0.02403846153846154 0.02403846153846154
0 0.02403846153846154 0.8774038461538463 0.02403846153846154 0.02403846153846154
0 0.4086538461538462 0.9350961538461539 0.02403846153846154 0.02403846153846154
