0 0.889423076923077 0.9350961538461539 0.02403846153846154 0.02403846153846154
0 0.41586538461538464 0.9302884615384616 0.02403846153846154 0.02403846153846154
0 0.7548076923076924 0.8966346153846154 0.02403846153846154 0.02403846153846154
0 0.9302884615384616 0.8918269230769231 0.02403846153846154 0.02403846153846154
0 0.21875 0.8918269230769231 0.02403846153846154 0.02403846153846154
0 0.2716346153846154 0.8605769230769231 0.02403846153846154 0.02403846153846154
0 0.8677884615384616 0.8317307692307693 0.02403846153846154 0.02403846153846154
0 0.3389423076923077 0.6658653846153847 0.02403846153846154 0.02403846153846154
0 0.37980769230769235 0.6586538461538461 0.02403846153846154 0.02403846153846154
0 0.44230769230769235 0.6442307692307693 0.02403846153846154 0.02403846153846154
0 0.2043269230769231 0.6298076923076923 0.02403846153846154 0.02403846153846154
0 0.858173076923077 0.6105769230769231 0.02403846153846154 0.02403846153846154
0 0.8725961538461539 0.5673076923076923 0.02403846153846154 0.02403846153846154
0 0.7740384615384616 0.5600961538461539 0.02403846153846154 0.02403846153846154
0 0.6682692307692308 0.5408653846153847 0.02403846153846154 0.02403846153846154
0 0.5192307692307693 0.5288461538461539 0.02403846153846154 0.02403846153846154
0 0.7139423076923077 0.5096153846153847 0.02403846153846154 0.02403846153846154
0 0.7139423076923077 0.4759615384615385 0.02403846153846154 0.02403846153846154
0 0.7692307692307693 0.4711538461538462 0.02403846153846154 0.02403846153846154
0 0.4591346153846154 0.46153846153846156 0.02403846153846154 0.02403846153846154
0 0.6947115384615385 0.34134615384615385 0.02403846153846154 0.02403846153846154
0 0.4639423076923077 0.3076923076923077 0.02403846153846154 0.02403846153846154
0 0.9110576923076924 0.2403846153846154 0.02403846153846154 0.02403846153846154
0 0.7740384615384616 0.18509615384615385 0.02403846153846154 0.02403846153846154
0 0.8293269230769231 0.05288461538461539 0.02403846153846154 0.02403846153846154
0 0.42307692307692313 0.78125 0.02403846153846154 0.02403846153846154
0 0.47355769230769235 0.78125 0.02403846153846154 0.02403846153846154
0 0.5552884615384616 0.7980769230769231 0.02403846153846154 0.02403846153846154
0 0.6225961538461539 0.8004807692307693 0.02403846153846154 0.02403846153846154
0 0.6754807692307693 0.8293269230769231 0.02403846153846154 0.02403846153846154
0 0.6514423076923077 0.8870192307692308 0.02403846153846154 0.02403846153846154
0 0.6995192307692308 0.7283653846153847 0.02403846153846154 0.02403846153846154
0 0.7475961538461539 0.7860576923076924 0.02403846153846154 0.02403846153846154
0 0.889423076923077 0.7692307692307693 0.02403846153846154 0.02403846153846154
0 0.7908653846153847 0.9567307692307693 0.02403846153846154 0.02403846153846154
0 0.6730769230769231 0.19951923076923078 0.02403846153846154 0.02403846153846154
0 0.625 0.44230769230769235 0.02403846153846154 0.02403846153846154
0 0.608173076923077 0.39903846153846156 0.02403846153846154 0.02403846153846154
0 0.5552884615384616 0.3269230769230769 0.02403846153846154 0.02403846153846154
0 0.5384615384615385 0.4278846153846154 0.02403846153846154 0.02403846153846154
0 0.31490384615384615 0.5264423076923077 0.02403846153846154 0.02403846153846154
0 0.49278846153846156 0.5432692307692308 0.02403846153846154 0.02403846153846154
0 0.40384615384615385 0.46153846153846156 0.02403846153846154 0.02403846153846154
0 0.4134615384615385 0.4375 0.02403846153846154 0.02403846153846154
0 0.4326923076923077 0.46634615384615385 0.02403846153846154 0.02403846153846154
0 0.6129807692307693 0.5072115384615384 0.02403846153846154 0.02403846153846154
0 0.7163461538461539 0.37259615384615385 0.02403846153846154 0.02403846153846154
0 0.5048076923076923 0.1826923076923077 0.02403846153846154 0.02403846153846154
0 0.25 0.9302884615384616 0.02403846153846154 0.02403846153846154
0 0.31730769230769235 0.8197115384615385 0.02403846153846154 0.02403846153846154
0 0.16105769230769232 0.46875 0.02403846153846154 0.02403846153846154
0 0.05288461538461539 0.15384615384615385 0.02403846153846154 0.02403846153846154
0 0.0889423076923077 0.4759615384615385 0.02403846153846154 0.02403846153846154
0 0.08653846153846154 0.43509615384615385 0.02403846153846154 0.02403846153846154
0 0.25480769230769235 0.43028846153846156 0.02403846153846154 0.02403846153846154
0 0.14903846153846154 0.6201923076923077 0.02403846153846154 0.02403846153846154
