0 0.03605769230769231 0.9350961538461539 0.02403846153846154 0.02403846153846154
0 0.7403846153846154 0.9278846153846154 0.02403846153846154 0.02403846153846154
0 0.5673076923076923 0.8653846153846154 0.02403846153846154 0.02403846153846154
0 0.9639423076923077 0.8076923076923077 0.02403846153846154 0.02403846153846154
0 0.9399038461538463 0.7355769230769231 0.02403846153846154 0.02403846153846154
0 0.5336538461538461 0.6875 0.02403846153846154 0.02403846153846154
0 0.8774038461538463 0.6778846153846154 0.02403846153846154 0.02403846153846154
0 0.6899038461538461 0.5985576923076923 0.02403846153846154 0.02403846153846154
0 0.4951923076923077 0.5216346153846154 0.02403846153846154 0.02403846153846154
0 0.3509615384615385 0.514423076923077 0.02403846153846154 0.02403846153846154
0 0.31490384615384615 0.4567307692307693 0.02403846153846154 0.02403846153846154
0 0.4447115384615385 0.375 0.02403846153846154 0.02403846153846154
0 0.6009615384615385 0.36778846153846156 0.02403846153846154 0.02403846153846154
0 0.3341346153846154 0.3197115384615385 0.02403846153846154 0.02403846153846154
0 0.46875 0.3125 0.02403846153846154 0.02403846153846154
0 0.8413461538461539 0.24759615384615385 0.02403846153846154 0.02403846153846154
0 0.9399038461538463 0.16586538461538464 0.02403846153846154 0.02403846153846154
0 0.40384615384615385 0.14423076923076925 0.02403846153846154 0.02403846153846154
0 0.06490384615384616 0.03365384615384616 0.02403846153846154 0.02403846153846154
0 0.5889423076923077 0.6850961538461539 0.02403846153846154 0.02403846153846154
0 0.8004807692307693 0.43509615384615385 0.02403846153846154 0.02403846153846154
0 0.3125 0.2451923076923077 0.02403846153846154 0.02403846153846154
0 0.4711538461538462 0.40625 0.02403846153846154 0.02403846153846154
0 0.4254807692307693 0.8725961538461539 0.02403846153846154 0.02403846153846154
