0 0.7163461538461539 0.7451923076923077 0.02403846153846154 0.02403846153846154
0 0.6875 0.6418269230769231 0.02403846153846154 0.02403846153846154
0 0.7139423076923077 0.6129807692307693 0.02403846153846154 0.02403846153846154
0 0.21153846153846156 0.5649038461538461 0.02403846153846154 0.02403846153846154
0 0.8028846153846154 0.028846153846153848 0.02403846153846154 0.02403846153846154
0 0.7451923076923077 0.6947115384615385 0.02403846153846154 0.02403846153846154
0 0.889423076923077 0.28365384615384615 0.02403846153846154 0.02403846153846154
0 0.7139423076923077 0.49759615384615385 0.02403846153846154 0.02403846153846154
0 0.9134615384615385 0.9423076923076924 0.02403846153846154 0.02403846153846154
0 0.5336538461538461 0.6490384615384616 0.02403846153846154 0.02403846153846154
0 0.5625 0.42307692307692313 0.02403846153846154 0.02403846153846154
0 0.48557692307692313 0.375 0.02403846153846154 0.02403846153846154
0 0.23076923076923078 0.4831730769230769 0.02403846153846154 0.02403846153846154
0 0.19471153846153846 0.39903846153846156 0.02403846153846154 0.02403846153846154
0 0.08413461538461539 0.7548076923076924 0.02403846153846154 0.02403846153846154
0 0.21634615384615385 0.7451923076923077 0.02403846153846154 0.02403846153846154
0 0.28605769230769235 0.9567307692307693 0.02403846153846154 0.02403846153846154
0 0.23798076923076925 0.9399038461538463 0.02403846153846154 0.02403846153846154
