0 0.7451923076923077 0.9350961538461539 0.02403846153846154 0.02403846153846154
0 0.75 0.78125 0.02403846153846154 0.02403846153846154
0 0.7548076923076924 0.40384615384615385 0.02403846153846154 0.02403846153846154
0 0.6778846153846154 0.3653846153846154 0.02403846153846154 0.02403846153846154
0 0.3605769230769231 0.3028846153846154 0.02403846153846154 0.02403846153846154
0 0.9110576923076924 0.2451923076923077 0.02403846153846154 0.02403846153846154
0 0.90625 0.17307692307692307 0.02403846153846154 0.02403846153846154
0 0.48557692307692313 0.11298076923076923 0.02403846153846154 0.02403846153846154
0 0.2139423076923077 0.05288461538461539 0.02403846153846154 0.02403846153846154
0 0.9591346153846154 0.6730769230769231 0.02403846153846154 0.02403846153846154
0 0.9110576923076924 0.9158653846153847 0.02403846153846154 0.02403846153846154
0 0.8942307692307693 0.8725961538461539 0.02403846153846154 0.02403846153846154
0 0.8413461538461539 0.8004807692307693 0.02403846153846154 0.02403846153846154
0 0.8245192307692308 0.9014423076923077 0.02403846153846154 0.02403846153846154
0 0.6899038461538461 0.9350961538461539 0.02403846153846154 0.02403846153846154
0 0.6995192307692308 0.9110576923076924 0.02403846153846154 0.02403846153846154
0 0.71875 0.9399038461538463 0.02403846153846154 0.02403846153846154
0 0.7908653846153847 0.65625 0.02403846153846154 0.02403846153846154
0 0.9038461538461539 0.43028846153846156 0.02403846153846154 0.02403846153846154
0 0.44711538461538464 0.9423076923076924 0.02403846153846154 0.02403846153846154
0 0.3389423076923077 0.6274038461538461 0.02403846153846154 0.02403846153846154
0 0.2451923076923077 0.7860576923076924 0.02403846153846154 0.02403846153846154
0 0.375 0.9495192307692308 0.02403846153846154 0.02403846153846154
0 0.37259615384615385 0.9086538461538463 0.02403846153846154 0.02403846153846154
0 0.5408653846153847 0.9038461538461539 0.02403846153846154 0.02403846153846154
0 0.41105769230769235 0.25 0.02403846153846154 0.02403846153846154
0 0.125 0.39903846153846156 0.02403846153846154 0.02403846153846154
0 0.03605769230769231 0.5264423076923077 0.02403846153846154 0.02403846153846154
0 0.0625 0.71875 0.02403846153846154 0.02403846153846154
0 0.875 0.05048076923076923 0.02403846153846154 0.02403846153846154
