0 0.4326923076923077 0.9495192307692308 0.02403846153846154 0.02403846153846154
0 0.5048076923076923 0.9399038461538463 0.02403846153846154 0.02403846153846154
0 0.6754807692307693 0.9326923076923077 0.02403846153846154 0.02403846153846154
0 0.5168269230769231 0.9230769230769231 0.02403846153846154 0.02403846153846154
0 0.12980769230769232 0.9158653846153847 0.02403846153846154 0.02403846153846154
0 0.7259615384615385 0.9038461538461539 0.02403846153846154 0.02403846153846154
0 0.6490384615384616 0.9014423076923077 0.02403846153846154 0.02403846153846154
0 0.6586538461538461 0.78125 0.02403846153846154 0.02403846153846154
0 0.34855769230769235 0.7716346153846154 0.02403846153846154 0.02403846153846154
0 0.1201923076923077 0.6947115384615385 0.02403846153846154 0.02403846153846154
0 0.9423076923076924 0.6778846153846154 0.02403846153846154 0.02403846153846154
0 0.8197115384615385 0.65625 0.02403846153846154 0.02403846153846154
0 0.13461538461538464 0.6514423076923077 0.02403846153846154 0.02403846153846154
0 0.9663461538461539 0.6466346153846154 0.02403846153846154 0.02403846153846154
0 0.5913461538461539 0.6466346153846154 0.02403846153846154 0.02403846153846154
0 0.03605769230769231 0.6442307692307693 0.02403846153846154 0.02403846153846154
0 0.2668269230769231 0.6442307692307693 0.02403846153846154 0.02403846153846154
0 0.3028846153846154 0.6322115384615385 0.02403846153846154 0.02403846153846154
0 0.6346153846153847 0.6129807692307693 0.02403846153846154 0.02403846153846154
0 0.6778846153846154 0.5961538461538461 0.02403846153846154 0.02403846153846154
0 0.8605769230769231 0.5625 0.02403846153846154 0.02403846153846154
0 0.03125 0.5552884615384616 0.02403846153846154 0.02403846153846154
0 0.9375 0.545673076923077 0.02403846153846154 0.02403846153846154
0 0.6634615384615385 0.5264423076923077 0.02403846153846154 0.02403846153846154
0 0.6899038461538461 0.5216346153846154 0.02403846153846154 0.02403846153846154
0 0.25240384615384615 0.49278846153846156 0.02403846153846154 0.02403846153846154
0 0.2932692307692308 0.4639423076923077 0.02403846153846154 0.02403846153846154
0 0.7836538461538461 0.4375 0.02403846153846154 0.02403846153846154
0 0.31009615384615385 0.43028846153846156 0.02403846153846154 0.02403846153846154
0 0.6850961538461539 0.4254807692307693 0.02403846153846154 0.02403846153846154
0 0.5048076923076923 0.3894230769230769 0.02403846153846154 0.02403846153846154
0 0.6466346153846154 0.3894230769230769 0.02403846153846154 0.02403846153846154
0 0.4711538461538462 0.3701923076923077 0.02403846153846154 0.02403846153846154
0 0.6875 0.34615384615384615 0.02403846153846154 0.02403846153846154
0 0.4278846153846154 0.3341346153846154 0.02403846153846154 0.02403846153846154
0 0.17307692307692307 0.3245192307692308 0.02403846153846154 0.02403846153846154
0 0.6971153846153847 0.3197115384615385 0.02403846153846154 0.02403846153846154
0 0.4951923076923077 0.3125 0.02403846153846154 0.02403846153846154
0 0.9447115384615385 0.2956730769230769 0.02403846153846154 0.02403846153846154
0 0.4375 0.28605769230769235 0.02403846153846154 0.02403846153846154
0 0.6298076923076923 0.2716346153846154 0.02403846153846154 0.02403846153846154
0 0.03605769230769231 0.2692307692307693 0.02403846153846154 0.02403846153846154
0 0.5552884615384616 0.2403846153846154 0.02403846153846154 0.02403846153846154
0 0.5913461538461539 0.21634615384615385 0.02403846153846154 0.02403846153846154
0 0.6490384615384616 0.18990384615384617 0.02403846153846154 0.02403846153846154
0 0.9254807692307693 0.1826923076923077 0.02403846153846154 0.02403846153846154
0 0.4567307692307693 0.17548076923076925 0.02403846153846154 0.02403846153846154
0 0.7524038461538461 0.15384615384615385 0.02403846153846154 0.02403846153846154
0 0.5384615384615385 0.1514423076923077 0.02403846153846154 0.02403846153846154
0 0.09134615384615385 0.13701923076923078 0.02403846153846154 0.02403846153846154
0 0.608173076923077 0.125 0.02403846153846154 0.02403846153846154
0 0.5552884615384616 0.09855769230769232 0.02403846153846154 0.02403846153846154
0 0.65625 0.08413461538461539 0.02403846153846154 0.02403846153846154
0 0.8052884615384616 0.028846153846153848 0.02403846153846154 0.02403846153846154
0 0.8221153846153847 0.14903846153846154 0.02403846153846154 0.02403846153846154
0 0.875 0.24759615384615385 0.02403846153846154 0.02403846153846154
0 0.7451923076923077 0.1826923076923077 0.02403846153846154 0.02403846153846154
0 0.7043269230769231 0.45432692307692313 0.02403846153846154 0.02403846153846154
0 0.7980769230769231 0.4086538461538462 0.02403846153846154 0.02403846153846154
0 0.8870192307692308 0.6610576923076923 0.02403846153846154 0.02403846153846154
0 0.8653846153846154 0.7475961538461539 0.02403846153846154 0.02403846153846154
0 0.9399038461538463 0.8413461538461539 0.02403846153846154 0.02403846153846154
0 0.1514423076923077 0.8533653846153847 0.02403846153846154 0.02403846153846154
0 0.28365384615384615 0.14903846153846154 0.02403846153846154 0.02403846153846154
0 0.3341346153846154 0.1826923076923077 0.02403846153846154 0.02403846153846154
0 0.5336538461538461 0.06730769230769232 0.02403846153846154 0.02403846153846154
0 0.4903846153846154 0.21634615384615385 0.02403846153846154 0.02403846153846154
0 0.6610576923076923 0.27403846153846156 0.02403846153846154 0.02403846153846154
0 0.04567307692307693 0.04807692307692308 0.02403846153846154 0.02403846153846154
0 0.8100961538461539 0.3605769230769231 0.02403846153846154 0.02403846153846154
