0 0.9591346153846154 0.4903846153846154 0.02403846153846154 0.02403846153846154
0 0.8966346153846154 0.09134615384615385 0.02403846153846154 0.02403846153846154
0 0.9615384615384616 0.9711538461538463 0.02403846153846154 0.02403846153846154
0 0.9350961538461539 0.4278846153846154 0.02403846153846154 0.02403846153846154
0 0.7764423076923077 0.7139423076923077 0.02403846153846154 0.02403846153846154
0 0.7259615384615385 0.8461538461538463 0.02403846153846154 0.02403846153846154
0 0.7596153846153847 0.07692307692307693 0.02403846153846154 0.02403846153846154
0 0.026442307692307696 0.41105769230769235 0.02403846153846154 0.02403846153846154
0 0.21153846153846156 0.36778846153846156 0.02403846153846154 0.02403846153846154
0 0.10576923076923078 0.7788461538461539 0.02403846153846154 0.02403846153846154
0 0.09375 0.9230769230769231 0.02403846153846154 0.02403846153846154
0 0.2692307692307693 0.96875 0.02403846153846154 0.02403846153846154
0 0.4399038461538462 0.8173076923076924 0.02403846153846154 0.02403846153846154
0 0.4278846153846154 0.6634615384615385 0.02403846153846154 0.02403846153846154
0 0.5649038461538461 0.4759615384615385 0.02403846153846154 0.02403846153846154
0 0.7524038461538461 0.5817307692307693 0.02403846153846154 0.02403846153846154
0 0.8341346153846154 0.5673076923076923 0.02403846153846154 0.02403846153846154
0 0.7692307692307693 0.4182692307692308 0.02403846153846154 0.02403846153846154
0 0.858173076923077 0.4254807692307693 0.02403846153846154 0.02403846153846154
0 0.7788461538461539 0.46634615384615385 0.02403846153846154 0.02403846153846154
0 0.4326923076923077 0.04807692307692308 0.02403846153846154 0.02403846153846154
