0 0.7524038461538461 0.9663461538461539 0.02403846153846154 0.02403846153846154
0 0.875 0.96875 0.02403846153846154 0.02403846153846154
0 0.18028846153846154 0.9591346153846154 0.02403846153846154 0.02403846153846154
0 0.49278846153846156 0.951923076923077 0.02403846153846154 0.02403846153846154
0 0.2043269230769231 0.9495192307692308 0.02403846153846154 0.02403846153846154
0 0.10336538461538462 0.9399038461538463 0.02403846153846154 0.02403846153846154
0 0.5264423076923077 0.9375 0.02403846153846154 0.02403846153846154
0 0.6490384615384616 0.920673076923077 0.02403846153846154 0.02403846153846154
0 0.3822115384615385 0.920673076923077 0.02403846153846154 0.02403846153846154
0 0.9278846153846154 0.9086538461538463 0.02403846153846154 0.02403846153846154
0 0.5841346153846154 0.8918269230769231 0.02403846153846154 0.02403846153846154
0 0.7932692307692308 0.889423076923077 0.02403846153846154 0.02403846153846154
0 0.19471153846153846 0.8870192307692308 0.02403846153846154 0.02403846153846154
0 0.2572115384615385 0.8245192307692308 0.02403846153846154 0.02403846153846154
0 0.5432692307692308 0.7980769230769231 0.02403846153846154 0.02403846153846154
0 0.8052884615384616 0.7836538461538461 0.02403846153846154 0.02403846153846154
0 0.5 0.7716346153846154 0.02403846153846154 0.02403846153846154
0 0.8990384615384616 0.7692307692307693 0.02403846153846154 0.02403846153846154
0 0.37980769230769235 0.7548076923076924 0.02403846153846154 0.02403846153846154
0 0.75 0.75 0.02403846153846154 0.02403846153846154
0 0.2403846153846154 0.7355769230769231 0.02403846153846154 0.02403846153846154
0 0.8221153846153847 0.7307692307692308 0.02403846153846154 0.02403846153846154
0 0.9110576923076924 0.7235576923076924 0.02403846153846154 0.02403846153846154
0 0.4951923076923077 0.7235576923076924 0.02403846153846154 0.02403846153846154
0 0.41586538461538464 0.7211538461538461 0.02403846153846154 0.02403846153846154
0 0.375 0.7163461538461539 0.02403846153846154 0.02403846153846154
0 0.07932692307692309 0.7091346153846154 0.02403846153846154 0.02403846153846154
0 0.6442307692307693 0.6995192307692308 0.02403846153846154 0.02403846153846154
0 0.40625 0.6971153846153847 0.02403846153846154 0.02403846153846154
0 0.6923076923076923 0.670673076923077 0.02403846153846154 0.02403846153846154
0 0.46153846153846156 0.6634615384615385 0.02403846153846154 0.02403846153846154
0 0.9375 0.6610576923076923 0.02403846153846154 0.02403846153846154
0 0.3629807692307693 0.6634615384615385 0.02403846153846154 0.02403846153846154
0 0.7932692307692308 0.6466346153846154 0.02403846153846154 0.02403846153846154
0 0.5697115384615385 0.6490384615384616 0.02403846153846154 0.02403846153846154
0 0.4639423076923077 0.6442307692307693 0.02403846153846154 0.02403846153846154
0 0.08173076923076923 0.6370192307692308 0.02403846153846154 0.02403846153846154
0 0.38461538461538464 0.6274038461538461 0.02403846153846154 0.02403846153846154
0 0.6490384615384616 0.625 0.02403846153846154 0.02403846153846154
0 0.5240384615384616 0.6201923076923077 0.02403846153846154 0.02403846153846154
0 0.4759615384615385 0.5889423076923077 0.02403846153846154 0.02403846153846154
0 0.6538461538461539 0.576923076923077 0.02403846153846154 0.02403846153846154
0 0.8677884615384616 0.5793269230769231 0.02403846153846154 0.02403846153846154
0 0.920673076923077 0.5697115384615385 0.02403846153846154 0.02403846153846154
0 0.5120192307692308 0.5697115384615385 0.02403846153846154 0.02403846153846154
0 0.34615384615384615 0.5649038461538461 0.02403846153846154 0.02403846153846154
0 0.6730769230769231 0.5625 0.02403846153846154 0.02403846153846154
0 0.25 0.5625 0.02403846153846154 0.02403846153846154
0 0.7740384615384616 0.5600961538461539 0.02403846153846154 0.02403846153846154
0 0.43509615384615385 0.5552884615384616 0.02403846153846154 0.02403846153846154
0 0.8100961538461539 0.5528846153846154 0.02403846153846154 0.02403846153846154
0 0.28365384615384615 0.5528846153846154 0.02403846153846154 0.02403846153846154
0 0.3774038461538462 0.5432692307692308 0.02403846153846154 0.02403846153846154
0 0.13701923076923078 0.5024038461538461 0.02403846153846154 0.02403846153846154
0 0.3822115384615385 0.4711538461538462 0.02403846153846154 0.02403846153846154
0 0.514423076923077 0.45432692307692313 0.02403846153846154 0.02403846153846154
0 0.24759615384615385 0.45432692307692313 0.02403846153846154 0.02403846153846154
0 0.13461538461538464 0.44711538461538464 0.02403846153846154 0.02403846153846154
0 0.9326923076923077 0.44230769230769235 0.02403846153846154 0.02403846153846154
0 0.35336538461538464 0.4399038461538462 0.02403846153846154 0.02403846153846154
0 0.44230769230769235 0.40625 0.02403846153846154 0.02403846153846154
0 0.24278846153846156 0.4086538461538462 0.02403846153846154 0.02403846153846154
0 0.18028846153846154 0.38461538461538464 0.02403846153846154 0.02403846153846154
0 0.6105769230769231 0.3774038461538462 0.02403846153846154 0.02403846153846154
0 0.8509615384615385 0.36778846153846156 0.02403846153846154 0.02403846153846154
0 0.4759615384615385 0.34134615384615385 0.02403846153846154 0.02403846153846154
0 0.6514423076923077 0.3317307692307693 0.02403846153846154 0.02403846153846154
0 0.6778846153846154 0.3245192307692308 0.02403846153846154 0.02403846153846154
0 0.4254807692307693 0.3197115384615385 0.02403846153846154 0.02403846153846154
0 0.8677884615384616 0.31730769230769235 0.02403846153846154 0.02403846153846154
0 0.32211538461538464 0.28365384615384615 0.02403846153846154 0.02403846153846154
0 0.5961538461538461 0.2716346153846154 0.02403846153846154 0.02403846153846154
0 0.5889423076923077 0.25240384615384615 0.02403846153846154 0.02403846153846154
0 0.625 0.23076923076923078 0.02403846153846154 0.02403846153846154
0 0.4759615384615385 0.22355769230769232 0.02403846153846154 0.02403846153846154
0 0.3004807692307693 0.22355769230769232 0.02403846153846154 0.02403846153846154
0 0.21875 0.2091346153846154 0.02403846153846154 0.02403846153846154
0 0.7548076923076924 0.20673076923076925 0.02403846153846154 0.02403846153846154
0 0.858173076923077 0.2043269230769231 0.02403846153846154 0.02403846153846154
0 0.7307692307692308 0.20192307692307693 0.02403846153846154 0.02403846153846154
0 0.5576923076923077 0.19711538461538464 0.02403846153846154 0.02403846153846154
0 0.5096153846153847 0.19711538461538464 0.02403846153846154 0.02403846153846154
0 0.36778846153846156 0.18990384615384617 0.02403846153846154 0.02403846153846154
0 0.30528846153846156 0.1875 0.02403846153846154 0.02403846153846154
0 0.23317307692307693 0.17548076923076925 0.02403846153846154 0.02403846153846154
0 0.35336538461538464 0.16826923076923078 0.02403846153846154 0.02403846153846154
0 0.9134615384615385 0.15384615384615385 0.02403846153846154 0.02403846153846154
0 0.3125 0.1514423076923077 0.02403846153846154 0.02403846153846154
0 0.7235576923076924 0.1466346153846154 0.02403846153846154 0.02403846153846154
0 0.3629807692307693 0.1466346153846154 0.02403846153846154 0.02403846153846154
0 0.514423076923077 0.14182692307692307 0.02403846153846154 0.02403846153846154
0 0.35336538461538464 0.13221153846153846 0.02403846153846154 0.02403846153846154
0 0.6730769230769231 0.12740384615384617 0.02403846153846154 0.02403846153846154
0 0.08653846153846154 0.12740384615384617 0.02403846153846154 0.02403846153846154
0 0.5600961538461539 0.11538461538461539 0.02403846153846154 0.02403846153846154
0 0.7115384615384616 0.11298076923076923 0.02403846153846154 0.02403846153846154
0 0.4182692307692308 0.11298076923076923 0.02403846153846154 0.02403846153846154
0 0.3701923076923077 0.10817307692307693 0.02403846153846154 0.02403846153846154
0 0.1778846153846154 0.09375 0.02403846153846154 0.02403846153846154
0 0.5817307692307693 0.0889423076923077 0.02403846153846154 0.02403846153846154
0 0.4086538461538462 0.08413461538461539 0.02403846153846154 0.02403846153846154
0 0.3028846153846154 0.0889423076923077 0.02403846153846154 0.02403846153846154
0 0.4399038461538462 0.06009615384615385 0.02403846153846154 0.02403846153846154
0 0.608173076923077 0.057692307692307696 0.02403846153846154 0.02403846153846154
0 0.47355769230769235 0.057692307692307696 0.02403846153846154 0.02403846153846154
0 0.3125 0.057692307692307696 0.02403846153846154 0.02403846153846154
0 0.13221153846153846 0.05288461538461539 0.02403846153846154 0.02403846153846154
0 0.59375 0.04567307692307693 0.02403846153846154 0.02403846153846154
0 0.07932692307692309 0.04326923076923077 0.02403846153846154 0.02403846153846154
0 0.7067307692307693 0.03125 0.02403846153846154 0.02403846153846154
0 0.16826923076923078 0.026442307692307696 0.02403846153846154 0.02403846153846154
0 0.4831730769230769 0.8461538461538463 0.02403846153846154 0.02403846153846154
0 0.7451923076923077 0.9014423076923077 0.02403846153846154 0.02403846153846154
0 0.7379807692307693 0.8701923076923077 0.02403846153846154 0.02403846153846154
0 0.5745192307692308 0.920673076923077 0.02403846153846154 0.02403846153846154
0 0.9086538461538463 0.040865384615384616 0.02403846153846154 0.02403846153846154
0 0.7427884615384616 0.07932692307692309 0.02403846153846154 0.02403846153846154
0 0.6850961538461539 0.06971153846153846 0.02403846153846154 0.02403846153846154
0 0.9254807692307693 0.23317307692307693 0.02403846153846154 0.02403846153846154
0 0.9350961538461539 0.31490384615384615 0.02403846153846154 0.02403846153846154
0 0.9038461538461539 0.3557692307692308 0.02403846153846154 0.02403846153846154
0 0.7788461538461539 0.3269230769230769 0.02403846153846154 0.02403846153846154
0 0.7740384615384616 0.17067307692307693 0.02403846153846154 0.02403846153846154
0 0.5384615384615385 0.17548076923076925 0.02403846153846154 0.02403846153846154
0 0.44230769230769235 0.23798076923076925 0.02403846153846154 0.02403846153846154
0 0.5216346153846154 0.2572115384615385 0.02403846153846154 0.02403846153846154
0 0.4278846153846154 0.08653846153846154 0.02403846153846154 0.02403846153846154
0 0.40384615384615385 0.13942307692307693 0.02403846153846154 0.02403846153846154
0 0.3269230769230769 0.15625 0.02403846153846154 0.02403846153846154
0 0.3197115384615385 0.026442307692307696 0.02403846153846154 0.02403846153846154
0 0.13701923076923078 0.10336538461538462 0.02403846153846154 0.02403846153846154
0 0.021634615384615384 0.1875 0.02403846153846154 0.02403846153846154
0 0.15384615384615385 0.6177884615384616 0.02403846153846154 0.02403846153846154
0 0.2692307692307693 0.5745192307692308 0.02403846153846154 0.02403846153846154
0 0.32211538461538464 0.5528846153846154 0.02403846153846154 0.02403846153846154
0 0.25480769230769235 0.6274038461538461 0.02403846153846154 0.02403846153846154
0 0.19471153846153846 0.5192307692307693 0.02403846153846154 0.02403846153846154
0 0.5985576923076923 0.5721153846153847 0.02403846153846154 0.02403846153846154
0 0.5336538461538461 0.4951923076923077 0.02403846153846154 0.02403846153846154
0 0.4447115384615385 0.43028846153846156 0.02403846153846154 0.02403846153846154
0 0.48557692307692313 0.7548076923076924 0.02403846153846154 0.02403846153846154
0 0.514423076923077 0.7211538461538461 0.02403846153846154 0.02403846153846154
0 0.4134615384615385 0.75 0.02403846153846154 0.02403846153846154
0 0.7764423076923077 0.7067307692307693 0.02403846153846154 0.02403846153846154
