0 0.9302884615384616 0.9158653846153847 0.02403846153846154 0.02403846153846154
0 0.7451923076923077 0.889423076923077 0.02403846153846154 0.02403846153846154
0 0.8629807692307693 0.875 0.02403846153846154 0.02403846153846154
0 0.7259615384615385 0.8677884615384616 0.02403846153846154 0.02403846153846154
0 0.9038461538461539 0.8605769230769231 0.02403846153846154 0.02403846153846154
0 0.9254807692307693 0.8413461538461539 0.02403846153846154 0.02403846153846154
0 0.7860576923076924 0.8149038461538461 0.02403846153846154 0.02403846153846154
0 0.6923076923076923 0.8125 0.02403846153846154 0.02403846153846154
0 0.7716346153846154 0.7980769230769231 0.02403846153846154 0.02403846153846154
0 0.7091346153846154 0.78125 0.02403846153846154 0.02403846153846154
0 0.701923076923077 0.764423076923077 0.02403846153846154 0.02403846153846154
0 0.8461538461538463 0.7163461538461539 0.02403846153846154 0.02403846153846154
0 0.5600961538461539 0.6105769230769231 0.02403846153846154 0.02403846153846154
0 0.5240384615384616 0.5793269230769231 0.02403846153846154 0.02403846153846154
0 0.9495192307692308 0.5600961538461539 0.02403846153846154 0.02403846153846154
0 0.6538461538461539 0.5 0.02403846153846154 0.02403846153846154
0 0.7211538461538461 0.49759615384615385 0.02403846153846154 0.02403846153846154
0 0.25 0.48557692307692313 0.02403846153846154 0.02403846153846154
0 0.7427884615384616 0.47836538461538464 0.02403846153846154 0.02403846153846154
0 0.6610576923076923 0.4567307692307693 0.02403846153846154 0.02403846153846154
0 0.3894230769230769 0.4182692307692308 0.02403846153846154 0.02403846153846154
0 0.8846153846153847 0.34375 0.02403846153846154 0.02403846153846154
0 0.7692307692307693 0.3076923076923077 0.02403846153846154 0.02403846153846154
0 0.9543269230769231 0.2644230769230769 0.02403846153846154 0.02403846153846154
0 0.7716346153846154 0.24759615384615385 0.02403846153846154 0.02403846153846154
0 0.65625 0.23317307692307693 0.02403846153846154 0.02403846153846154
0 0.4086538461538462 0.22355769230769232 0.02403846153846154 0.02403846153846154
0 0.545673076923077 0.04567307692307693 0.02403846153846154 0.02403846153846154
0 0.6346153846153847 0.04326923076923077 0.02403846153846154 0.02403846153846154
0 0.9302884615384616 0.03365384615384616 0.02403846153846154 0.02403846153846154
0 0.6802884615384616 0.9158653846153847 0.02403846153846154 0.02403846153846154
0 0.9399038461538463 0.8942307692307693 0.02403846153846154 0.02403846153846154
0 0.764423076923077 0.8221153846153847 0.02403846153846154 0.02403846153846154
0 0.9423076923076924 0.7379807692307693 0.02403846153846154 0.02403846153846154
0 0.9158653846153847 0.7139423076923077 0.02403846153846154 0.02403846153846154
0 0.8966346153846154 0.5072115384615384 0.02403846153846154 0.02403846153846154
0 0.9639423076923077 0.40625 0.02403846153846154 0.02403846153846154
0 0.6466346153846154 0.7764423076923077 0.02403846153846154 0.02403846153846154
0 0.5817307692307693 0.8076923076923077 0.02403846153846154 0.02403846153846154
0 0.7836538461538461 0.7427884615384616 0.02403846153846154 0.02403846153846154
0 0.8774038461538463 0.6274038461538461 0.02403846153846154 0.02403846153846154
0 0.826923076923077 0.545673076923077 0.02403846153846154 0.02403846153846154
0 0.8341346153846154 0.4182692307692308 0.02403846153846154 0.02403846153846154
0 0.6418269230769231 0.6009615384615385 0.02403846153846154 0.02403846153846154
0 0.7379807692307693 0.42307692307692313 0.02403846153846154 0.02403846153846154
0 0.8461538461538463 0.23798076923076925 0.02403846153846154 0.02403846153846154
0 0.5961538461538461 0.19711538461538464 0.02403846153846154 0.02403846153846154
0 0.6923076923076923 0.10817307692307693 0.02403846153846154 0.02403846153846154
0 0.3197115384615385 0.6466346153846154 0.02403846153846154 0.02403846153846154
0 0.3197115384615385 0.6009615384615385 0.02403846153846154 0.02403846153846154
0 0.5576923076923077 0.21153846153846156 0.02403846153846154 0.02403846153846154
0 0.7211538461538461 0.11778846153846155 0.02403846153846154 0.02403846153846154
0 0.33653846153846156 0.5697115384615385 0.02403846153846154 0.02403846153846154
0 0.4951923076923077 0.5480769230769231 0.02403846153846154 0.02403846153846154
0 0.28365384615384615 0.8125 0.02403846153846154 0.02403846153846154
0 0.1466346153846154 0.7932692307692308 0.02403846153846154 0.02403846153846154
0 0.25240384615384615 0.6850961538461539 0.02403846153846154 0.02403846153846154
0 0.07932692307692309 0.6826923076923077 0.02403846153846154 0.02403846153846154
0 0.038461538461538464 0.6826923076923077 0.02403846153846154 0.02403846153846154
0 0.04326923076923077 0.8557692307692308 0.02403846153846154 0.02403846153846154
0 0.12259615384615385 0.6634615384615385 0.02403846153846154 0.02403846153846154
0 0.09615384615384616 0.5841346153846154 0.02403846153846154 0.02403846153846154
0 0.18509615384615385 0.06971153846153846 0.02403846153846154 0.02403846153846154
0 0.33653846153846156 0.29086538461538464 0.02403846153846154 0.02403846153846154
0 0.3269230769230769 0.2644230769230769 0.02403846153846154 0.02403846153846154
0 0.028846153846153848 0.36778846153846156 0.02403846153846154 0.02403846153846154
0 0.22596153846153846 0.3918269230769231 0.02403846153846154 0.02403846153846154
0 0.17548076923076925 0.5192307692307693 0.02403846153846154 0.02403846153846154
0 0.3269230769230769 0.04807692307692308 0.02403846153846154 0.02403846153846154
0 0.34375 0.09615384615384616 0.02403846153846154 0.02403846153846154
