0 0.8028846153846154 0.4879807692307693 0.02403846153846154 0.02403846153846154
0 0.9423076923076924 0.4206730769230769 0.02403846153846154 0.02403846153846154
0 0.9615384615384616 0.22596153846153846 0.02403846153846154 0.02403846153846154
0 0.8725961538461539 0.6490384615384616 0.02403846153846154 0.02403846153846154
0 0.8725961538461539 0.6033653846153847 0.02403846153846154 0.02403846153846154
0 0.889423076923077 0.5721153846153847 0.02403846153846154 0.02403846153846154
0 0.8365384615384616 0.8149038461538461 0.02403846153846154 0.02403846153846154
0 0.6995192307692308 0.795673076923077 0.02403846153846154 0.02403846153846154
0 0.5625 0.8028846153846154 0.02403846153846154 0.02403846153846154
0 0.8052884615384616 0.6875 0.02403846153846154 0.02403846153846154
0 0.6322115384615385 0.6850961538461539 0.02403846153846154 0.02403846153846154
0 0.5913461538461539 0.6850961538461539 0.02403846153846154 0.02403846153846154
0 0.5961538461538461 0.858173076923077 0.02403846153846154 0.02403846153846154
0 0.40625 0.9615384615384616 0.02403846153846154 0.02403846153846154
0 0.6754807692307693 0.6658653846153847 0.02403846153846154 0.02403846153846154
0 0.6490384615384616 0.5865384615384616 0.02403846153846154 0.02403846153846154
0 0.46875 0.13942307692307693 0.02403846153846154 0.02403846153846154
0 0.7379807692307693 0.07211538461538462 0.02403846153846154 0.02403846153846154
0 0.889423076923077 0.2932692307692308 0.02403846153846154 0.02403846153846154
0 0.8798076923076924 0.2668269230769231 0.02403846153846154 0.02403846153846154
0 0.5817307692307693 0.3701923076923077 0.02403846153846154 0.02403846153846154
0 0.7788461538461539 0.3942307692307693 0.02403846153846154 0.02403846153846154
0 0.7283653846153847 0.5216346153846154 0.02403846153846154 0.02403846153846154
0 0.8798076923076924 0.05048076923076923 0.02403846153846154 0.02403846153846154
0 0.8966346153846154 0.09855769230769232 0.02403846153846154 0.02403846153846154
