0 0.46153846153846156 0.920673076923077 0.02403846153846154 0.02403846153846154
0 0.8918269230769231 0.5985576923076923 0.02403846153846154 0.02403846153846154
0 0.8413461538461539 0.7307692307692308 0.02403846153846154 0.02403846153846154
0 0.14182692307692307 0.2956730769230769 0.02403846153846154 0.02403846153846154
0 0.3269230769230769 0.25240384615384615 0.02403846153846154 0.02403846153846154
0 0.22115384615384617 0.6634615384615385 0.02403846153846154 0.02403846153846154
0 0.2091346153846154 0.8076923076923077 0.02403846153846154 0.02403846153846154
0 0.0889423076923077 0.8774038461538463 0.02403846153846154 0.02403846153846154
0 0.3581730769230769 0.9591346153846154 0.02403846153846154 0.02403846153846154
0 0.38461538461538464 0.8533653846153847 0.02403846153846154 0.02403846153846154
0 0.5552884615384616 0.701923076923077 0.02403846153846154 0.02403846153846154
0 0.5432692307692308 0.5480769230769231 0.02403846153846154 0.02403846153846154
0 0.6802884615384616 0.3605769230769231 0.02403846153846154 0.02403846153846154
0 0.8677884615384616 0.46634615384615385 0.02403846153846154 0.02403846153846154
0 0.9495192307692308 0.4519230769230769 0.02403846153846154 0.02403846153846154
0 0.8846153846153847 0.3028846153846154 0.02403846153846154 0.02403846153846154
0 0.8942307692307693 0.3509615384615385 0.02403846153846154 0.02403846153846154
