0 0.8870192307692308 0.9663461538461539 0.02403846153846154 0.02403846153846154
0 0.4567307692307693 0.9639423076923077 0.02403846153846154 0.02403846153846154
0 0.8197115384615385 0.9495192307692308 0.02403846153846154 0.02403846153846154
0 0.4278846153846154 0.9302884615384616 0.02403846153846154 0.02403846153846154
0 0.5288461538461539 0.9278846153846154 0.02403846153846154 0.02403846153846154
0 0.8629807692307693 0.9182692307692308 0.02403846153846154 0.02403846153846154
0 0.5841346153846154 0.9158653846153847 0.02403846153846154 0.02403846153846154
0 0.6105769230769231 0.90625 0.02403846153846154 0.02403846153846154
0 0.6538461538461539 0.8990384615384616 0.02403846153846154 0.02403846153846154
0 0.8389423076923077 0.8966346153846154 0.02403846153846154 0.02403846153846154
0 0.4807692307692308 0.8966346153846154 0.02403846153846154 0.02403846153846154
0 0.22836538461538464 0.8966346153846154 0.02403846153846154 0.02403846153846154
0 0.2644230769230769 0.875 0.02403846153846154 0.02403846153846154
0 0.3918269230769231 0.8701923076923077 0.02403846153846154 0.02403846153846154
0 0.8076923076923077 0.8221153846153847 0.02403846153846154 0.02403846153846154
0 0.6850961538461539 0.8197115384615385 0.02403846153846154 0.02403846153846154
0 0.37980769230769235 0.8149038461538461 0.02403846153846154 0.02403846153846154
0 0.8798076923076924 0.8100961538461539 0.02403846153846154 0.02403846153846154
0 0.7884615384615385 0.7860576923076924 0.02403846153846154 0.02403846153846154
0 0.3581730769230769 0.7692307692307693 0.02403846153846154 0.02403846153846154
0 0.5048076923076923 0.7620192307692308 0.02403846153846154 0.02403846153846154
0 0.6947115384615385 0.7548076923076924 0.02403846153846154 0.02403846153846154
0 0.19230769230769232 0.733173076923077 0.02403846153846154 0.02403846153846154
0 0.3966346153846154 0.7283653846153847 0.02403846153846154 0.02403846153846154
0 0.3269230769230769 0.6826923076923077 0.02403846153846154 0.02403846153846154
0 0.6201923076923077 0.6802884615384616 0.02403846153846154 0.02403846153846154
0 0.4399038461538462 0.6778846153846154 0.02403846153846154 0.02403846153846154
0 0.8221153846153847 0.6730769230769231 0.02403846153846154 0.02403846153846154
0 0.4375 0.6514423076923077 0.02403846153846154 0.02403846153846154
0 0.7548076923076924 0.6466346153846154 0.02403846153846154 0.02403846153846154
0 0.47355769230769235 0.6322115384615385 0.02403846153846154 0.02403846153846154
0 0.4903846153846154 0.6177884615384616 0.02403846153846154 0.02403846153846154
0 0.701923076923077 0.6153846153846154 0.02403846153846154 0.02403846153846154
0 0.13942307692307693 0.5745192307692308 0.02403846153846154 0.02403846153846154
0 0.5336538461538461 0.5697115384615385 0.02403846153846154 0.02403846153846154
0 0.8653846153846154 0.5504807692307693 0.02403846153846154 0.02403846153846154
0 0.07932692307692309 0.5432692307692308 0.02403846153846154 0.02403846153846154
0 0.028846153846153848 0.5408653846153847 0.02403846153846154 0.02403846153846154
0 0.5576923076923077 0.5240384615384616 0.02403846153846154 0.02403846153846154
0 0.3028846153846154 0.5192307692307693 0.02403846153846154 0.02403846153846154
0 0.4326923076923077 0.5168269230769231 0.02403846153846154 0.02403846153846154
0 0.4495192307692308 0.5 0.02403846153846154 0.02403846153846154
0 0.5889423076923077 0.49759615384615385 0.02403846153846154 0.02403846153846154
0 0.5096153846153847 0.4951923076923077 0.02403846153846154 0.02403846153846154
0 0.5673076923076923 0.48557692307692313 0.02403846153846154 0.02403846153846154
0 0.8701923076923077 0.47836538461538464 0.02403846153846154 0.02403846153846154
0 0.7836538461538461 0.46153846153846156 0.02403846153846154 0.02403846153846154
0 0.4519230769230769 0.4495192307692308 0.02403846153846154 0.02403846153846154
0 0.8197115384615385 0.43509615384615385 0.02403846153846154 0.02403846153846154
0 0.5264423076923077 0.4206730769230769 0.02403846153846154 0.02403846153846154
0 0.4375 0.41105769230769235 0.02403846153846154 0.02403846153846154
0 0.47836538461538464 0.4086538461538462 0.02403846153846154 0.02403846153846154
0 0.8125 0.39903846153846156 0.02403846153846154 0.02403846153846154
0 0.4375 0.3918269230769231 0.02403846153846154 0.02403846153846154
0 0.34134615384615385 0.38461538461538464 0.02403846153846154 0.02403846153846154
0 0.9663461538461539 0.38461538461538464 0.02403846153846154 0.02403846153846154
0 0.5 0.375 0.02403846153846154 0.02403846153846154
0 0.5408653846153847 0.3389423076923077 0.02403846153846154 0.02403846153846154
0 0.21153846153846156 0.3125 0.02403846153846154 0.02403846153846154
0 0.9086538461538463 0.28605769230769235 0.02403846153846154 0.02403846153846154
0 0.608173076923077 0.2692307692307693 0.02403846153846154 0.02403846153846154
0 0.2572115384615385 0.2572115384615385 0.02403846153846154 0.02403846153846154
0 0.7091346153846154 0.25240384615384615 0.02403846153846154 0.02403846153846154
0 0.8774038461538463 0.21875 0.02403846153846154 0.02403846153846154
0 0.8509615384615385 0.2043269230769231 0.02403846153846154 0.02403846153846154
0 0.951923076923077 0.19951923076923078 0.02403846153846154 0.02403846153846154
0 0.7235576923076924 0.19471153846153846 0.02403846153846154 0.02403846153846154
0 0.7716346153846154 0.18990384615384617 0.02403846153846154 0.02403846153846154
0 0.47836538461538464 0.18990384615384617 0.02403846153846154 0.02403846153846154
0 0.7932692307692308 0.1875 0.02403846153846154 0.02403846153846154
0 0.8221153846153847 0.17307692307692307 0.02403846153846154 0.02403846153846154
0 0.5576923076923077 0.16346153846153846 0.02403846153846154 0.02403846153846154
0 0.3557692307692308 0.16346153846153846 0.02403846153846154 0.02403846153846154
0 0.46634615384615385 0.16105769230769232 0.02403846153846154 0.02403846153846154
0 0.7860576923076924 0.125 0.02403846153846154 0.02403846153846154
0 0.8533653846153847 0.11778846153846155 0.02403846153846154 0.02403846153846154
0 0.7115384615384616 0.10336538461538462 0.02403846153846154 0.02403846153846154
0 0.7764423076923077 0.09615384615384616 0.02403846153846154 0.02403846153846154
0 0.6658653846153847 0.09615384615384616 0.02403846153846154 0.02403846153846154
0 0.17067307692307693 0.08173076923076923 0.02403846153846154 0.02403846153846154
0 0.6466346153846154 0.07692307692307693 0.02403846153846154 0.02403846153846154
0 0.8125 0.038461538461538464 0.02403846153846154 0.02403846153846154
0 0.3028846153846154 0.03365384615384616 0.02403846153846154 0.02403846153846154
0 0.6778846153846154 0.03125 0.02403846153846154 0.02403846153846154
0 0.4278846153846154 0.8317307692307693 0.02403846153846154 0.02403846153846154
0 0.5817307692307693 0.7932692307692308 0.02403846153846154 0.02403846153846154
0 0.7163461538461539 0.8004807692307693 0.02403846153846154 0.02403846153846154
0 0.6033653846153847 0.7163461538461539 0.02403846153846154 0.02403846153846154
0 0.5673076923076923 0.7043269230769231 0.02403846153846154 0.02403846153846154
0 0.7475961538461539 0.5120192307692308 0.02403846153846154 0.02403846153846154
0 0.7764423076923077 0.4951923076923077 0.02403846153846154 0.02403846153846154
0 0.7620192307692308 0.4086538461538462 0.02403846153846154 0.02403846153846154
0 0.8221153846153847 0.37980769230769235 0.02403846153846154 0.02403846153846154
0 0.8918269230769231 0.46875 0.02403846153846154 0.02403846153846154
0 0.9230769230769231 0.5288461538461539 0.02403846153846154 0.02403846153846154
0 0.9399038461538463 0.4807692307692308 0.02403846153846154 0.02403846153846154
0 0.6658653846153847 0.34855769230769235 0.02403846153846154 0.02403846153846154
0 0.6201923076923077 0.3509615384615385 0.02403846153846154 0.02403846153846154
0 0.8293269230769231 0.29086538461538464 0.02403846153846154 0.02403846153846154
0 0.733173076923077 0.23798076923076925 0.02403846153846154 0.02403846153846154
0 0.7475961538461539 0.14423076923076925 0.02403846153846154 0.02403846153846154
0 0.8798076923076924 0.7355769230769231 0.02403846153846154 0.02403846153846154
0 0.9495192307692308 0.7908653846153847 0.02403846153846154 0.02403846153846154
0 0.4519230769230769 0.03605769230769231 0.02403846153846154 0.02403846153846154
0 0.4326923076923077 0.040865384615384616 0.02403846153846154 0.02403846153846154
0 0.4519230769230769 0.08413461538461539 0.02403846153846154 0.02403846153846154
0 0.41105769230769235 0.15384615384615385 0.02403846153846154 0.02403846153846154
0 0.5048076923076923 0.2139423076923077 0.02403846153846154 0.02403846153846154
0 0.5600961538461539 0.23317307692307693 0.02403846153846154 0.02403846153846154
0 0.5408653846153847 0.25480769230769235 0.02403846153846154 0.02403846153846154
0 0.5432692307692308 0.2956730769230769 0.02403846153846154 0.02403846153846154
0 0.21153846153846156 0.5504807692307693 0.02403846153846154 0.02403846153846154
0 0.15865384615384617 0.3004807692307693 0.02403846153846154 0.02403846153846154
0 0.29086538461538464 0.125 0.02403846153846154 0.02403846153846154
0 0.2668269230769231 0.038461538461538464 0.02403846153846154 0.02403846153846154
0 0.08413461538461539 0.8341346153846154 0.02403846153846154 0.02403846153846154
0 0.1778846153846154 0.8846153846153847 0.02403846153846154 0.02403846153846154
0 0.2572115384615385 0.8485576923076924 0.02403846153846154 0.02403846153846154
0 0.06730769230769232 0.46875 0.02403846153846154 0.02403846153846154
0 0.3701923076923077 0.3581730769230769 0.02403846153846154 0.02403846153846154
0 0.04326923076923077 0.4903846153846154 0.02403846153846154 0.02403846153846154
0 0.06730769230769232 0.5216346153846154 0.02403846153846154 0.02403846153846154
0 0.03365384615384616 0.5649038461538461 0.02403846153846154 0.02403846153846154
0 0.19951923076923078 0.7548076923076924 0.02403846153846154 0.02403846153846154
0 0.5961538461538461 0.6105769230769231 0.02403846153846154 0.02403846153846154
0 0.03125 0.6802884615384616 0.02403846153846154 0.02403846153846154
