0 0.9567307692307693 0.9350961538461539 0.02403846153846154 0.02403846153846154
0 0.8822115384615385 0.46634615384615385 0.02403846153846154 0.02403846153846154
0 0.8461538461538463 0.43509615384615385 0.02403846153846154 0.02403846153846154
0 0.5721153846153847 0.34134615384615385 0.02403846153846154 0.02403846153846154
0 0.7115384615384616 0.27403846153846156 0.02403846153846154 0.02403846153846154
0 0.7307692307692308 0.07932692307692309 0.02403846153846154 0.02403846153846154
0 0.639423076923077 0.858173076923077 0.02403846153846154 0.02403846153846154
0 0.96875 0.6322115384615385 0.02403846153846154 0.02403846153846154
0 0.9038461538461539 0.6634615384615385 0.02403846153846154 0.02403846153846154
0 0.9639423076923077 0.4567307692307693 0.02403846153846154 0.02403846153846154
0 0.9182692307692308 0.05288461538461539 0.02403846153846154 0.02403846153846154
0 0.6418269230769231 0.5024038461538461 0.02403846153846154 0.02403846153846154
0 0.6418269230769231 0.4567307692307693 0.02403846153846154 0.02403846153846154
0 0.8798076923076924 0.06730769230769232 0.02403846153846154 0.02403846153846154
0 0.5024038461538461 0.84375 0.02403846153846154 0.02403846153846154
0 0.6586538461538461 0.4254807692307693 0.02403846153846154 0.02403846153846154
0 0.8173076923076924 0.40384615384615385 0.02403846153846154 0.02403846153846154
0 0.6057692307692308 0.6682692307692308 0.02403846153846154 0.02403846153846154
0 0.46875 0.6490384615384616 0.02403846153846154 0.02403846153846154
0 0.3317307692307693 0.65625 0.02403846153846154 0.02403846153846154
0 0.5745192307692308 0.5408653846153847 0.02403846153846154 0.02403846153846154
0 0.4014423076923077 0.5384615384615385 0.02403846153846154 0.02403846153846154
0 0.3605769230769231 0.5384615384615385 0.02403846153846154 0.02403846153846154
0 0.3653846153846154 0.7115384615384616 0.02403846153846154 0.02403846153846154
0 0.17548076923076925 0.8149038461538461 0.02403846153846154 0.02403846153846154
0 0.4447115384615385 0.5192307692307693 0.02403846153846154 0.02403846153846154
0 0.4182692307692308 0.4399038461538462 0.02403846153846154 0.02403846153846154
0 0.6586538461538461 0.1466346153846154 0.02403846153846154 0.02403846153846154
0 0.6490384615384616 0.1201923076923077 0.02403846153846154 0.02403846153846154
0 0.3509615384615385 0.22355769230769232 0.02403846153846154 0.02403846153846154
0 0.5480769230769231 0.24759615384615385 0.02403846153846154 0.02403846153846154
0 0.49759615384615385 0.375 0.02403846153846154 0.02403846153846154
