0 0.6586538461538461 0.9567307692307693 0.02403846153846154 0.02403846153846154
0 0.8221153846153847 0.8413461538461539 0.02403846153846154 0.02403846153846154
0 0.6370192307692308 0.8149038461538461 0.02403846153846154 0.02403846153846154
0 0.7548076923076924 0.8004807692307693 0.02403846153846154 0.02403846153846154
0 0.6177884615384616 0.7932692307692308 0.02403846153846154 0.02403846153846154
0 0.795673076923077 0.7860576923076924 0.02403846153846154 0.02403846153846154
0 0.8173076923076924 0.7668269230769231 0.02403846153846154 0.02403846153846154
0 0.6778846153846154 0.7403846153846154 0.02403846153846154 0.02403846153846154
0 0.9086538461538463 0.7379807692307693 0.02403846153846154 0.02403846153846154
0 0.5841346153846154 0.7379807692307693 0.02403846153846154 0.02403846153846154
0 0.6634615384615385 0.7235576923076924 0.02403846153846154 0.02403846153846154
0 0.6009615384615385 0.7067307692307693 0.02403846153846154 0.02403846153846154
0 0.59375 0.6899038461538461 0.02403846153846154 0.02403846153846154
0 0.7379807692307693 0.6418269230769231 0.02403846153846154 0.02403846153846154
0 0.4519230769230769 0.5360576923076923 0.02403846153846154 0.02403846153846154
0 0.41586538461538464 0.5048076923076923 0.02403846153846154 0.02403846153846154
0 0.8413461538461539 0.48557692307692313 0.02403846153846154 0.02403846153846154
0 0.545673076923077 0.4254807692307693 0.02403846153846154 0.02403846153846154
0 0.6129807692307693 0.42307692307692313 0.02403846153846154 0.02403846153846154
0 0.14182692307692307 0.41105769230769235 0.02403846153846154 0.02403846153846154
0 0.6346153846153847 0.40384615384615385 0.02403846153846154 0.02403846153846154
0 0.9495192307692308 0.3918269230769231 0.02403846153846154 0.02403846153846154
0 0.5528846153846154 0.3822115384615385 0.02403846153846154 0.02403846153846154
0 0.28125 0.34375 0.02403846153846154 0.02403846153846154
0 0.8798076923076924 0.3389423076923077 0.02403846153846154 0.02403846153846154
0 0.7764423076923077 0.2692307692307693 0.02403846153846154 0.02403846153846154
0 0.6610576923076923 0.23317307692307693 0.02403846153846154 0.02403846153846154
0 0.9230769230769231 0.2091346153846154 0.02403846153846154 0.02403846153846154
0 0.9471153846153847 0.19951923076923078 0.02403846153846154 0.02403846153846154
0 0.8461538461538463 0.18990384615384617 0.02403846153846154 0.02403846153846154
0 0.6634615384615385 0.17307692307692307 0.02403846153846154 0.02403846153846154
0 0.5480769230769231 0.15865384615384617 0.02403846153846154 0.02403846153846154
0 0.3004807692307693 0.14903846153846154 0.02403846153846154 0.02403846153846154
0 0.9375 0.13701923076923078 0.02403846153846154 0.02403846153846154
0 0.8076923076923077 0.9591346153846154 0.02403846153846154 0.02403846153846154
0 0.7884615384615385 0.9639423076923077 0.02403846153846154 0.02403846153846154
0 0.7596153846153847 0.9423076923076924 0.02403846153846154 0.02403846153846154
0 0.6225961538461539 0.9615384615384616 0.02403846153846154 0.02403846153846154
0 0.5721153846153847 0.8413461538461539 0.02403846153846154 0.02403846153846154
0 0.8317307692307693 0.8197115384615385 0.02403846153846154 0.02403846153846154
0 0.65625 0.7475961538461539 0.02403846153846154 0.02403846153846154
0 0.8341346153846154 0.6634615384615385 0.02403846153846154 0.02403846153846154
0 0.8076923076923077 0.639423076923077 0.02403846153846154 0.02403846153846154
0 0.8774038461538463 0.4086538461538462 0.02403846153846154 0.02403846153846154
0 0.7884615384615385 0.4326923076923077 0.02403846153846154 0.02403846153846154
0 0.8557692307692308 0.3317307692307693 0.02403846153846154 0.02403846153846154
0 0.2091346153846154 0.9278846153846154 0.02403846153846154 0.02403846153846154
0 0.5384615384615385 0.701923076923077 0.02403846153846154 0.02403846153846154
0 0.47355769230769235 0.733173076923077 0.02403846153846154 0.02403846153846154
0 0.6754807692307693 0.6682692307692308 0.02403846153846154 0.02403846153846154
0 0.7692307692307693 0.5528846153846154 0.02403846153846154 0.02403846153846154
0 0.71875 0.4711538461538462 0.02403846153846154 0.02403846153846154
0 0.7259615384615385 0.34375 0.02403846153846154 0.02403846153846154
0 0.5336538461538461 0.5264423076923077 0.02403846153846154 0.02403846153846154
0 0.6298076923076923 0.34855769230769235 0.02403846153846154 0.02403846153846154
0 0.7379807692307693 0.16346153846153846 0.02403846153846154 0.02403846153846154
0 0.4879807692307693 0.12259615384615385 0.02403846153846154 0.02403846153846154
0 0.5841346153846154 0.03365384615384616 0.02403846153846154 0.02403846153846154
0 0.21153846153846156 0.5721153846153847 0.02403846153846154 0.02403846153846154
0 0.21153846153846156 0.5264423076923077 0.02403846153846154 0.02403846153846154
0 0.4495192307692308 0.13701923076923078 0.02403846153846154 0.02403846153846154
0 0.6129807692307693 0.04326923076923077 0.02403846153846154 0.02403846153846154
0 0.07211538461538462 0.9134615384615385 0.02403846153846154 0.02403846153846154
0 0.22836538461538464 0.4951923076923077 0.02403846153846154 0.02403846153846154
0 0.3870192307692308 0.47355769230769235 0.02403846153846154 0.02403846153846154
0 0.17548076923076925 0.7379807692307693 0.02403846153846154 0.02403846153846154
0 0.038461538461538464 0.71875 0.02403846153846154 0.02403846153846154
0 0.14423076923076925 0.6105769230769231 0.02403846153846154 0.02403846153846154
0 0.22836538461538464 0.21634615384615385 0.02403846153846154 0.02403846153846154
0 0.21875 0.18990384615384617 0.02403846153846154 0.02403846153846154
0 0.11778846153846155 0.31730769230769235 0.02403846153846154 0.02403846153846154
0 0.06730769230769232 0.4447115384615385 0.02403846153846154 0.02403846153846154
0 0.2355769230769231 0.021634615384615384 0.02403846153846154 0.02403846153846154
