0 0.4014423076923077 0.9663461538461539 0.02403846153846154 0.02403846153846154
0 0.24759615384615385 0.9663461538461539 0.02403846153846154 0.02403846153846154
0 0.9567307692307693 0.9543269230769231 0.02403846153846154 0.02403846153846154
0 0.5096153846153847 0.9567307692307693 0.02403846153846154 0.02403846153846154
0 0.90625 0.951923076923077 0.02403846153846154 0.02403846153846154
0 0.49278846153846156 0.9447115384615385 0.02403846153846154 0.02403846153846154
0 0.7379807692307693 0.9399038461538463 0.02403846153846154 0.02403846153846154
0 0.8533653846153847 0.9375 0.02403846153846154 0.02403846153846154
0 0.9711538461538463 0.9302884615384616 0.02403846153846154 0.02403846153846154
0 0.6947115384615385 0.9110576923076924 0.02403846153846154 0.02403846153846154
0 0.9375 0.9086538461538463 0.02403846153846154 0.02403846153846154
0 0.8846153846153847 0.9110576923076924 0.02403846153846154 0.02403846153846154
0 0.7283653846153847 0.8990384615384616 0.02403846153846154 0.02403846153846154
0 0.14423076923076925 0.8966346153846154 0.02403846153846154 0.02403846153846154
0 0.6850961538461539 0.8942307692307693 0.02403846153846154 0.02403846153846154
0 0.4086538461538462 0.8846153846153847 0.02403846153846154 0.02403846153846154
0 0.8149038461538461 0.8798076923076924 0.02403846153846154 0.02403846153846154
0 0.5 0.8653846153846154 0.02403846153846154 0.02403846153846154
0 0.7235576923076924 0.8605769230769231 0.02403846153846154 0.02403846153846154
0 0.028846153846153848 0.8605769230769231 0.02403846153846154 0.02403846153846154
0 0.8629807692307693 0.84375 0.02403846153846154 0.02403846153846154
0 0.29086538461538464 0.8365384615384616 0.02403846153846154 0.02403846153846154
0 0.6033653846153847 0.8293269230769231 0.02403846153846154 0.02403846153846154
0 0.31490384615384615 0.826923076923077 0.02403846153846154 0.02403846153846154
0 0.2139423076923077 0.8173076923076924 0.02403846153846154 0.02403846153846154
0 0.6370192307692308 0.8149038461538461 0.02403846153846154 0.02403846153846154
0 0.03125 0.8004807692307693 0.02403846153846154 0.02403846153846154
0 0.7596153846153847 0.7980769230769231 0.02403846153846154 0.02403846153846154
0 0.49278846153846156 0.7980769230769231 0.02403846153846154 0.02403846153846154
0 0.6947115384615385 0.7692307692307693 0.02403846153846154 0.02403846153846154
0 0.9038461538461539 0.7668269230769231 0.02403846153846154 0.02403846153846154
0 0.30528846153846156 0.764423076923077 0.02403846153846154 0.02403846153846154
0 0.36778846153846156 0.701923076923077 0.02403846153846154 0.02403846153846154
0 0.6538461538461539 0.6754807692307693 0.02403846153846154 0.02403846153846154
0 0.9158653846153847 0.6610576923076923 0.02403846153846154 0.02403846153846154
0 0.6105769230769231 0.6490384615384616 0.02403846153846154 0.02403846153846154
0 0.4903846153846154 0.6322115384615385 0.02403846153846154 0.02403846153846154
0 0.8605769230769231 0.6274038461538461 0.02403846153846154 0.02403846153846154
0 0.3509615384615385 0.6129807692307693 0.02403846153846154 0.02403846153846154
0 0.9326923076923077 0.608173076923077 0.02403846153846154 0.02403846153846154
0 0.6057692307692308 0.6009615384615385 0.02403846153846154 0.02403846153846154
0 0.5264423076923077 0.5985576923076923 0.02403846153846154 0.02403846153846154
0 0.48557692307692313 0.59375 0.02403846153846154 0.02403846153846154
0 0.18990384615384617 0.5865384615384616 0.02403846153846154 0.02403846153846154
0 0.7548076923076924 0.576923076923077 0.02403846153846154 0.02403846153846154
0 0.5168269230769231 0.5745192307692308 0.02403846153846154 0.02403846153846154
0 0.8028846153846154 0.5480769230769231 0.02403846153846154 0.02403846153846154
0 0.5721153846153847 0.5408653846153847 0.02403846153846154 0.02403846153846154
0 0.47355769230769235 0.5408653846153847 0.02403846153846154 0.02403846153846154
0 0.9038461538461539 0.5240384615384616 0.02403846153846154 0.02403846153846154
0 0.6802884615384616 0.5264423076923077 0.02403846153846154 0.02403846153846154
0 0.5745192307692308 0.5216346153846154 0.02403846153846154 0.02403846153846154
0 0.19230769230769232 0.514423076923077 0.02403846153846154 0.02403846153846154
0 0.4951923076923077 0.5048076923076923 0.02403846153846154 0.02403846153846154
0 0.7596153846153847 0.5024038461538461 0.02403846153846154 0.02403846153846154
0 0.6346153846153847 0.49759615384615385 0.02403846153846154 0.02403846153846154
0 0.5865384615384616 0.46634615384615385 0.02403846153846154 0.02403846153846154
0 0.764423076923077 0.45432692307692313 0.02403846153846154 0.02403846153846154
0 0.05048076923076923 0.45432692307692313 0.02403846153846154 0.02403846153846154
0 0.6225961538461539 0.44711538461538464 0.02403846153846154 0.02403846153846154
0 0.4567307692307693 0.44230769230769235 0.02403846153846154 0.02403846153846154
0 0.7836538461538461 0.4399038461538462 0.02403846153846154 0.02403846153846154
0 0.3605769230769231 0.4399038461538462 0.02403846153846154 0.02403846153846154
0 0.8846153846153847 0.4375 0.02403846153846154 0.02403846153846154
0 0.545673076923077 0.4326923076923077 0.02403846153846154 0.02403846153846154
0 0.920673076923077 0.43028846153846156 0.02403846153846154 0.02403846153846154
0 0.3942307692307693 0.43028846153846156 0.02403846153846154 0.02403846153846154
0 0.06971153846153846 0.43028846153846156 0.02403846153846154 0.02403846153846154
0 0.4879807692307693 0.4206730769230769 0.02403846153846154 0.02403846153846154
0 0.24759615384615385 0.37980769230769235 0.02403846153846154 0.02403846153846154
0 0.11298076923076923 0.375 0.02403846153846154 0.02403846153846154
0 0.49278846153846156 0.34855769230769235 0.02403846153846154 0.02403846153846154
0 0.057692307692307696 0.34134615384615385 0.02403846153846154 0.02403846153846154
0 0.625 0.3317307692307693 0.02403846153846154 0.02403846153846154
0 0.3581730769230769 0.3317307692307693 0.02403846153846154 0.02403846153846154
0 0.2451923076923077 0.3245192307692308 0.02403846153846154 0.02403846153846154
0 0.4639423076923077 0.31730769230769235 0.02403846153846154 0.02403846153846154
0 0.5528846153846154 0.28365384615384615 0.02403846153846154 0.02403846153846154
0 0.35336538461538464 0.28605769230769235 0.02403846153846154 0.02403846153846154
0 0.10096153846153846 0.28125 0.02403846153846154 0.02403846153846154
0 0.29086538461538464 0.2620192307692308 0.02403846153846154 0.02403846153846154
0 0.7211538461538461 0.25480769230769235 0.02403846153846154 0.02403846153846154
0 0.9615384615384616 0.2451923076923077 0.02403846153846154 0.02403846153846154
0 0.5865384615384616 0.21875 0.02403846153846154 0.02403846153846154
0 0.7620192307692308 0.2091346153846154 0.02403846153846154 0.02403846153846154
0 0.7884615384615385 0.20192307692307693 0.02403846153846154 0.02403846153846154
0 0.5360576923076923 0.19711538461538464 0.02403846153846154 0.02403846153846154
0 0.4326923076923077 0.16105769230769232 0.02403846153846154 0.02403846153846154
0 0.7067307692307693 0.14903846153846154 0.02403846153846154 0.02403846153846154
0 0.6995192307692308 0.12980769230769232 0.02403846153846154 0.02403846153846154
0 0.7355769230769231 0.10817307692307693 0.02403846153846154 0.02403846153846154
0 0.5865384615384616 0.10096153846153846 0.02403846153846154 0.02403846153846154
0 0.41105769230769235 0.10096153846153846 0.02403846153846154 0.02403846153846154
0 0.3293269230769231 0.08653846153846154 0.02403846153846154 0.02403846153846154
0 0.8653846153846154 0.08413461538461539 0.02403846153846154 0.02403846153846154
0 0.96875 0.08173076923076923 0.02403846153846154 0.02403846153846154
0 0.8413461538461539 0.07932692307692309 0.02403846153846154 0.02403846153846154
0 0.6682692307692308 0.07451923076923077 0.02403846153846154 0.02403846153846154
0 0.6201923076923077 0.07451923076923077 0.02403846153846154 0.02403846153846154
0 0.47836538461538464 0.06730769230769232 0.02403846153846154 0.02403846153846154
0 0.41586538461538464 0.06490384615384616 0.02403846153846154 0.02403846153846154
0 0.34375 0.05288461538461539 0.02403846153846154 0.02403846153846154
0 0.4639423076923077 0.04567307692307693 0.02403846153846154 0.02403846153846154
0 0.42307692307692313 0.028846153846153848 0.02403846153846154 0.02403846153846154
0 0.8341346153846154 0.02403846153846154 0.02403846153846154 0.02403846153846154
0 0.47355769230769235 0.02403846153846154 0.02403846153846154 0.02403846153846154
0 0.5528846153846154 0.8605769230769231 0.02403846153846154 0.02403846153846154
0 0.59375 0.7235576923076924 0.02403846153846154 0.02403846153846154
0 0.6298076923076923 0.9086538461538463 0.02403846153846154 0.02403846153846154
0 0.8557692307692308 0.7788461538461539 0.02403846153846154 0.02403846153846154
0 0.8485576923076924 0.7475961538461539 0.02403846153846154 0.02403846153846154
0 0.6850961538461539 0.7980769230769231 0.02403846153846154 0.02403846153846154
0 0.889423076923077 0.2043269230769231 0.02403846153846154 0.02403846153846154
0 0.8846153846153847 0.04807692307692308 0.02403846153846154 0.02403846153846154
0 0.6490384615384616 0.05288461538461539 0.02403846153846154 0.02403846153846154
0 0.5528846153846154 0.11538461538461539 0.02403846153846154 0.02403846153846154
0 0.6322115384615385 0.13461538461538464 0.02403846153846154 0.02403846153846154
0 0.4375 0.03365384615384616 0.02403846153846154 0.02403846153846154
0 0.13221153846153846 0.06490384615384616 0.02403846153846154 0.02403846153846154
0 0.07211538461538462 0.5288461538461539 0.02403846153846154 0.02403846153846154
0 0.125 0.5408653846153847 0.02403846153846154 0.02403846153846154
0 0.2644230769230769 0.4951923076923077 0.02403846153846154 0.02403846153846154
0 0.37980769230769235 0.4519230769230769 0.02403846153846154 0.02403846153846154
0 0.4326923076923077 0.43028846153846156 0.02403846153846154 0.02403846153846154
0 0.3653846153846154 0.5048076923076923 0.02403846153846154 0.02403846153846154
0 0.30528846153846156 0.3966346153846154 0.02403846153846154 0.02403846153846154
0 0.7091346153846154 0.4495192307692308 0.02403846153846154 0.02403846153846154
0 0.6442307692307693 0.37259615384615385 0.02403846153846154 0.02403846153846154
0 0.5552884615384616 0.3076923076923077 0.02403846153846154 0.02403846153846154
0 0.5961538461538461 0.6322115384615385 0.02403846153846154 0.02403846153846154
0 0.625 0.5985576923076923 0.02403846153846154 0.02403846153846154
0 0.5240384615384616 0.6274038461538461 0.02403846153846154 0.02403846153846154
0 0.8870192307692308 0.5841346153846154 0.02403846153846154 0.02403846153846154
0 0.22355769230769232 0.9591346153846154 0.02403846153846154 0.02403846153846154
0 0.09375 0.9711538461538463 0.02403846153846154 0.02403846153846154
0 0.10576923076923078 0.7908653846153847 0.02403846153846154 0.02403846153846154
