0 0.5576923076923077 0.9663461538461539 0.02403846153846154 0.02403846153846154
0 0.5288461538461539 0.96875 0.02403846153846154 0.02403846153846154
0 0.3942307692307693 0.9567307692307693 0.02403846153846154 0.02403846153846154
0 0.9326923076923077 0.9423076923076924 0.02403846153846154 0.02403846153846154
0 0.5168269230769231 0.9302884615384616 0.02403846153846154 0.02403846153846154
0 0.5673076923076923 0.9110576923076924 0.02403846153846154 0.02403846153846154
0 0.4399038461538462 0.9182692307692308 0.02403846153846154 0.02403846153846154
0 0.24278846153846156 0.90625 0.02403846153846154 0.02403846153846154
0 0.20192307692307693 0.9110576923076924 0.02403846153846154 0.02403846153846154
0 0.764423076923077 0.8846153846153847 0.02403846153846154 0.02403846153846154
0 0.733173076923077 0.8725961538461539 0.02403846153846154 0.02403846153846154
0 0.3197115384615385 0.875 0.02403846153846154 0.02403846153846154
0 0.8004807692307693 0.8677884615384616 0.02403846153846154 0.02403846153846154
0 0.25 0.8557692307692308 0.02403846153846154 0.02403846153846154
0 0.3581730769230769 0.8533653846153847 0.02403846153846154 0.02403846153846154
0 0.6995192307692308 0.8485576923076924 0.02403846153846154 0.02403846153846154
0 0.7283653846153847 0.8197115384615385 0.02403846153846154 0.02403846153846154
0 0.6971153846153847 0.8197115384615385 0.02403846153846154 0.02403846153846154
0 0.8413461538461539 0.8173076923076924 0.02403846153846154 0.02403846153846154
0 0.3293269230769231 0.8149038461538461 0.02403846153846154 0.02403846153846154
0 0.7572115384615385 0.7884615384615385 0.02403846153846154 0.02403846153846154
0 0.6298076923076923 0.7836538461538461 0.02403846153846154 0.02403846153846154
0 0.2668269230769231 0.7788461538461539 0.02403846153846154 0.02403846153846154
0 0.5024038461538461 0.7475961538461539 0.02403846153846154 0.02403846153846154
0 0.3125 0.7259615384615385 0.02403846153846154 0.02403846153846154
0 0.5096153846153847 0.7235576923076924 0.02403846153846154 0.02403846153846154
0 0.5841346153846154 0.71875 0.02403846153846154 0.02403846153846154
0 0.5600961538461539 0.6730769230769231 0.02403846153846154 0.02403846153846154
0 0.514423076923077 0.670673076923077 0.02403846153846154 0.02403846153846154
0 0.6682692307692308 0.6586538461538461 0.02403846153846154 0.02403846153846154
0 0.7884615384615385 0.65625 0.02403846153846154 0.02403846153846154
0 0.5384615384615385 0.6418269230769231 0.02403846153846154 0.02403846153846154
0 0.5168269230769231 0.6346153846153847 0.02403846153846154 0.02403846153846154
0 0.4206730769230769 0.6322115384615385 0.02403846153846154 0.02403846153846154
0 0.65625 0.6177884615384616 0.02403846153846154 0.02403846153846154
0 0.8341346153846154 0.6057692307692308 0.02403846153846154 0.02403846153846154
0 0.6850961538461539 0.6057692307692308 0.02403846153846154 0.02403846153846154
0 0.6754807692307693 0.5745192307692308 0.02403846153846154 0.02403846153846154
0 0.5793269230769231 0.5649038461538461 0.02403846153846154 0.02403846153846154
0 0.7692307692307693 0.5649038461538461 0.02403846153846154 0.02403846153846154
0 0.6634615384615385 0.5625 0.02403846153846154 0.02403846153846154
0 0.3341346153846154 0.5504807692307693 0.02403846153846154 0.02403846153846154
0 0.84375 0.5240384615384616 0.02403846153846154 0.02403846153846154
0 0.8725961538461539 0.4831730769230769 0.02403846153846154 0.02403846153846154
0 0.20192307692307693 0.4831730769230769 0.02403846153846154 0.02403846153846154
0 0.4807692307692308 0.4495192307692308 0.02403846153846154 0.02403846153846154
0 0.03125 0.4447115384615385 0.02403846153846154 0.02403846153846154
0 0.764423076923077 0.44711538461538464 0.02403846153846154 0.02403846153846154
0 0.6009615384615385 0.43509615384615385 0.02403846153846154 0.02403846153846154
0 0.3605769230769231 0.4206730769230769 0.02403846153846154 0.02403846153846154
0 0.9038461538461539 0.4182692307692308 0.02403846153846154 0.02403846153846154
0 0.4711538461538462 0.39903846153846156 0.02403846153846154 0.02403846153846154
0 0.45432692307692313 0.3894230769230769 0.02403846153846154 0.02403846153846154
0 0.6658653846153847 0.3822115384615385 0.02403846153846154 0.02403846153846154
0 0.36778846153846156 0.3774038461538462 0.02403846153846154 0.02403846153846154
0 0.6346153846153847 0.37259615384615385 0.02403846153846154 0.02403846153846154
0 0.3389423076923077 0.3629807692307693 0.02403846153846154 0.02403846153846154
0 0.6538461538461539 0.35336538461538464 0.02403846153846154 0.02403846153846154
0 0.5480769230769231 0.35336538461538464 0.02403846153846154 0.02403846153846154
0 0.7716346153846154 0.3269230769230769 0.02403846153846154 0.02403846153846154
0 0.7307692307692308 0.3245192307692308 0.02403846153846154 0.02403846153846154
0 0.6682692307692308 0.32211538461538464 0.02403846153846154 0.02403846153846154
0 0.4831730769230769 0.31490384615384615 0.02403846153846154 0.02403846153846154
0 0.27403846153846156 0.3028846153846154 0.02403846153846154 0.02403846153846154
0 0.7427884615384616 0.3004807692307693 0.02403846153846154 0.02403846153846154
0 0.6442307692307693 0.3004807692307693 0.02403846153846154 0.02403846153846154
0 0.3028846153846154 0.2884615384615385 0.02403846153846154 0.02403846153846154
0 0.5673076923076923 0.2716346153846154 0.02403846153846154 0.02403846153846154
0 0.3918269230769231 0.25480769230769235 0.02403846153846154 0.02403846153846154
0 0.5600961538461539 0.2355769230769231 0.02403846153846154 0.02403846153846154
0 0.8966346153846154 0.21153846153846156 0.02403846153846154 0.02403846153846154
0 0.5673076923076923 0.19951923076923078 0.02403846153846154 0.02403846153846154
0 0.6514423076923077 0.1778846153846154 0.02403846153846154 0.02403846153846154
0 0.3629807692307693 0.17548076923076925 0.02403846153846154 0.02403846153846154
0 0.8485576923076924 0.14182692307692307 0.02403846153846154 0.02403846153846154
0 0.31490384615384615 0.13701923076923078 0.02403846153846154 0.02403846153846154
0 0.7235576923076924 0.12259615384615385 0.02403846153846154 0.02403846153846154
0 0.5168269230769231 0.10817307692307693 0.02403846153846154 0.02403846153846154
0 0.5360576923076923 0.08653846153846154 0.02403846153846154 0.02403846153846154
0 0.5841346153846154 0.057692307692307696 0.02403846153846154 0.02403846153846154
0 0.10576923076923078 0.3918269230769231 0.02403846153846154 0.02403846153846154
0 0.0625 0.4086538461538462 0.02403846153846154 0.02403846153846154
0 0.3076923076923077 0.3653846153846154 0.02403846153846154 0.02403846153846154
0 0.23317307692307693 0.41586538461538464 0.02403846153846154 0.02403846153846154
0 0.2884615384615385 0.4014423076923077 0.02403846153846154 0.02403846153846154
0 0.40625 0.40625 0.02403846153846154 0.02403846153846154
0 0.6033653846153847 0.3605769230769231 0.02403846153846154 0.02403846153846154
0 0.43509615384615385 0.31730769230769235 0.02403846153846154 0.02403846153846154
0 0.3629807692307693 0.4807692307692308 0.02403846153846154 0.02403846153846154
0 0.9278846153846154 0.8100961538461539 0.02403846153846154 0.02403846153846154
0 0.9423076923076924 0.75 0.02403846153846154 0.02403846153846154
0 0.7163461538461539 0.701923076923077 0.02403846153846154 0.02403846153846154
0 0.9326923076923077 0.028846153846153848 0.02403846153846154 0.02403846153846154
0 0.8461538461538463 0.05048076923076923 0.02403846153846154 0.02403846153846154
0 0.5240384615384616 0.795673076923077 0.02403846153846154 0.02403846153846154
0 0.5721153846153847 0.84375 0.02403846153846154 0.02403846153846154
0 0.6610576923076923 0.9447115384615385 0.02403846153846154 0.02403846153846154
0 0.6322115384615385 0.9158653846153847 0.02403846153846154 0.02403846153846154
0 0.7740384615384616 0.9567307692307693 0.02403846153846154 0.02403846153846154
0 0.21153846153846156 0.8052884615384616 0.02403846153846154 0.02403846153846154
0 0.25240384615384615 0.8173076923076924 0.02403846153846154 0.02403846153846154
0 0.13221153846153846 0.8076923076923077 0.02403846153846154 0.02403846153846154
0 0.03125 0.9134615384615385 0.02403846153846154 0.02403846153846154
0 0.4134615384615385 0.608173076923077 0.02403846153846154 0.02403846153846154
0 0.5168269230769231 0.4182692307692308 0.02403846153846154 0.02403846153846154
0 0.6322115384615385 0.5072115384615384 0.02403846153846154 0.02403846153846154
0 0.7451923076923077 0.3870192307692308 0.02403846153846154 0.02403846153846154
0 0.7259615384615385 0.45432692307692313 0.02403846153846154 0.02403846153846154
0 0.8100961538461539 0.48557692307692313 0.02403846153846154 0.02403846153846154
0 0.8918269230769231 0.44230769230769235 0.02403846153846154 0.02403846153846154
0 0.8028846153846154 0.4014423076923077 0.02403846153846154 0.02403846153846154
0 0.6682692307692308 0.2355769230769231 0.02403846153846154 0.02403846153846154
0 0.6153846153846154 0.2091346153846154 0.02403846153846154 0.02403846153846154
0 0.4519230769230769 0.13701923076923078 0.02403846153846154 0.02403846153846154
