0 0.6923076923076923 0.9471153846153847 0.02403846153846154 0.02403846153846154
0 0.9230769230769231 0.9158653846153847 0.02403846153846154 0.02403846153846154
0 0.7115384615384616 0.9038461538461539 0.02403846153846154 0.02403846153846154
0 0.7379807692307693 0.9014423076923077 0.02403846153846154 0.02403846153846154
0 0.028846153846153848 0.8677884615384616 0.02403846153846154 0.02403846153846154
0 0.9375 0.8533653846153847 0.02403846153846154 0.02403846153846154
0 0.040865384615384616 0.7884615384615385 0.02403846153846154 0.02403846153846154
0 0.9639423076923077 0.7740384615384616 0.02403846153846154 0.02403846153846154
0 0.7884615384615385 0.7403846153846154 0.02403846153846154 0.02403846153846154
0 0.6105769230769231 0.7403846153846154 0.02403846153846154 0.02403846153846154
0 0.9399038461538463 0.7283653846153847 0.02403846153846154 0.02403846153846154
0 0.4254807692307693 0.7235576923076924 0.02403846153846154 0.02403846153846154
0 0.701923076923077 0.701923076923077 0.02403846153846154 0.02403846153846154
0 0.733173076923077 0.6875 0.02403846153846154 0.02403846153846154
0 0.7764423076923077 0.6538461538461539 0.02403846153846154 0.02403846153846154
0 0.7115384615384616 0.6514423076923077 0.02403846153846154 0.02403846153846154
0 0.7980769230769231 0.6322115384615385 0.02403846153846154 0.02403846153846154
0 0.78125 0.608173076923077 0.02403846153846154 0.02403846153846154
0 0.9495192307692308 0.5961538461538461 0.02403846153846154 0.02403846153846154
0 0.7427884615384616 0.5889423076923077 0.02403846153846154 0.02403846153846154
0 0.8485576923076924 0.5817307692307693 0.02403846153846154 0.02403846153846154
0 0.6538461538461539 0.5504807692307693 0.02403846153846154 0.02403846153846154
0 0.9158653846153847 0.5408653846153847 0.02403846153846154 0.02403846153846154
0 0.7091346153846154 0.5360576923076923 0.02403846153846154 0.02403846153846154
0 0.9375 0.5192307692307693 0.02403846153846154 0.02403846153846154
0 0.75 0.5120192307692308 0.02403846153846154 0.02403846153846154
0 0.7788461538461539 0.44711538461538464 0.02403846153846154 0.02403846153846154
0 0.2043269230769231 0.4278846153846154 0.02403846153846154 0.02403846153846154
0 0.8173076923076924 0.41586538461538464 0.02403846153846154 0.02403846153846154
0 0.7836538461538461 0.40625 0.02403846153846154 0.02403846153846154
0 0.5985576923076923 0.3822115384615385 0.02403846153846154 0.02403846153846154
0 0.9663461538461539 0.3605769230769231 0.02403846153846154 0.02403846153846154
0 0.6225961538461539 0.3557692307692308 0.02403846153846154 0.02403846153846154
0 0.7355769230769231 0.3509615384615385 0.02403846153846154 0.02403846153846154
0 0.920673076923077 0.3269230769230769 0.02403846153846154 0.02403846153846154
0 0.8870192307692308 0.2884615384615385 0.02403846153846154 0.02403846153846154
0 0.9495192307692308 0.28605769230769235 0.02403846153846154 0.02403846153846154
0 0.9302884615384616 0.27884615384615385 0.02403846153846154 0.02403846153846154
0 0.9639423076923077 0.2716346153846154 0.02403846153846154 0.02403846153846154
0 0.8918269230769231 0.2716346153846154 0.02403846153846154 0.02403846153846154
0 0.2956730769230769 0.2692307692307693 0.02403846153846154 0.02403846153846154
0 0.9663461538461539 0.25 0.02403846153846154 0.02403846153846154
0 0.16105769230769232 0.2451923076923077 0.02403846153846154 0.02403846153846154
0 0.53125 0.2451923076923077 0.02403846153846154 0.02403846153846154
0 0.8149038461538461 0.19951923076923078 0.02403846153846154 0.02403846153846154
0 0.7740384615384616 0.2043269230769231 0.02403846153846154 0.02403846153846154
0 0.5480769230769231 0.19471153846153846 0.02403846153846154 0.02403846153846154
0 0.8918269230769231 0.16826923076923078 0.02403846153846154 0.02403846153846154
0 0.4903846153846154 0.1514423076923077 0.02403846153846154 0.02403846153846154
0 0.8221153846153847 0.14903846153846154 0.02403846153846154 0.02403846153846154
0 0.9302884615384616 0.1466346153846154 0.02403846153846154 0.02403846153846154
0 0.9014423076923077 0.10817307692307693 0.02403846153846154 0.02403846153846154
0 0.8389423076923077 0.07211538461538462 0.02403846153846154 0.02403846153846154
0 0.8557692307692308 0.96875 0.02403846153846154 0.02403846153846154
0 0.5 0.6009615384615385 0.02403846153846154 0.02403846153846154
0 0.7836538461538461 0.09855769230769232 0.02403846153846154 0.02403846153846154
0 0.8245192307692308 0.11057692307692309 0.02403846153846154 0.02403846153846154
0 0.7043269230769231 0.10096153846153846 0.02403846153846154 0.02403846153846154
0 0.5528846153846154 0.701923076923077 0.02403846153846154 0.02403846153846154
0 0.576923076923077 0.7355769230769231 0.02403846153846154 0.02403846153846154
0 0.5048076923076923 0.7716346153846154 0.02403846153846154 0.02403846153846154
0 0.5504807692307693 0.7764423076923077 0.02403846153846154 0.02403846153846154
0 0.5504807692307693 0.7884615384615385 0.02403846153846154 0.02403846153846154
0 0.4567307692307693 0.9326923076923077 0.02403846153846154 0.02403846153846154
0 0.2932692307692308 0.5745192307692308 0.02403846153846154 0.02403846153846154
0 0.3269230769230769 0.6730769230769231 0.02403846153846154 0.02403846153846154
0 0.28365384615384615 0.3509615384615385 0.02403846153846154 0.02403846153846154
0 0.24278846153846156 0.4206730769230769 0.02403846153846154 0.02403846153846154
0 0.23076923076923078 0.4519230769230769 0.02403846153846154 0.02403846153846154
0 0.3317307692307693 0.18028846153846154 0.02403846153846154 0.02403846153846154
0 0.06730769230769232 0.038461538461538464 0.02403846153846154 0.02403846153846154
0 0.13701923076923078 0.10576923076923078 0.02403846153846154 0.02403846153846154
0 0.13942307692307693 0.4134615384615385 0.02403846153846154 0.02403846153846154
0 0.07692307692307693 0.5889423076923077 0.02403846153846154 0.02403846153846154
0 0.06971153846153846 0.6201923076923077 0.02403846153846154 0.02403846153846154
0 0.6033653846153847 0.20673076923076925 0.02403846153846154 0.02403846153846154
0 0.8461538461538463 0.3629807692307693 0.02403846153846154 0.02403846153846154
0 0.8293269230769231 0.45432692307692313 0.02403846153846154 0.02403846153846154
0 0.8533653846153847 0.6442307692307693 0.02403846153846154 0.02403846153846154
0 0.8966346153846154 0.6442307692307693 0.02403846153846154 0.02403846153846154
0 0.920673076923077 0.7524038461538461 0.02403846153846154 0.02403846153846154
0 0.6923076923076923 0.6682692307692308 0.02403846153846154 0.02403846153846154
