0 0.5336538461538461 0.9134615384615385 0.02403846153846154 0.02403846153846154
0 0.9182692307692308 0.8485576923076924 0.02403846153846154 0.02403846153846154
0 0.14423076923076925 0.8317307692307693 0.02403846153846154 0.02403846153846154
0 0.125 0.6442307692307693 0.02403846153846154 0.02403846153846154
0 0.6971153846153847 0.5528846153846154 0.02403846153846154 0.02403846153846154
0 0.46634615384615385 0.48557692307692313 0.02403846153846154 0.02403846153846154
0 0.5 0.4375 0.02403846153846154 0.02403846153846154
0 0.4567307692307693 0.43509615384615385 0.02403846153846154 0.02403846153846154
0 0.7884615384615385 0.3942307692307693 0.02403846153846154 0.02403846153846154
0 0.6538461538461539 0.3701923076923077 0.02403846153846154 0.02403846153846154
0 0.2620192307692308 0.35336538461538464 0.02403846153846154 0.02403846153846154
0 0.1875 0.3317307692307693 0.02403846153846154 0.02403846153846154
0 0.44230769230769235 0.3076923076923077 0.02403846153846154 0.02403846153846154
0 0.1201923076923077 0.27403846153846156 0.02403846153846154 0.02403846153846154
0 0.14182692307692307 0.2043269230769231 0.02403846153846154 0.02403846153846154
0 0.11057692307692309 0.20192307692307693 0.02403846153846154 0.02403846153846154
0 0.8966346153846154 0.10817307692307693 0.02403846153846154 0.02403846153846154
0 0.7932692307692308 0.0625 0.02403846153846154 0.02403846153846154
0 0.7115384615384616 0.05528846153846154 0.02403846153846154 0.02403846153846154
0 0.701923076923077 0.03125 0.02403846153846154 0.02403846153846154
0 0.6730769230769231 0.028846153846153848 0.02403846153846154 0.02403846153846154
0 0.7860576923076924 0.6995192307692308 0.02403846153846154 0.02403846153846154
0 0.8197115384615385 0.7980769230769231 0.02403846153846154 0.02403846153846154
0 0.7764423076923077 0.4759615384615385 0.02403846153846154 0.02403846153846154
0 0.7355769230769231 0.545673076923077 0.02403846153846154 0.02403846153846154
0 0.7235576923076924 0.576923076923077 0.02403846153846154 0.02403846153846154
0 0.8245192307692308 0.30528846153846156 0.02403846153846154 0.02403846153846154
0 0.4639423076923077 0.10817307692307693 0.02403846153846154 0.02403846153846154
0 0.5600961538461539 0.16346153846153846 0.02403846153846154 0.02403846153846154
0 0.6586538461538461 0.10336538461538462 0.02403846153846154 0.02403846153846154
0 0.9158653846153847 0.057692307692307696 0.02403846153846154 0.02403846153846154
0 0.6298076923076923 0.23076923076923078 0.02403846153846154 0.02403846153846154
0 0.6322115384615385 0.5384615384615385 0.02403846153846154 0.02403846153846154
0 0.5697115384615385 0.7139423076923077 0.02403846153846154 0.02403846153846154
0 0.5625 0.7451923076923077 0.02403846153846154 0.02403846153846154
0 0.38461538461538464 0.701923076923077 0.02403846153846154 0.02403846153846154
0 0.38461538461538464 0.7355769230769231 0.02403846153846154 0.02403846153846154
0 0.2139423076923077 0.9447115384615385 0.02403846153846154 0.02403846153846154
0 0.2644230769230769 0.576923076923077 0.02403846153846154 0.02403846153846154
0 0.15384615384615385 0.5913461538461539 0.02403846153846154 0.02403846153846154
0 0.5 0.37259615384615385 0.02403846153846154 0.02403846153846154
0 0.4759615384615385 0.34615384615384615 0.02403846153846154 0.02403846153846154
0 0.17307692307692307 0.14423076923076925 0.02403846153846154 0.02403846153846154
0 0.28605769230769235 0.10817307692307693 0.02403846153846154 0.02403846153846154
