0 0.9038461538461539 0.8966346153846154 0.02403846153846154 0.02403846153846154
0 0.8317307692307693 0.8918269230769231 0.02403846153846154 0.02403846153846154
0 0.9471153846153847 0.889423076923077 0.02403846153846154 0.02403846153846154
0 0.8533653846153847 0.875 0.02403846153846154 0.02403846153846154
0 0.3701923076923077 0.8701923076923077 0.02403846153846154 0.02403846153846154
0 0.19230769230769232 0.8197115384615385 0.02403846153846154 0.02403846153846154
0 0.8389423076923077 0.8028846153846154 0.02403846153846154 0.02403846153846154
0 0.49759615384615385 0.7740384615384616 0.02403846153846154 0.02403846153846154
0 0.8389423076923077 0.7043269230769231 0.02403846153846154 0.02403846153846154
0 0.7668269230769231 0.7043269230769231 0.02403846153846154 0.02403846153846154
0 0.8557692307692308 0.6971153846153847 0.02403846153846154 0.02403846153846154
0 0.96875 0.670673076923077 0.02403846153846154 0.02403846153846154
0 0.8125 0.59375 0.02403846153846154 0.02403846153846154
0 0.46634615384615385 0.4951923076923077 0.02403846153846154 0.02403846153846154
0 0.47836538461538464 0.4447115384615385 0.02403846153846154 0.02403846153846154
0 0.19230769230769232 0.4206730769230769 0.02403846153846154 0.02403846153846154
0 0.9663461538461539 0.41105769230769235 0.02403846153846154 0.02403846153846154
0 0.7884615384615385 0.2644230769230769 0.02403846153846154 0.02403846153846154
0 0.34134615384615385 0.1466346153846154 0.02403846153846154 0.02403846153846154
0 0.3581730769230769 0.125 0.02403846153846154 0.02403846153846154
0 0.3701923076923077 0.04567307692307693 0.02403846153846154 0.02403846153846154
0 0.8701923076923077 0.7596153846153847 0.02403846153846154 0.02403846153846154
0 0.7403846153846154 0.7788461538461539 0.02403846153846154 0.02403846153846154
0 0.7067307692307693 0.9278846153846154 0.02403846153846154 0.02403846153846154
0 0.8341346153846154 0.028846153846153848 0.02403846153846154 0.02403846153846154
0 0.8798076923076924 0.03365384615384616 0.02403846153846154 0.02403846153846154
0 0.8798076923076924 0.04567307692307693 0.02403846153846154 0.02403846153846154
0 0.7860576923076924 0.18990384615384617 0.02403846153846154 0.02403846153846154
0 0.1778846153846154 0.11538461538461539 0.02403846153846154 0.02403846153846154
0 0.05048076923076923 0.07692307692307693 0.02403846153846154 0.02403846153846154
0 0.07692307692307693 0.5552884615384616 0.02403846153846154 0.02403846153846154
0 0.3269230769230769 0.37980769230769235 0.02403846153846154 0.02403846153846154
0 0.11298076923076923 0.6370192307692308 0.02403846153846154 0.02403846153846154
0 0.10336538461538462 0.6754807692307693 0.02403846153846154 0.02403846153846154
0 0.07451923076923077 0.6923076923076923 0.02403846153846154 0.02403846153846154
0 0.22115384615384617 0.7139423076923077 0.02403846153846154 0.02403846153846154
0 0.5072115384615384 0.6754807692307693 0.02403846153846154 0.02403846153846154
0 0.5216346153846154 0.5408653846153847 0.02403846153846154 0.02403846153846154
0 0.8052884615384616 0.5192307692307693 0.02403846153846154 0.02403846153846154
0 0.6730769230769231 0.4182692307692308 0.02403846153846154 0.02403846153846154
0 0.3581730769230769 0.9711538461538463 0.02403846153846154 0.02403846153846154
0 0.42307692307692313 0.9447115384615385 0.02403846153846154 0.02403846153846154
0 0.46634615384615385 0.9423076923076924 0.02403846153846154 0.02403846153846154
0 0.3653846153846154 0.7620192307692308 0.02403846153846154 0.02403846153846154
0 0.4134615384615385 0.7475961538461539 0.02403846153846154 0.02403846153846154
