0 0.6682692307692308 0.96875 0.02403846153846154 0.02403846153846154
0 0.8725961538461539 0.9567307692307693 0.02403846153846154 0.02403846153846154
0 0.7451923076923077 0.9471153846153847 0.02403846153846154 0.02403846153846154
0 0.8918269230769231 0.9423076923076924 0.02403846153846154 0.02403846153846154
0 0.49278846153846156 0.9350961538461539 0.02403846153846154 0.02403846153846154
0 0.31490384615384615 0.9350961538461539 0.02403846153846154 0.02403846153846154
0 0.6442307692307693 0.9230769230769231 0.02403846153846154 0.02403846153846154
0 0.9543269230769231 0.9182692307692308 0.02403846153846154 0.02403846153846154
0 0.12980769230769232 0.9182692307692308 0.02403846153846154 0.02403846153846154
0 0.40625 0.8966346153846154 0.02403846153846154 0.02403846153846154
0 0.9711538461538463 0.8918269230769231 0.02403846153846154 0.02403846153846154
0 0.8798076923076924 0.8870192307692308 0.02403846153846154 0.02403846153846154
0 0.7836538461538461 0.8822115384615385 0.02403846153846154 0.02403846153846154
0 0.4375 0.8822115384615385 0.02403846153846154 0.02403846153846154
0 0.7548076923076924 0.8653846153846154 0.02403846153846154 0.02403846153846154
0 0.4807692307692308 0.8485576923076924 0.02403846153846154 0.02403846153846154
0 0.8341346153846154 0.8461538461538463 0.02403846153846154 0.02403846153846154
0 0.41586538461538464 0.8461538461538463 0.02403846153846154 0.02403846153846154
0 0.5024038461538461 0.826923076923077 0.02403846153846154 0.02403846153846154
0 0.8942307692307693 0.8149038461538461 0.02403846153846154 0.02403846153846154
0 0.48557692307692313 0.8028846153846154 0.02403846153846154 0.02403846153846154
0 0.6538461538461539 0.7908653846153847 0.02403846153846154 0.02403846153846154
0 0.44711538461538464 0.7836538461538461 0.02403846153846154 0.02403846153846154
0 0.5528846153846154 0.7764423076923077 0.02403846153846154 0.02403846153846154
0 0.8629807692307693 0.7716346153846154 0.02403846153846154 0.02403846153846154
0 0.7355769230769231 0.7692307692307693 0.02403846153846154 0.02403846153846154
0 0.7716346153846154 0.7668269230769231 0.02403846153846154 0.02403846153846154
0 0.7115384615384616 0.7620192307692308 0.02403846153846154 0.02403846153846154
0 0.3581730769230769 0.7451923076923077 0.02403846153846154 0.02403846153846154
0 0.6201923076923077 0.7355769230769231 0.02403846153846154 0.02403846153846154
0 0.71875 0.7307692307692308 0.02403846153846154 0.02403846153846154
0 0.4134615384615385 0.7307692307692308 0.02403846153846154 0.02403846153846154
0 0.6418269230769231 0.7139423076923077 0.02403846153846154 0.02403846153846154
0 0.45432692307692313 0.7067307692307693 0.02403846153846154 0.02403846153846154
0 0.4831730769230769 0.6418269230769231 0.02403846153846154 0.02403846153846154
0 0.7692307692307693 0.6322115384615385 0.02403846153846154 0.02403846153846154
0 0.8293269230769231 0.6225961538461539 0.02403846153846154 0.02403846153846154
0 0.5216346153846154 0.6105769230769231 0.02403846153846154 0.02403846153846154
0 0.4879807692307693 0.6009615384615385 0.02403846153846154 0.02403846153846154
0 0.8149038461538461 0.5985576923076923 0.02403846153846154 0.02403846153846154
0 0.795673076923077 0.5985576923076923 0.02403846153846154 0.02403846153846154
0 0.9663461538461539 0.5913461538461539 0.02403846153846154 0.02403846153846154
0 0.7451923076923077 0.5817307692307693 0.02403846153846154 0.02403846153846154
0 0.3028846153846154 0.576923076923077 0.02403846153846154 0.02403846153846154
0 0.670673076923077 0.5552884615384616 0.02403846153846154 0.02403846153846154
0 0.90625 0.5504807692307693 0.02403846153846154 0.02403846153846154
0 0.3269230769230769 0.5504807692307693 0.02403846153846154 0.02403846153846154
0 0.4399038461538462 0.545673076923077 0.02403846153846154 0.02403846153846154
0 0.6995192307692308 0.5408653846153847 0.02403846153846154 0.02403846153846154
0 0.8052884615384616 0.5288461538461539 0.02403846153846154 0.02403846153846154
0 0.7259615384615385 0.5264423076923077 0.02403846153846154 0.02403846153846154
0 0.625 0.5216346153846154 0.02403846153846154 0.02403846153846154
0 0.875 0.5216346153846154 0.02403846153846154 0.02403846153846154
0 0.951923076923077 0.49278846153846156 0.02403846153846154 0.02403846153846154
0 0.9182692307692308 0.4831730769230769 0.02403846153846154 0.02403846153846154
0 0.5913461538461539 0.4831730769230769 0.02403846153846154 0.02403846153846154
0 0.6538461538461539 0.4807692307692308 0.02403846153846154 0.02403846153846154
0 0.6346153846153847 0.47355769230769235 0.02403846153846154 0.02403846153846154
0 0.6682692307692308 0.46634615384615385 0.02403846153846154 0.02403846153846154
0 0.5961538461538461 0.46634615384615385 0.02403846153846154 0.02403846153846154
0 0.8341346153846154 0.45432692307692313 0.02403846153846154 0.02403846153846154
0 0.8052884615384616 0.4567307692307693 0.02403846153846154 0.02403846153846154
0 0.670673076923077 0.4447115384615385 0.02403846153846154 0.02403846153846154
0 0.2355769230769231 0.4399038461538462 0.02403846153846154 0.02403846153846154
0 0.7932692307692308 0.4182692307692308 0.02403846153846154 0.02403846153846154
0 0.84375 0.39903846153846156 0.02403846153846154 0.02403846153846154
0 0.7163461538461539 0.40625 0.02403846153846154 0.02403846153846154
0 0.5192307692307693 0.3942307692307693 0.02403846153846154 0.02403846153846154
0 0.47836538461538464 0.39903846153846156 0.02403846153846154 0.02403846153846154
0 0.25240384615384615 0.3894230769230769 0.02403846153846154 0.02403846153846154
0 0.5961538461538461 0.3629807692307693 0.02403846153846154 0.02403846153846154
0 0.19471153846153846 0.34615384615384615 0.02403846153846154 0.02403846153846154
0 0.5264423076923077 0.34375 0.02403846153846154 0.02403846153846154
0 0.6346153846153847 0.34134615384615385 0.02403846153846154 0.02403846153846154
0 0.6057692307692308 0.3028846153846154 0.02403846153846154 0.02403846153846154
0 0.90625 0.2716346153846154 0.02403846153846154 0.02403846153846154
0 0.5432692307692308 0.2668269230769231 0.02403846153846154 0.02403846153846154
0 0.7788461538461539 0.2355769230769231 0.02403846153846154 0.02403846153846154
0 0.5889423076923077 0.2139423076923077 0.02403846153846154 0.02403846153846154
0 0.7860576923076924 0.21153846153846156 0.02403846153846154 0.02403846153846154
0 0.8605769230769231 0.20673076923076925 0.02403846153846154 0.02403846153846154
0 0.10817307692307693 0.1778846153846154 0.02403846153846154 0.02403846153846154
0 0.8365384615384616 0.16105769230769232 0.02403846153846154 0.02403846153846154
0 0.7908653846153847 0.15865384615384617 0.02403846153846154 0.02403846153846154
0 0.9447115384615385 0.1466346153846154 0.02403846153846154 0.02403846153846154
0 0.8149038461538461 0.12980769230769232 0.02403846153846154 0.02403846153846154
0 0.7932692307692308 0.12259615384615385 0.02403846153846154 0.02403846153846154
0 0.6971153846153847 0.1201923076923077 0.02403846153846154 0.02403846153846154
0 0.9326923076923077 0.10576923076923078 0.02403846153846154 0.02403846153846154
0 0.9615384615384616 0.09375 0.02403846153846154 0.02403846153846154
0 0.951923076923077 0.0625 0.02403846153846154 0.02403846153846154
0 0.8557692307692308 0.05288461538461539 0.02403846153846154 0.02403846153846154
0 0.9399038461538463 0.05048076923076923 0.02403846153846154 0.02403846153846154
0 0.6105769230769231 0.038461538461538464 0.02403846153846154 0.02403846153846154
0 0.90625 0.8341346153846154 0.02403846153846154 0.02403846153846154
0 0.9495192307692308 0.701923076923077 0.02403846153846154 0.02403846153846154
0 0.84375 0.6947115384615385 0.02403846153846154 0.02403846153846154
0 0.8004807692307693 0.28365384615384615 0.02403846153846154 0.02403846153846154
0 0.8485576923076924 0.3317307692307693 0.02403846153846154 0.02403846153846154
0 0.9375 0.4326923076923077 0.02403846153846154 0.02403846153846154
0 0.9086538461538463 0.40384615384615385 0.02403846153846154 0.02403846153846154
0 0.9230769230769231 0.5913461538461539 0.02403846153846154 0.02403846153846154
0 0.90625 0.5745192307692308 0.02403846153846154 0.02403846153846154
0 0.2043269230769231 0.795673076923077 0.02403846153846154 0.02403846153846154
0 0.4879807692307693 0.2932692307692308 0.02403846153846154 0.02403846153846154
0 0.5288461538461539 0.30528846153846156 0.02403846153846154 0.02403846153846154
0 0.4086538461538462 0.2956730769230769 0.02403846153846154 0.02403846153846154
0 0.2572115384615385 0.8966346153846154 0.02403846153846154 0.02403846153846154
0 0.28125 0.9302884615384616 0.02403846153846154 0.02403846153846154
0 0.2091346153846154 0.9663461538461539 0.02403846153846154 0.02403846153846154
0 0.25480769230769235 0.9711538461538463 0.02403846153846154 0.02403846153846154
0 0.03125 0.8677884615384616 0.02403846153846154 0.02403846153846154
0 0.03605769230769231 0.375 0.02403846153846154 0.02403846153846154
0 0.12740384615384617 0.12740384615384617 0.02403846153846154 0.02403846153846154
0 0.3076923076923077 0.4014423076923077 0.02403846153846154 0.02403846153846154
0 0.5504807692307693 0.5576923076923077 0.02403846153846154 0.02403846153846154
0 0.5336538461538461 0.6490384615384616 0.02403846153846154 0.02403846153846154
0 0.5576923076923077 0.8389423076923077 0.02403846153846154 0.02403846153846154
0 0.6009615384615385 0.8389423076923077 0.02403846153846154 0.02403846153846154
0 0.625 0.9471153846153847 0.02403846153846154 0.02403846153846154
0 0.7620192307692308 0.951923076923077 0.02403846153846154 0.02403846153846154
0 0.3966346153846154 0.8629807692307693 0.02403846153846154 0.02403846153846154
0 0.6899038461538461 0.09615384615384616 0.02403846153846154 0.02403846153846154
