0 0.9615384615384616 0.951923076923077 0.02403846153846154 0.02403846153846154
0 0.20192307692307693 0.8221153846153847 0.02403846153846154 0.02403846153846154
0 0.6322115384615385 0.8004807692307693 0.02403846153846154 0.02403846153846154
0 0.31009615384615385 0.639423076923077 0.02403846153846154 0.02403846153846154
0 0.8028846153846154 0.6370192307692308 0.02403846153846154 0.02403846153846154
0 0.625 0.5865384615384616 0.02403846153846154 0.02403846153846154
0 0.9302884615384616 0.5408653846153847 0.02403846153846154 0.02403846153846154
0 0.22115384615384617 0.4086538461538462 0.02403846153846154 0.02403846153846154
0 0.17548076923076925 0.35336538461538464 0.02403846153846154 0.02403846153846154
0 0.8990384615384616 0.2620192307692308 0.02403846153846154 0.02403846153846154
0 0.9110576923076924 0.21153846153846156 0.02403846153846154 0.02403846153846154
0 0.625 0.1875 0.02403846153846154 0.02403846153846154
0 0.5096153846153847 0.32211538461538464 0.02403846153846154 0.02403846153846154
0 0.7596153846153847 0.1466346153846154 0.02403846153846154 0.02403846153846154
0 0.4519230769230769 0.3293269230769231 0.02403846153846154 0.02403846153846154
0 0.545673076923077 0.40384615384615385 0.02403846153846154 0.02403846153846154
0 0.5360576923076923 0.44230769230769235 0.02403846153846154 0.02403846153846154
0 0.5072115384615384 0.4591346153846154 0.02403846153846154 0.02403846153846154
0 0.6538461538461539 0.4807692307692308 0.02403846153846154 0.02403846153846154
0 0.9399038461538463 0.44230769230769235 0.02403846153846154 0.02403846153846154
0 0.9543269230769231 0.3076923076923077 0.02403846153846154 0.02403846153846154
0 0.8701923076923077 0.9278846153846154 0.02403846153846154 0.02403846153846154
0 0.7908653846153847 0.7379807692307693 0.02403846153846154 0.02403846153846154
0 0.8557692307692308 0.7115384615384616 0.02403846153846154 0.02403846153846154
0 0.8990384615384616 0.7091346153846154 0.02403846153846154 0.02403846153846154
0 0.6826923076923077 0.7932692307692308 0.02403846153846154 0.02403846153846154
0 0.5889423076923077 0.8389423076923077 0.02403846153846154 0.02403846153846154
0 0.4375 0.8221153846153847 0.02403846153846154 0.02403846153846154
0 0.3653846153846154 0.8942307692307693 0.02403846153846154 0.02403846153846154
0 0.3509615384615385 0.8701923076923077 0.02403846153846154 0.02403846153846154
0 0.18028846153846154 0.6322115384615385 0.02403846153846154 0.02403846153846154
0 0.11778846153846155 0.49759615384615385 0.02403846153846154 0.02403846153846154
0 0.05528846153846154 0.6274038461538461 0.02403846153846154 0.02403846153846154
0 0.06730769230769232 0.5552884615384616 0.02403846153846154 0.02403846153846154
0 0.07692307692307693 0.9038461538461539 0.02403846153846154 0.02403846153846154
0 0.8653846153846154 0.8052884615384616 0.02403846153846154 0.02403846153846154
0 0.9230769230769231 0.7451923076923077 0.02403846153846154 0.02403846153846154
0 0.7980769230769231 0.5288461538461539 0.02403846153846154 0.02403846153846154
0 0.8461538461538463 0.514423076923077 0.02403846153846154 0.02403846153846154
0 0.7980769230769231 0.96875 0.02403846153846154 0.02403846153846154
