0 0.9350961538461539 0.9567307692307693 0.02403846153846154 0.02403846153846154
0 0.545673076923077 0.875 0.02403846153846154 0.02403846153846154
0 0.05288461538461539 0.8197115384615385 0.02403846153846154 0.02403846153846154
0 0.2956730769230769 0.7283653846153847 0.02403846153846154 0.02403846153846154
0 0.5264423076923077 0.6875 0.02403846153846154 0.02403846153846154
0 0.3942307692307693 0.639423076923077 0.02403846153846154 0.02403846153846154
0 0.8677884615384616 0.5288461538461539 0.02403846153846154 0.02403846153846154
0 0.9014423076923077 0.4807692307692308 0.02403846153846154 0.02403846153846154
0 0.858173076923077 0.47836538461538464 0.02403846153846154 0.02403846153846154
0 0.3581730769230769 0.4639423076923077 0.02403846153846154 0.02403846153846154
0 0.6634615384615385 0.3966346153846154 0.02403846153846154 0.02403846153846154
0 0.5889423076923077 0.375 0.02403846153846154 0.02403846153846154
0 0.84375 0.3509615384615385 0.02403846153846154 0.02403846153846154
0 0.5216346153846154 0.31730769230769235 0.02403846153846154 0.02403846153846154
0 0.5432692307692308 0.24759615384615385 0.02403846153846154 0.02403846153846154
0 0.5120192307692308 0.2451923076923077 0.02403846153846154 0.02403846153846154
0 0.8365384615384616 0.05288461538461539 0.02403846153846154 0.02403846153846154
0 0.8653846153846154 0.1514423076923077 0.02403846153846154 0.02403846153846154
0 0.9615384615384616 0.20673076923076925 0.02403846153846154 0.02403846153846154
0 0.9711538461538463 0.7572115384615385 0.02403846153846154 0.02403846153846154
0 0.9639423076923077 0.7884615384615385 0.02403846153846154 0.02403846153846154
0 0.7860576923076924 0.7451923076923077 0.02403846153846154 0.02403846153846154
0 0.7860576923076924 0.7788461538461539 0.02403846153846154 0.02403846153846154
0 0.6658653846153847 0.6201923076923077 0.02403846153846154 0.02403846153846154
0 0.5552884615384616 0.6346153846153847 0.02403846153846154 0.02403846153846154
0 0.9014423076923077 0.41586538461538464 0.02403846153846154 0.02403846153846154
0 0.8774038461538463 0.3894230769230769 0.02403846153846154 0.02403846153846154
0 0.5745192307692308 0.1875 0.02403846153846154 0.02403846153846154
0 0.6875 0.1514423076923077 0.02403846153846154 0.02403846153846154
0 0.3701923076923077 0.15625 0.02403846153846154 0.02403846153846154
0 0.23317307692307693 0.18509615384615385 0.02403846153846154 0.02403846153846154
0 0.10336538461538462 0.2572115384615385 0.02403846153846154 0.02403846153846154
