0 0.8389423076923077 0.9495192307692308 0.02403846153846154 0.02403846153846154
0 0.9663461538461539 0.9399038461538463 0.02403846153846154 0.02403846153846154
0 0.7548076923076924 0.8846153846153847 0.02403846153846154 0.02403846153846154
0 0.5649038461538461 0.8822115384615385 0.02403846153846154 0.02403846153846154
0 0.7980769230769231 0.8221153846153847 0.02403846153846154 0.02403846153846154
0 0.8173076923076924 0.7788461538461539 0.02403846153846154 0.02403846153846154
0 0.84375 0.7764423076923077 0.02403846153846154 0.02403846153846154
0 0.11778846153846155 0.764423076923077 0.02403846153846154 0.02403846153846154
0 0.13461538461538464 0.7427884615384616 0.02403846153846154 0.02403846153846154
0 0.1466346153846154 0.6634615384615385 0.02403846153846154 0.02403846153846154
0 0.8942307692307693 0.6153846153846154 0.02403846153846154 0.02403846153846154
0 0.7163461538461539 0.6153846153846154 0.02403846153846154 0.02403846153846154
0 0.53125 0.5985576923076923 0.02403846153846154 0.02403846153846154
0 0.8076923076923077 0.576923076923077 0.02403846153846154 0.02403846153846154
0 0.8389423076923077 0.5625 0.02403846153846154 0.02403846153846154
0 0.8822115384615385 0.5288461538461539 0.02403846153846154 0.02403846153846154
0 0.8173076923076924 0.5264423076923077 0.02403846153846154 0.02403846153846154
0 0.9038461538461539 0.5072115384615384 0.02403846153846154 0.02403846153846154
0 0.8870192307692308 0.4831730769230769 0.02403846153846154 0.02403846153846154
0 0.8485576923076924 0.4639423076923077 0.02403846153846154 0.02403846153846154
0 0.9543269230769231 0.4567307692307693 0.02403846153846154 0.02403846153846154
0 0.7596153846153847 0.4254807692307693 0.02403846153846154 0.02403846153846154
0 0.8149038461538461 0.41105769230769235 0.02403846153846154 0.02403846153846154
0 0.8557692307692308 0.3870192307692308 0.02403846153846154 0.02403846153846154
0 0.8846153846153847 0.32211538461538464 0.02403846153846154 0.02403846153846154
0 0.31009615384615385 0.3028846153846154 0.02403846153846154 0.02403846153846154
0 0.9230769230769231 0.29086538461538464 0.02403846153846154 0.02403846153846154
0 0.889423076923077 0.28125 0.02403846153846154 0.02403846153846154
0 0.7043269230769231 0.2572115384615385 0.02403846153846154 0.02403846153846154
0 0.07932692307692309 0.2355769230769231 0.02403846153846154 0.02403846153846154
0 0.7283653846153847 0.23076923076923078 0.02403846153846154 0.02403846153846154
0 0.8413461538461539 0.22596153846153846 0.02403846153846154 0.02403846153846154
0 0.11298076923076923 0.1875 0.02403846153846154 0.02403846153846154
0 0.06971153846153846 0.18509615384615385 0.02403846153846154 0.02403846153846154
0 0.4014423076923077 0.14423076923076925 0.02403846153846154 0.02403846153846154
0 0.2668269230769231 0.1201923076923077 0.02403846153846154 0.02403846153846154
0 0.6370192307692308 0.1201923076923077 0.02403846153846154 0.02403846153846154
0 0.920673076923077 0.07451923076923077 0.02403846153846154 0.02403846153846154
0 0.8798076923076924 0.07932692307692309 0.02403846153846154 0.02403846153846154
0 0.6538461538461539 0.06971153846153846 0.02403846153846154 0.02403846153846154
0 0.05528846153846154 0.057692307692307696 0.02403846153846154 0.02403846153846154
0 0.5961538461538461 0.026442307692307696 0.02403846153846154 0.02403846153846154
0 0.9278846153846154 0.02403846153846154 0.02403846153846154 0.02403846153846154
0 0.9615384615384616 0.84375 0.02403846153846154 0.02403846153846154
0 0.9399038461538463 0.8533653846153847 0.02403846153846154 0.02403846153846154
0 0.9254807692307693 0.9158653846153847 0.02403846153846154 0.02403846153846154
0 0.6057692307692308 0.4759615384615385 0.02403846153846154 0.02403846153846154
0 0.6586538461538461 0.576923076923077 0.02403846153846154 0.02403846153846154
0 0.6826923076923077 0.6105769230769231 0.02403846153846154 0.02403846153846154
0 0.6105769230769231 0.6466346153846154 0.02403846153846154 0.02403846153846154
0 0.65625 0.6514423076923077 0.02403846153846154 0.02403846153846154
0 0.65625 0.6634615384615385 0.02403846153846154 0.02403846153846154
0 0.5625 0.8076923076923077 0.02403846153846154 0.02403846153846154
0 0.39903846153846156 0.4495192307692308 0.02403846153846154 0.02403846153846154
0 0.4326923076923077 0.5480769230769231 0.02403846153846154 0.02403846153846154
0 0.3894230769230769 0.22596153846153846 0.02403846153846154 0.02403846153846154
0 0.34855769230769235 0.2956730769230769 0.02403846153846154 0.02403846153846154
0 0.33653846153846156 0.3269230769230769 0.02403846153846154 0.02403846153846154
0 0.4375 0.05528846153846154 0.02403846153846154 0.02403846153846154
0 0.2451923076923077 0.2884615384615385 0.02403846153846154 0.02403846153846154
0 0.1826923076923077 0.4639423076923077 0.02403846153846154 0.02403846153846154
0 0.17548076923076925 0.4951923076923077 0.02403846153846154 0.02403846153846154
0 0.7091346153846154 0.08173076923076923 0.02403846153846154 0.02403846153846154
0 0.951923076923077 0.23798076923076925 0.02403846153846154 0.02403846153846154
0 0.9350961538461539 0.3293269230769231 0.02403846153846154 0.02403846153846154
0 0.11298076923076923 0.12259615384615385 0.02403846153846154 0.02403846153846154
0 0.0889423076923077 0.09615384615384616 0.02403846153846154 0.02403846153846154
0 0.9591346153846154 0.5192307692307693 0.02403846153846154 0.02403846153846154
0 0.7980769230769231 0.5432692307692308 0.02403846153846154 0.02403846153846154
