0 0.3774038461538462 0.9326923076923077 0.02403846153846154 0.02403846153846154
0 0.3341346153846154 0.9302884615384616 0.02403846153846154 0.02403846153846154
0 0.6658653846153847 0.889423076923077 0.02403846153846154 0.02403846153846154
0 0.53125 0.8653846153846154 0.02403846153846154 0.02403846153846154
0 0.9014423076923077 0.8653846153846154 0.02403846153846154 0.02403846153846154
0 0.13942307692307693 0.8485576923076924 0.02403846153846154 0.02403846153846154
0 0.06490384615384616 0.826923076923077 0.02403846153846154 0.02403846153846154
0 0.9182692307692308 0.8149038461538461 0.02403846153846154 0.02403846153846154
0 0.3197115384615385 0.8028846153846154 0.02403846153846154 0.02403846153846154
0 0.8605769230769231 0.7716346153846154 0.02403846153846154 0.02403846153846154
0 0.7740384615384616 0.6033653846153847 0.02403846153846154 0.02403846153846154
0 0.670673076923077 0.5576923076923077 0.02403846153846154 0.02403846153846154
0 0.5889423076923077 0.5504807692307693 0.02403846153846154 0.02403846153846154
0 0.5793269230769231 0.5264423076923077 0.02403846153846154 0.02403846153846154
0 0.5504807692307693 0.5240384615384616 0.02403846153846154 0.02403846153846154
0 0.3125 0.5048076923076923 0.02403846153846154 0.02403846153846154
0 0.45432692307692313 0.4759615384615385 0.02403846153846154 0.02403846153846154
0 0.43509615384615385 0.4375 0.02403846153846154 0.02403846153846154
0 0.9375 0.41586538461538464 0.02403846153846154 0.02403846153846154
0 0.5408653846153847 0.40384615384615385 0.02403846153846154 0.02403846153846154
0 0.16826923076923078 0.4014423076923077 0.02403846153846154 0.02403846153846154
0 0.07692307692307693 0.3605769230769231 0.02403846153846154 0.02403846153846154
0 0.49759615384615385 0.34855769230769235 0.02403846153846154 0.02403846153846154
0 0.6057692307692308 0.30528846153846156 0.02403846153846154 0.02403846153846154
0 0.8485576923076924 0.2644230769230769 0.02403846153846154 0.02403846153846154
0 0.9639423076923077 0.23076923076923078 0.02403846153846154 0.02403846153846154
0 0.545673076923077 0.2091346153846154 0.02403846153846154 0.02403846153846154
0 0.9399038461538463 0.15384615384615385 0.02403846153846154 0.02403846153846154
0 0.9278846153846154 0.07692307692307693 0.02403846153846154 0.02403846153846154
0 0.6274038461538461 0.026442307692307696 0.02403846153846154 0.02403846153846154
0 0.47355769230769235 0.026442307692307696 0.02403846153846154 0.02403846153846154
0 0.7836538461538461 0.25240384615384615 0.02403846153846154 0.02403846153846154
0 0.6538461538461539 0.9711538461538463 0.02403846153846154 0.02403846153846154
0 0.701923076923077 0.8004807692307693 0.02403846153846154 0.02403846153846154
0 0.5432692307692308 0.15865384615384617 0.02403846153846154 0.02403846153846154
0 0.4326923076923077 0.07451923076923077 0.02403846153846154 0.02403846153846154
0 0.4182692307692308 0.18990384615384617 0.02403846153846154 0.02403846153846154
0 0.32211538461538464 0.20673076923076925 0.02403846153846154 0.02403846153846154
0 0.2355769230769231 0.2572115384615385 0.02403846153846154 0.02403846153846154
0 0.16105769230769232 0.18028846153846154 0.02403846153846154 0.02403846153846154
0 0.34134615384615385 0.6033653846153847 0.02403846153846154 0.02403846153846154
0 0.4375 0.6586538461538461 0.02403846153846154 0.02403846153846154
0 0.5360576923076923 0.5985576923076923 0.02403846153846154 0.02403846153846154
0 0.5024038461538461 0.45432692307692313 0.02403846153846154 0.02403846153846154
0 0.5072115384615384 0.48557692307692313 0.02403846153846154 0.02403846153846154
0 0.6057692307692308 0.4951923076923077 0.02403846153846154 0.02403846153846154
0 0.7932692307692308 0.5528846153846154 0.02403846153846154 0.02403846153846154
0 0.5072115384615384 0.7259615384615385 0.02403846153846154 0.02403846153846154
0 0.3774038461538462 0.8677884615384616 0.02403846153846154 0.02403846153846154
0 0.35336538461538464 0.8413461538461539 0.02403846153846154 0.02403846153846154
0 0.05048076923076923 0.639423076923077 0.02403846153846154 0.02403846153846154
0 0.16346153846153846 0.6033653846153847 0.02403846153846154 0.02403846153846154
