0 0.625 0.9591346153846154 0.02403846153846154 0.02403846153846154
0 0.6418269230769231 0.9375 0.02403846153846154 0.02403846153846154
0 0.6538461538461539 0.858173076923077 0.02403846153846154 0.02403846153846154
0 0.2644230769230769 0.7764423076923077 0.02403846153846154 0.02403846153846154
0 0.2451923076923077 0.5889423076923077 0.02403846153846154 0.02403846153846154
0 0.11298076923076923 0.5408653846153847 0.02403846153846154 0.02403846153846154
0 0.8173076923076924 0.49759615384615385 0.02403846153846154 0.02403846153846154
0 0.5865384615384616 0.43028846153846156 0.02403846153846154 0.02403846153846154
0 0.6201923076923077 0.3822115384615385 0.02403846153846154 0.02403846153846154
0 0.576923076923077 0.37980769230769235 0.02403846153846154 0.02403846153846154
0 0.07692307692307693 0.3653846153846154 0.02403846153846154 0.02403846153846154
0 0.9086538461538463 0.3389423076923077 0.02403846153846154 0.02403846153846154
0 0.7740384615384616 0.31490384615384615 0.02403846153846154 0.02403846153846154
0 0.3822115384615385 0.2980769230769231 0.02403846153846154 0.02403846153846154
0 0.3076923076923077 0.2764423076923077 0.02403846153846154 0.02403846153846154
0 0.5625 0.25240384615384615 0.02403846153846154 0.02403846153846154
0 0.2403846153846154 0.21875 0.02403846153846154 0.02403846153846154
0 0.2620192307692308 0.14903846153846154 0.02403846153846154 0.02403846153846154
0 0.23076923076923078 0.1466346153846154 0.02403846153846154 0.02403846153846154
0 0.90625 0.6442307692307693 0.02403846153846154 0.02403846153846154
0 0.9399038461538463 0.7427884615384616 0.02403846153846154 0.02403846153846154
0 0.8966346153846154 0.4206730769230769 0.02403846153846154 0.02403846153846154
0 0.8557692307692308 0.4903846153846154 0.02403846153846154 0.02403846153846154
0 0.84375 0.5216346153846154 0.02403846153846154 0.02403846153846154
0 0.9447115384615385 0.25 0.02403846153846154 0.02403846153846154
0 0.5841346153846154 0.05288461538461539 0.02403846153846154 0.02403846153846154
0 0.6802884615384616 0.10817307692307693 0.02403846153846154 0.02403846153846154
0 0.7788461538461539 0.04807692307692308 0.02403846153846154 0.02403846153846154
0 0.75 0.17548076923076925 0.02403846153846154 0.02403846153846154
0 0.7524038461538461 0.4831730769230769 0.02403846153846154 0.02403846153846154
0 0.6899038461538461 0.6586538461538461 0.02403846153846154 0.02403846153846154
0 0.6826923076923077 0.6899038461538461 0.02403846153846154 0.02403846153846154
0 0.5048076923076923 0.6466346153846154 0.02403846153846154 0.02403846153846154
0 0.5048076923076923 0.6802884615384616 0.02403846153846154 0.02403846153846154
0 0.46153846153846156 0.9278846153846154 0.02403846153846154 0.02403846153846154
0 0.3341346153846154 0.889423076923077 0.02403846153846154 0.02403846153846154
0 0.38461538461538464 0.5216346153846154 0.02403846153846154 0.02403846153846154
0 0.27403846153846156 0.5360576923076923 0.02403846153846154 0.02403846153846154
0 0.6201923076923077 0.31730769230769235 0.02403846153846154 0.02403846153846154
0 0.5961538461538461 0.29086538461538464 0.02403846153846154 0.02403846153846154
0 0.2932692307692308 0.0889423076923077 0.02403846153846154 0.02403846153846154
0 0.40625 0.05288461538461539 0.02403846153846154 0.02403846153846154
0 0.0889423076923077 0.057692307692307696 0.02403846153846154 0.02403846153846154
