0 0.5360576923076923 0.9495192307692308 0.02403846153846154 0.02403846153846154
0 0.9567307692307693 0.9230769230769231 0.02403846153846154 0.02403846153846154
0 0.8605769230769231 0.9038461538461539 0.02403846153846154 0.02403846153846154
0 0.6442307692307693 0.8317307692307693 0.02403846153846154 0.02403846153846154
0 0.7572115384615385 0.8028846153846154 0.02403846153846154 0.02403846153846154
0 0.8125 0.6346153846153847 0.02403846153846154 0.02403846153846154
0 0.951923076923077 0.5985576923076923 0.02403846153846154 0.02403846153846154
0 0.49278846153846156 0.5336538461538461 0.02403846153846154 0.02403846153846154
0 0.7740384615384616 0.3966346153846154 0.02403846153846154 0.02403846153846154
0 0.9086538461538463 0.37259615384615385 0.02403846153846154 0.02403846153846154
0 0.9615384615384616 0.34134615384615385 0.02403846153846154 0.02403846153846154
0 0.8653846153846154 0.3004807692307693 0.02403846153846154 0.02403846153846154
0 0.9471153846153847 0.2451923076923077 0.02403846153846154 0.02403846153846154
0 0.8341346153846154 0.16105769230769232 0.02403846153846154 0.02403846153846154
0 0.625 0.09855769230769232 0.02403846153846154 0.02403846153846154
0 0.7235576923076924 0.06009615384615385 0.02403846153846154 0.02403846153846154
0 0.4567307692307693 0.8173076923076924 0.02403846153846154 0.02403846153846154
0 0.3870192307692308 0.8822115384615385 0.02403846153846154 0.02403846153846154
0 0.5552884615384616 0.7524038461538461 0.02403846153846154 0.02403846153846154
0 0.625 0.8846153846153847 0.02403846153846154 0.02403846153846154
0 0.5793269230769231 0.5600961538461539 0.02403846153846154 0.02403846153846154
0 0.6850961538461539 0.47836538461538464 0.02403846153846154 0.02403846153846154
0 0.7307692307692308 0.7307692307692308 0.02403846153846154 0.02403846153846154
0 0.7139423076923077 0.6370192307692308 0.02403846153846154 0.02403846153846154
0 0.8317307692307693 0.5817307692307693 0.02403846153846154 0.02403846153846154
0 0.8028846153846154 0.5721153846153847 0.02403846153846154 0.02403846153846154
0 0.8413461538461539 0.6899038461538461 0.02403846153846154 0.02403846153846154
0 0.9086538461538463 0.46875 0.02403846153846154 0.02403846153846154
0 0.6971153846153847 0.18028846153846154 0.02403846153846154 0.02403846153846154
0 0.8389423076923077 0.10096153846153846 0.02403846153846154 0.02403846153846154
0 0.9615384615384616 0.2139423076923077 0.02403846153846154 0.02403846153846154
0 0.9615384615384616 0.11778846153846155 0.02403846153846154 0.02403846153846154
0 0.5600961538461539 0.18990384615384617 0.02403846153846154 0.02403846153846154
0 0.53125 0.16105769230769232 0.02403846153846154 0.02403846153846154
0 0.4903846153846154 0.1826923076923077 0.02403846153846154 0.02403846153846154
0 0.37259615384615385 0.25480769230769235 0.02403846153846154 0.02403846153846154
0 0.24278846153846156 0.28125 0.02403846153846154 0.02403846153846154
0 0.20673076923076925 0.5168269230769231 0.02403846153846154 0.02403846153846154
0 0.21875 0.5240384615384616 0.02403846153846154 0.02403846153846154
0 0.608173076923077 0.8774038461538463 0.02403846153846154 0.02403846153846154
0 0.3653846153846154 0.96875 0.02403846153846154 0.02403846153846154
0 0.65625 0.3509615384615385 0.02403846153846154 0.02403846153846154
