0 0.8341346153846154 0.96875 0.02403846153846154 0.02403846153846154
0 0.7620192307692308 0.9350961538461539 0.02403846153846154 0.02403846153846154
0 0.6682692307692308 0.9302884615384616 0.02403846153846154 0.02403846153846154
0 0.7091346153846154 0.920673076923077 0.02403846153846154 0.02403846153846154
0 0.9110576923076924 0.9110576923076924 0.02403846153846154 0.02403846153846154
0 0.5889423076923077 0.8605769230769231 0.02403846153846154 0.02403846153846154
0 0.7836538461538461 0.8365384615384616 0.02403846153846154 0.02403846153846154
0 0.608173076923077 0.8125 0.02403846153846154 0.02403846153846154
0 0.9110576923076924 0.8052884615384616 0.02403846153846154 0.02403846153846154
0 0.5072115384615384 0.8052884615384616 0.02403846153846154 0.02403846153846154
0 0.3293269230769231 0.795673076923077 0.02403846153846154 0.02403846153846154
0 0.9134615384615385 0.78125 0.02403846153846154 0.02403846153846154
0 0.9375 0.7788461538461539 0.02403846153846154 0.02403846153846154
0 0.7091346153846154 0.7692307692307693 0.02403846153846154 0.02403846153846154
0 0.7524038461538461 0.7596153846153847 0.02403846153846154 0.02403846153846154
0 0.6778846153846154 0.7596153846153847 0.02403846153846154 0.02403846153846154
0 0.41105769230769235 0.7572115384615385 0.02403846153846154 0.02403846153846154
0 0.9182692307692308 0.7451923076923077 0.02403846153846154 0.02403846153846154
0 0.764423076923077 0.7355769230769231 0.02403846153846154 0.02403846153846154
0 0.9254807692307693 0.7235576923076924 0.02403846153846154 0.02403846153846154
0 0.7860576923076924 0.6923076923076923 0.02403846153846154 0.02403846153846154
0 0.8990384615384616 0.6754807692307693 0.02403846153846154 0.02403846153846154
0 0.4086538461538462 0.670673076923077 0.02403846153846154 0.02403846153846154
0 0.6177884615384616 0.6658653846153847 0.02403846153846154 0.02403846153846154
0 0.4879807692307693 0.6586538461538461 0.02403846153846154 0.02403846153846154
0 0.3125 0.6514423076923077 0.02403846153846154 0.02403846153846154
0 0.09615384615384616 0.5793269230769231 0.02403846153846154 0.02403846153846154
0 0.6514423076923077 0.576923076923077 0.02403846153846154 0.02403846153846154
0 0.2091346153846154 0.5504807692307693 0.02403846153846154 0.02403846153846154
0 0.9543269230769231 0.5480769230769231 0.02403846153846154 0.02403846153846154
0 0.8485576923076924 0.5288461538461539 0.02403846153846154 0.02403846153846154
0 0.7764423076923077 0.46634615384615385 0.02403846153846154 0.02403846153846154
0 0.6923076923076923 0.4447115384615385 0.02403846153846154 0.02403846153846154
0 0.7355769230769231 0.43028846153846156 0.02403846153846154 0.02403846153846154
0 0.5432692307692308 0.43028846153846156 0.02403846153846154 0.02403846153846154
0 0.2644230769230769 0.3822115384615385 0.02403846153846154 0.02403846153846154
0 0.6826923076923077 0.3774038461538462 0.02403846153846154 0.02403846153846154
0 0.7860576923076924 0.3701923076923077 0.02403846153846154 0.02403846153846154
0 0.7163461538461539 0.36778846153846156 0.02403846153846154 0.02403846153846154
0 0.53125 0.3653846153846154 0.02403846153846154 0.02403846153846154
0 0.8028846153846154 0.3629807692307693 0.02403846153846154 0.02403846153846154
0 0.764423076923077 0.3605769230769231 0.02403846153846154 0.02403846153846154
0 0.7475961538461539 0.34855769230769235 0.02403846153846154 0.02403846153846154
0 0.40384615384615385 0.34615384615384615 0.02403846153846154 0.02403846153846154
0 0.9086538461538463 0.3269230769230769 0.02403846153846154 0.02403846153846154
0 0.6538461538461539 0.31490384615384615 0.02403846153846154 0.02403846153846154
0 0.6442307692307693 0.2932692307692308 0.02403846153846154 0.02403846153846154
0 0.5625 0.28125 0.02403846153846154 0.02403846153846154
0 0.733173076923077 0.2692307692307693 0.02403846153846154 0.02403846153846154
0 0.45432692307692313 0.25961538461538464 0.02403846153846154 0.02403846153846154
0 0.7067307692307693 0.22115384615384617 0.02403846153846154 0.02403846153846154
0 0.9639423076923077 0.19711538461538464 0.02403846153846154 0.02403846153846154
0 0.6923076923076923 0.18509615384615385 0.02403846153846154 0.02403846153846154
0 0.8221153846153847 0.17067307692307693 0.02403846153846154 0.02403846153846154
0 0.5961538461538461 0.15865384615384617 0.02403846153846154 0.02403846153846154
0 0.7788461538461539 0.15865384615384617 0.02403846153846154 0.02403846153846154
0 0.670673076923077 0.1466346153846154 0.02403846153846154 0.02403846153846154
0 0.22596153846153846 0.14423076923076925 0.02403846153846154 0.02403846153846154
0 0.7836538461538461 0.13701923076923078 0.02403846153846154 0.02403846153846154
0 0.3605769230769231 0.1201923076923077 0.02403846153846154 0.02403846153846154
0 0.6514423076923077 0.10096153846153846 0.02403846153846154 0.02403846153846154
0 0.4134615384615385 0.0889423076923077 0.02403846153846154 0.02403846153846154
0 0.6634615384615385 0.04807692307692308 0.02403846153846154 0.02403846153846154
0 0.31730769230769235 0.04807692307692308 0.02403846153846154 0.02403846153846154
0 0.6274038461538461 0.03365384615384616 0.02403846153846154 0.02403846153846154
0 0.07692307692307693 0.6322115384615385 0.02403846153846154 0.02403846153846154
0 0.03125 0.3076923076923077 0.02403846153846154 0.02403846153846154
0 0.13701923076923078 0.22596153846153846 0.02403846153846154 0.02403846153846154
0 0.1826923076923077 0.47836538461538464 0.02403846153846154 0.02403846153846154
0 0.16586538461538464 0.38461538461538464 0.02403846153846154 0.02403846153846154
0 0.28365384615384615 0.3293269230769231 0.02403846153846154 0.02403846153846154
0 0.25480769230769235 0.3197115384615385 0.02403846153846154 0.02403846153846154
0 0.2932692307692308 0.4375 0.02403846153846154 0.02403846153846154
0 0.4254807692307693 0.3076923076923077 0.02403846153846154 0.02403846153846154
0 0.4807692307692308 0.33653846153846156 0.02403846153846154 0.02403846153846154
0 0.3605769230769231 0.21634615384615385 0.02403846153846154 0.02403846153846154
0 0.5024038461538461 0.08173076923076923 0.02403846153846154 0.02403846153846154
0 0.46153846153846156 0.17067307692307693 0.02403846153846154 0.02403846153846154
0 0.6730769230769231 0.19471153846153846 0.02403846153846154 0.02403846153846154
0 0.7427884615384616 0.18028846153846154 0.02403846153846154 0.02403846153846154
0 0.6177884615384616 0.2716346153846154 0.02403846153846154 0.02403846153846154
0 0.6033653846153847 0.35336538461538464 0.02403846153846154 0.02403846153846154
0 0.6298076923076923 0.45432692307692313 0.02403846153846154 0.02403846153846154
0 0.5961538461538461 0.7451923076923077 0.02403846153846154 0.02403846153846154
0 0.6346153846153847 0.9471153846153847 0.02403846153846154 0.02403846153846154
0 0.733173076923077 0.8605769230769231 0.02403846153846154 0.02403846153846154
0 0.7355769230769231 0.8774038461538463 0.02403846153846154 0.02403846153846154
0 0.71875 0.7860576923076924 0.02403846153846154 0.02403846153846154
0 0.8028846153846154 0.2716346153846154 0.02403846153846154 0.02403846153846154
0 0.4903846153846154 0.920673076923077 0.02403846153846154 0.02403846153846154
0 0.4206730769230769 0.9543269230769231 0.02403846153846154 0.02403846153846154
0 0.8221153846153847 0.9158653846153847 0.02403846153846154 0.02403846153846154
0 0.06009615384615385 0.625 0.02403846153846154 0.02403846153846154
0 0.28125 0.8149038461538461 0.02403846153846154 0.02403846153846154
0 0.25240384615384615 0.8966346153846154 0.02403846153846154 0.02403846153846154
0 0.27403846153846156 0.9495192307692308 0.02403846153846154 0.02403846153846154
0 0.4495192307692308 0.8173076923076924 0.02403846153846154 0.02403846153846154
0 0.8822115384615385 0.39903846153846156 0.02403846153846154 0.02403846153846154
0 0.8870192307692308 0.4759615384615385 0.02403846153846154 0.02403846153846154
0 0.9014423076923077 0.5576923076923077 0.02403846153846154 0.02403846153846154
0 0.8725961538461539 0.6177884615384616 0.02403846153846154 0.02403846153846154
0 0.7163461538461539 0.6153846153846154 0.02403846153846154 0.02403846153846154
0 0.9350961538461539 0.2716346153846154 0.02403846153846154 0.02403846153846154
0 0.8341346153846154 0.07932692307692309 0.02403846153846154 0.02403846153846154
0 0.10817307692307693 0.09855769230769232 0.02403846153846154 0.02403846153846154
0 0.9182692307692308 0.9350961538461539 0.02403846153846154 0.02403846153846154
