0 0.7908653846153847 0.9663461538461539 0.02403846153846154 0.02403846153846154
0 0.6634615384615385 0.9471153846153847 0.02403846153846154 0.02403846153846154
0 0.9134615384615385 0.9158653846153847 0.02403846153846154 0.02403846153846154
0 0.9038461538461539 0.8942307692307693 0.02403846153846154 0.02403846153846154
0 0.8221153846153847 0.8822115384615385 0.02403846153846154 0.02403846153846154
0 0.2043269230769231 0.8822115384615385 0.02403846153846154 0.02403846153846154
0 0.7139423076923077 0.8605769230769231 0.02403846153846154 0.02403846153846154
0 0.9663461538461539 0.8221153846153847 0.02403846153846154 0.02403846153846154
0 0.951923076923077 0.7860576923076924 0.02403846153846154 0.02403846153846154
0 0.8557692307692308 0.7596153846153847 0.02403846153846154 0.02403846153846154
0 0.9302884615384616 0.7475961538461539 0.02403846153846154 0.02403846153846154
0 0.48557692307692313 0.7451923076923077 0.02403846153846154 0.02403846153846154
0 0.6201923076923077 0.7211538461538461 0.02403846153846154 0.02403846153846154
0 0.9110576923076924 0.701923076923077 0.02403846153846154 0.02403846153846154
0 0.6730769230769231 0.6899038461538461 0.02403846153846154 0.02403846153846154
0 0.9230769230769231 0.6490384615384616 0.02403846153846154 0.02403846153846154
0 0.576923076923077 0.6490384615384616 0.02403846153846154 0.02403846153846154
0 0.8870192307692308 0.6346153846153847 0.02403846153846154 0.02403846153846154
0 0.6586538461538461 0.59375 0.02403846153846154 0.02403846153846154
0 0.9134615384615385 0.576923076923077 0.02403846153846154 0.02403846153846154
0 0.7163461538461539 0.5745192307692308 0.02403846153846154 0.02403846153846154
0 0.545673076923077 0.5096153846153847 0.02403846153846154 0.02403846153846154
0 0.8076923076923077 0.47836538461538464 0.02403846153846154 0.02403846153846154
0 0.8774038461538463 0.4711538461538462 0.02403846153846154 0.02403846153846154
0 0.33653846153846156 0.44711538461538464 0.02403846153846154 0.02403846153846154
0 0.43509615384615385 0.4086538461538462 0.02403846153846154 0.02403846153846154
0 0.8509615384615385 0.3822115384615385 0.02403846153846154 0.02403846153846154
0 0.8221153846153847 0.33653846153846156 0.02403846153846154 0.02403846153846154
0 0.8293269230769231 0.3125 0.02403846153846154 0.02403846153846154
0 0.6466346153846154 0.31730769230769235 0.02403846153846154 0.02403846153846154
0 0.9014423076923077 0.2980769230769231 0.02403846153846154 0.02403846153846154
0 0.8629807692307693 0.2644230769230769 0.02403846153846154 0.02403846153846154
0 0.40625 0.2644230769230769 0.02403846153846154 0.02403846153846154
0 0.6826923076923077 0.25961538461538464 0.02403846153846154 0.02403846153846154
0 0.49759615384615385 0.25240384615384615 0.02403846153846154 0.02403846153846154
0 0.6586538461538461 0.19471153846153846 0.02403846153846154 0.02403846153846154
0 0.8822115384615385 0.19230769230769232 0.02403846153846154 0.02403846153846154
0 0.7235576923076924 0.15625 0.02403846153846154 0.02403846153846154
0 0.6971153846153847 0.14423076923076925 0.02403846153846154 0.02403846153846154
0 0.7740384615384616 0.13942307692307693 0.02403846153846154 0.02403846153846154
0 0.6153846153846154 0.125 0.02403846153846154 0.02403846153846154
0 0.4831730769230769 0.09615384615384616 0.02403846153846154 0.02403846153846154
0 0.8317307692307693 0.0625 0.02403846153846154 0.02403846153846154
0 0.733173076923077 0.03125 0.02403846153846154 0.02403846153846154
0 0.29086538461538464 0.9086538461538463 0.02403846153846154 0.02403846153846154
0 0.3966346153846154 0.826923076923077 0.02403846153846154 0.02403846153846154
0 0.5432692307692308 0.9302884615384616 0.02403846153846154 0.02403846153846154
0 0.514423076923077 0.920673076923077 0.02403846153846154 0.02403846153846154
0 0.6850961538461539 0.9086538461538463 0.02403846153846154 0.02403846153846154
0 0.7403846153846154 0.9375 0.02403846153846154 0.02403846153846154
0 0.6201923076923077 0.8173076923076924 0.02403846153846154 0.02403846153846154
0 0.7620192307692308 0.6826923076923077 0.02403846153846154 0.02403846153846154
0 0.7211538461538461 0.7716346153846154 0.02403846153846154 0.02403846153846154
0 0.9326923076923077 0.795673076923077 0.02403846153846154 0.02403846153846154
0 0.8774038461538463 0.8725961538461539 0.02403846153846154 0.02403846153846154
0 0.8629807692307693 0.9543269230769231 0.02403846153846154 0.02403846153846154
0 0.8605769230769231 0.05288461538461539 0.02403846153846154 0.02403846153846154
0 0.8317307692307693 0.09375 0.02403846153846154 0.02403846153846154
0 0.7403846153846154 0.20673076923076925 0.02403846153846154 0.02403846153846154
0 0.576923076923077 0.06009615384615385 0.02403846153846154 0.02403846153846154
0 0.9447115384615385 0.4375 0.02403846153846154 0.02403846153846154
0 0.9543269230769231 0.45432692307692313 0.02403846153846154 0.02403846153846154
0 0.4326923076923077 0.1466346153846154 0.02403846153846154 0.02403846153846154
0 0.4326923076923077 0.19230769230769232 0.02403846153846154 0.02403846153846154
0 0.43028846153846156 0.20673076923076925 0.02403846153846154 0.02403846153846154
0 0.4086538461538462 0.5288461538461539 0.02403846153846154 0.02403846153846154
0 0.5504807692307693 0.4495192307692308 0.02403846153846154 0.02403846153846154
0 0.8076923076923077 0.38461538461538464 0.02403846153846154 0.02403846153846154
0 0.7043269230769231 0.5528846153846154 0.02403846153846154 0.02403846153846154
0 0.6730769230769231 0.5625 0.02403846153846154 0.02403846153846154
0 0.7860576923076924 0.5216346153846154 0.02403846153846154 0.02403846153846154
0 0.6730769230769231 0.46634615384615385 0.02403846153846154 0.02403846153846154
0 0.5120192307692308 0.27403846153846156 0.02403846153846154 0.02403846153846154
0 0.2716346153846154 0.5384615384615385 0.02403846153846154 0.02403846153846154
0 0.24278846153846156 0.5096153846153847 0.02403846153846154 0.02403846153846154
0 0.20192307692307693 0.53125 0.02403846153846154 0.02403846153846154
0 0.08413461538461539 0.6033653846153847 0.02403846153846154 0.02403846153846154
0 0.36778846153846156 0.6995192307692308 0.02403846153846154 0.02403846153846154
0 0.2403846153846154 0.2572115384615385 0.02403846153846154 0.02403846153846154
0 0.15384615384615385 0.11057692307692309 0.02403846153846154 0.02403846153846154
