0 0.8605769230769231 0.8293269230769231 0.02403846153846154 0.02403846153846154
0 0.96875 0.7115384615384616 0.02403846153846154 0.02403846153846154
0 0.13701923076923078 0.6466346153846154 0.02403846153846154 0.02403846153846154
0 0.8173076923076924 0.4134615384615385 0.02403846153846154 0.02403846153846154
0 0.78125 0.6971153846153847 0.02403846153846154 0.02403846153846154
0 0.7115384615384616 0.7620192307692308 0.02403846153846154 0.02403846153846154
0 0.8798076923076924 0.6322115384615385 0.02403846153846154 0.02403846153846154
0 0.9495192307692308 0.764423076923077 0.02403846153846154 0.02403846153846154
0 0.9038461538461539 0.4399038461538462 0.02403846153846154 0.02403846153846154
0 0.8846153846153847 0.06971153846153846 0.02403846153846154 0.02403846153846154
0 0.8557692307692308 0.040865384615384616 0.02403846153846154 0.02403846153846154
0 0.8149038461538461 0.0625 0.02403846153846154 0.02403846153846154
0 0.6971153846153847 0.13461538461538464 0.02403846153846154 0.02403846153846154
0 0.5673076923076923 0.16105769230769232 0.02403846153846154 0.02403846153846154
0 0.53125 0.3966346153846154 0.02403846153846154 0.02403846153846154
0 0.5432692307692308 0.40384615384615385 0.02403846153846154 0.02403846153846154
0 0.9326923076923077 0.7572115384615385 0.02403846153846154 0.02403846153846154
0 0.13942307692307693 0.19230769230769232 0.02403846153846154 0.02403846153846154
0 0.7572115384615385 0.8990384615384616 0.02403846153846154 0.02403846153846154
0 0.6899038461538461 0.8485576923076924 0.02403846153846154 0.02403846153846154
