0 0.9350961538461539 0.9350961538461539 0.02403846153846154 0.02403846153846154
0 0.10336538461538462 0.8701923076923077 0.02403846153846154 0.02403846153846154
0 0.7836538461538461 0.6370192307692308 0.02403846153846154 0.02403846153846154
0 0.9158653846153847 0.20192307692307693 0.02403846153846154 0.02403846153846154
0 0.7475961538461539 0.920673076923077 0.02403846153846154 0.02403846153846154
0 0.8461538461538463 0.8557692307692308 0.02403846153846154 0.02403846153846154
0 0.8701923076923077 0.6634615384615385 0.02403846153846154 0.02403846153846154
0 0.8509615384615385 0.2932692307692308 0.02403846153846154 0.02403846153846154
0 0.8221153846153847 0.2644230769230769 0.02403846153846154 0.02403846153846154
0 0.78125 0.28605769230769235 0.02403846153846154 0.02403846153846154
0 0.6634615384615385 0.3581730769230769 0.02403846153846154 0.02403846153846154
0 0.5336538461538461 0.38461538461538464 0.02403846153846154 0.02403846153846154
0 0.49759615384615385 0.6201923076923077 0.02403846153846154 0.02403846153846154
0 0.5096153846153847 0.6274038461538461 0.02403846153846154 0.02403846153846154
0 0.10576923076923078 0.41586538461538464 0.02403846153846154 0.02403846153846154
0 0.9471153846153847 0.45432692307692313 0.02403846153846154 0.02403846153846154
