0 0.8605769230769231 0.9567307692307693 0.02403846153846154 0.02403846153846154
0 0.4447115384615385 0.9543269230769231 0.02403846153846154 0.02403846153846154
0 0.5600961538461539 0.951923076923077 0.02403846153846154 0.02403846153846154
0 0.9591346153846154 0.9326923076923077 0.02403846153846154 0.02403846153846154
0 0.5576923076923077 0.920673076923077 0.02403846153846154 0.02403846153846154
0 0.06971153846153846 0.875 0.02403846153846154 0.02403846153846154
0 0.9110576923076924 0.875 0.02403846153846154 0.02403846153846154
0 0.6057692307692308 0.8605769230769231 0.02403846153846154 0.02403846153846154
0 0.5216346153846154 0.8557692307692308 0.02403846153846154 0.02403846153846154
0 0.6875 0.8413461538461539 0.02403846153846154 0.02403846153846154
0 0.7235576923076924 0.8293269230769231 0.02403846153846154 0.02403846153846154
0 0.889423076923077 0.8245192307692308 0.02403846153846154 0.02403846153846154
0 0.5865384615384616 0.8125 0.02403846153846154 0.02403846153846154
0 0.6658653846153847 0.8125 0.02403846153846154 0.02403846153846154
0 0.4278846153846154 0.7884615384615385 0.02403846153846154 0.02403846153846154
0 0.6442307692307693 0.7716346153846154 0.02403846153846154 0.02403846153846154
0 0.06971153846153846 0.75 0.02403846153846154 0.02403846153846154
0 0.6826923076923077 0.7475961538461539 0.02403846153846154 0.02403846153846154
0 0.5600961538461539 0.7451923076923077 0.02403846153846154 0.02403846153846154
0 0.6754807692307693 0.7259615384615385 0.02403846153846154 0.02403846153846154
0 0.7860576923076924 0.7115384615384616 0.02403846153846154 0.02403846153846154
0 0.3918269230769231 0.6971153846153847 0.02403846153846154 0.02403846153846154
0 0.7716346153846154 0.6586538461538461 0.02403846153846154 0.02403846153846154
0 0.5 0.6586538461538461 0.02403846153846154 0.02403846153846154
0 0.53125 0.6514423076923077 0.02403846153846154 0.02403846153846154
0 0.5817307692307693 0.6346153846153847 0.02403846153846154 0.02403846153846154
0 0.6298076923076923 0.6177884615384616 0.02403846153846154 0.02403846153846154
0 0.6490384615384616 0.6033653846153847 0.02403846153846154 0.02403846153846154
0 0.7307692307692308 0.5889423076923077 0.02403846153846154 0.02403846153846154
0 0.9639423076923077 0.5576923076923077 0.02403846153846154 0.02403846153846154
0 0.75 0.5576923076923077 0.02403846153846154 0.02403846153846154
0 0.545673076923077 0.5504807692307693 0.02403846153846154 0.02403846153846154
0 0.3004807692307693 0.5168269230769231 0.02403846153846154 0.02403846153846154
0 0.6826923076923077 0.5096153846153847 0.02403846153846154 0.02403846153846154
0 0.4086538461538462 0.5072115384615384 0.02403846153846154 0.02403846153846154
0 0.9134615384615385 0.5 0.02403846153846154 0.02403846153846154
0 0.920673076923077 0.47836538461538464 0.02403846153846154 0.02403846153846154
0 0.4182692307692308 0.4759615384615385 0.02403846153846154 0.02403846153846154
0 0.8149038461538461 0.4591346153846154 0.02403846153846154 0.02403846153846154
0 0.6298076923076923 0.4326923076923077 0.02403846153846154 0.02403846153846154
0 0.31009615384615385 0.4326923076923077 0.02403846153846154 0.02403846153846154
0 0.8605769230769231 0.42307692307692313 0.02403846153846154 0.02403846153846154
0 0.48557692307692313 0.4206730769230769 0.02403846153846154 0.02403846153846154
0 0.5552884615384616 0.41105769230769235 0.02403846153846154 0.02403846153846154
0 0.20673076923076925 0.4014423076923077 0.02403846153846154 0.02403846153846154
0 0.6105769230769231 0.3942307692307693 0.02403846153846154 0.02403846153846154
0 0.4326923076923077 0.3822115384615385 0.02403846153846154 0.02403846153846154
0 0.8798076923076924 0.3774038461538462 0.02403846153846154 0.02403846153846154
0 0.6682692307692308 0.3774038461538462 0.02403846153846154 0.02403846153846154
0 0.826923076923077 0.375 0.02403846153846154 0.02403846153846154
0 0.4879807692307693 0.3701923076923077 0.02403846153846154 0.02403846153846154
0 0.7980769230769231 0.36778846153846156 0.02403846153846154 0.02403846153846154
0 0.12740384615384617 0.3653846153846154 0.02403846153846154 0.02403846153846154
0 0.9086538461538463 0.3629807692307693 0.02403846153846154 0.02403846153846154
0 0.8173076923076924 0.3605769230769231 0.02403846153846154 0.02403846153846154
0 0.5336538461538461 0.3557692307692308 0.02403846153846154 0.02403846153846154
0 0.7524038461538461 0.35336538461538464 0.02403846153846154 0.02403846153846154
0 0.2716346153846154 0.33653846153846156 0.02403846153846154 0.02403846153846154
0 0.6153846153846154 0.31490384615384615 0.02403846153846154 0.02403846153846154
0 0.37259615384615385 0.3028846153846154 0.02403846153846154 0.02403846153846154
0 0.7451923076923077 0.27884615384615385 0.02403846153846154 0.02403846153846154
0 0.49759615384615385 0.23076923076923078 0.02403846153846154 0.02403846153846154
0 0.9134615384615385 0.22836538461538464 0.02403846153846154 0.02403846153846154
0 0.826923076923077 0.21153846153846156 0.02403846153846154 0.02403846153846154
0 0.038461538461538464 0.21153846153846156 0.02403846153846154 0.02403846153846154
0 0.09134615384615385 0.2043269230769231 0.02403846153846154 0.02403846153846154
0 0.8701923076923077 0.16826923076923078 0.02403846153846154 0.02403846153846154
0 0.4759615384615385 0.16105769230769232 0.02403846153846154 0.02403846153846154
0 0.7860576923076924 0.15384615384615385 0.02403846153846154 0.02403846153846154
0 0.8317307692307693 0.1466346153846154 0.02403846153846154 0.02403846153846154
0 0.608173076923077 0.1466346153846154 0.02403846153846154 0.02403846153846154
0 0.46153846153846156 0.13701923076923078 0.02403846153846154 0.02403846153846154
0 0.8990384615384616 0.09134615384615385 0.02403846153846154 0.02403846153846154
0 0.7139423076923077 0.09134615384615385 0.02403846153846154 0.02403846153846154
0 0.6418269230769231 0.057692307692307696 0.02403846153846154 0.02403846153846154
0 0.5480769230769231 0.05288461538461539 0.02403846153846154 0.02403846153846154
0 0.9471153846153847 0.04807692307692308 0.02403846153846154 0.02403846153846154
0 0.5889423076923077 0.04326923076923077 0.02403846153846154 0.02403846153846154
0 0.7908653846153847 0.03365384615384616 0.02403846153846154 0.02403846153846154
0 0.920673076923077 0.03125 0.02403846153846154 0.02403846153846154
0 0.6033653846153847 0.2139423076923077 0.02403846153846154 0.02403846153846154
0 0.5600961538461539 0.13461538461538464 0.02403846153846154 0.02403846153846154
0 0.514423076923077 0.06971153846153846 0.02403846153846154 0.02403846153846154
0 0.7788461538461539 0.3966346153846154 0.02403846153846154 0.02403846153846154
0 0.7211538461538461 0.4326923076923077 0.02403846153846154 0.02403846153846154
0 0.920673076923077 0.5576923076923077 0.02403846153846154 0.02403846153846154
0 0.3701923076923077 0.04326923076923077 0.02403846153846154 0.02403846153846154
0 0.3004807692307693 0.07692307692307693 0.02403846153846154 0.02403846153846154
0 0.46634615384615385 0.31730769230769235 0.02403846153846154 0.02403846153846154
0 0.5889423076923077 0.3629807692307693 0.02403846153846154 0.02403846153846154
0 0.6538461538461539 0.4014423076923077 0.02403846153846154 0.02403846153846154
0 0.6971153846153847 0.2932692307692308 0.02403846153846154 0.02403846153846154
0 0.701923076923077 0.16105769230769232 0.02403846153846154 0.02403846153846154
0 0.701923076923077 0.038461538461538464 0.02403846153846154 0.02403846153846154
0 0.8798076923076924 0.65625 0.02403846153846154 0.02403846153846154
0 0.8028846153846154 0.6514423076923077 0.02403846153846154 0.02403846153846154
0 0.7692307692307693 0.7043269230769231 0.02403846153846154 0.02403846153846154
0 0.7788461538461539 0.8004807692307693 0.02403846153846154 0.02403846153846154
0 0.7475961538461539 0.78125 0.02403846153846154 0.02403846153846154
0 0.7692307692307693 0.7572115384615385 0.02403846153846154 0.02403846153846154
0 0.7860576923076924 0.9014423076923077 0.02403846153846154 0.02403846153846154
0 0.8677884615384616 0.9423076923076924 0.02403846153846154 0.02403846153846154
0 0.6634615384615385 0.8942307692307693 0.02403846153846154 0.02403846153846154
0 0.46153846153846156 0.7115384615384616 0.02403846153846154 0.02403846153846154
0 0.4519230769230769 0.733173076923077 0.02403846153846154 0.02403846153846154
0 0.4206730769230769 0.6298076923076923 0.02403846153846154 0.02403846153846154
0 0.576923076923077 0.4182692307692308 0.02403846153846154 0.02403846153846154
0 0.7091346153846154 0.49759615384615385 0.02403846153846154 0.02403846153846154
0 0.6610576923076923 0.46634615384615385 0.02403846153846154 0.02403846153846154
0 0.6802884615384616 0.5240384615384616 0.02403846153846154 0.02403846153846154
0 0.6610576923076923 0.6129807692307693 0.02403846153846154 0.02403846153846154
0 0.608173076923077 0.639423076923077 0.02403846153846154 0.02403846153846154
0 0.6634615384615385 0.6225961538461539 0.02403846153846154 0.02403846153846154
0 0.6442307692307693 0.8173076923076924 0.02403846153846154 0.02403846153846154
0 0.670673076923077 0.7403846153846154 0.02403846153846154 0.02403846153846154
0 0.10096153846153846 0.5240384615384616 0.02403846153846154 0.02403846153846154
0 0.10817307692307693 0.10336538461538462 0.02403846153846154 0.02403846153846154
0 0.15384615384615385 0.07211538461538462 0.02403846153846154 0.02403846153846154
0 0.23076923076923078 0.2764423076923077 0.02403846153846154 0.02403846153846154
0 0.16346153846153846 0.1875 0.02403846153846154 0.02403846153846154
0 0.2403846153846154 0.34855769230769235 0.02403846153846154 0.02403846153846154
0 0.0625 0.34615384615384615 0.02403846153846154 0.02403846153846154
0 0.04326923076923077 0.31490384615384615 0.02403846153846154 0.02403846153846154
0 0.4326923076923077 0.12980769230769232 0.02403846153846154 0.02403846153846154
0 0.2572115384615385 0.6322115384615385 0.02403846153846154 0.02403846153846154
0 0.2572115384615385 0.8365384615384616 0.02403846153846154 0.02403846153846154
0 0.3581730769230769 0.6514423076923077 0.02403846153846154 0.02403846153846154
0 0.3653846153846154 0.8798076923076924 0.02403846153846154 0.02403846153846154
0 0.4879807692307693 0.8149038461538461 0.02403846153846154 0.02403846153846154
0 0.5216346153846154 0.7283653846153847 0.02403846153846154 0.02403846153846154
0 0.7980769230769231 0.057692307692307696 0.02403846153846154 0.02403846153846154
