0 0.858173076923077 0.8173076923076924 0.02403846153846154 0.02403846153846154
0 0.9663461538461539 0.6995192307692308 0.02403846153846154 0.02403846153846154
0 0.13461538461538464 0.6346153846153847 0.02403846153846154 0.02403846153846154
0 0.8149038461538461 0.4014423076923077 0.02403846153846154 0.02403846153846154
0 0.7788461538461539 0.6850961538461539 0.02403846153846154 0.02403846153846154
0 0.7091346153846154 0.75 0.02403846153846154 0.02403846153846154
0 0.8774038461538463 0.6201923076923077 0.02403846153846154 0.02403846153846154
0 0.9471153846153847 0.7524038461538461 0.02403846153846154 0.02403846153846154
0 0.9014423076923077 0.4278846153846154 0.02403846153846154 0.02403846153846154
0 0.8822115384615385 0.057692307692307696 0.02403846153846154 0.02403846153846154
0 0.8533653846153847 0.028846153846153848 0.02403846153846154 0.02403846153846154
0 0.8125 0.05048076923076923 0.02403846153846154 0.02403846153846154
0 0.6947115384615385 0.12259615384615385 0.02403846153846154 0.02403846153846154
0 0.5649038461538461 0.14903846153846154 0.02403846153846154 0.02403846153846154
0 0.5288461538461539 0.38461538461538464 0.02403846153846154 0.02403846153846154
0 0.5408653846153847 0.3918269230769231 0.02403846153846154 0.02403846153846154
0 0.9302884615384616 0.7451923076923077 0.02403846153846154 0.02403846153846154
0 0.13701923076923078 0.18028846153846154 0.02403846153846154 0.02403846153846154
0 0.7548076923076924 0.8870192307692308 0.02403846153846154 0.02403846153846154
0 0.6875 0.8365384615384616 0.02403846153846154 0.02403846153846154
