0 0.5360576923076923 0.96875 0.02403846153846154 0.02403846153846154
0 0.9158653846153847 0.9302884615384616 0.02403846153846154 0.02403846153846154
0 0.6442307692307693 0.9302884615384616 0.02403846153846154 0.02403846153846154
0 0.6754807692307693 0.9230769230769231 0.02403846153846154 0.02403846153846154
0 0.7259615384615385 0.90625 0.02403846153846154 0.02403846153846154
0 0.7740384615384616 0.889423076923077 0.02403846153846154 0.02403846153846154
0 0.7932692307692308 0.875 0.02403846153846154 0.02403846153846154
0 0.875 0.8605769230769231 0.02403846153846154 0.02403846153846154
0 0.8942307692307693 0.8293269230769231 0.02403846153846154 0.02403846153846154
0 0.6899038461538461 0.8221153846153847 0.02403846153846154 0.02403846153846154
0 0.4447115384615385 0.7884615384615385 0.02403846153846154 0.02403846153846154
0 0.826923076923077 0.78125 0.02403846153846154 0.02403846153846154
0 0.5528846153846154 0.7788461538461539 0.02403846153846154 0.02403846153846154
0 0.5625 0.7475961538461539 0.02403846153846154 0.02403846153846154
0 0.9591346153846154 0.7307692307692308 0.02403846153846154 0.02403846153846154
0 0.7740384615384616 0.7043269230769231 0.02403846153846154 0.02403846153846154
0 0.45432692307692313 0.7043269230769231 0.02403846153846154 0.02403846153846154
0 0.6298076923076923 0.6923076923076923 0.02403846153846154 0.02403846153846154
0 0.6995192307692308 0.6826923076923077 0.02403846153846154 0.02403846153846154
0 0.3509615384615385 0.6730769230769231 0.02403846153846154 0.02403846153846154
0 0.7548076923076924 0.6658653846153847 0.02403846153846154 0.02403846153846154
0 0.576923076923077 0.6538461538461539 0.02403846153846154 0.02403846153846154
0 0.8125 0.6490384615384616 0.02403846153846154 0.02403846153846154
0 0.9711538461538463 0.6466346153846154 0.02403846153846154 0.02403846153846154
0 0.6322115384615385 0.6418269230769231 0.02403846153846154 0.02403846153846154
0 0.9423076923076924 0.639423076923077 0.02403846153846154 0.02403846153846154
0 0.2716346153846154 0.6370192307692308 0.02403846153846154 0.02403846153846154
0 0.9615384615384616 0.6322115384615385 0.02403846153846154 0.02403846153846154
0 0.6778846153846154 0.6274038461538461 0.02403846153846154 0.02403846153846154
0 0.8966346153846154 0.625 0.02403846153846154 0.02403846153846154
0 0.41586538461538464 0.608173076923077 0.02403846153846154 0.02403846153846154
0 0.14182692307692307 0.5961538461538461 0.02403846153846154 0.02403846153846154
0 0.7596153846153847 0.5865384615384616 0.02403846153846154 0.02403846153846154
0 0.5168269230769231 0.5745192307692308 0.02403846153846154 0.02403846153846154
0 0.889423076923077 0.5504807692307693 0.02403846153846154 0.02403846153846154
0 0.6418269230769231 0.5024038461538461 0.02403846153846154 0.02403846153846154
0 0.9711538461538463 0.4831730769230769 0.02403846153846154 0.02403846153846154
0 0.1826923076923077 0.4831730769230769 0.02403846153846154 0.02403846153846154
0 0.2355769230769231 0.4759615384615385 0.02403846153846154 0.02403846153846154
0 0.6201923076923077 0.4326923076923077 0.02403846153846154 0.02403846153846154
0 0.9302884615384616 0.4254807692307693 0.02403846153846154 0.02403846153846154
0 0.7524038461538461 0.4182692307692308 0.02403846153846154 0.02403846153846154
0 0.6057692307692308 0.4086538461538462 0.02403846153846154 0.02403846153846154
0 0.858173076923077 0.3629807692307693 0.02403846153846154 0.02403846153846154
0 0.7860576923076924 0.3293269230769231 0.02403846153846154 0.02403846153846154
0 0.6923076923076923 0.3245192307692308 0.02403846153846154 0.02403846153846154
0 0.733173076923077 0.31490384615384615 0.02403846153846154 0.02403846153846154
0 0.9350961538461539 0.30528846153846156 0.02403846153846154 0.02403846153846154
0 0.6129807692307693 0.25480769230769235 0.02403846153846154 0.02403846153846154
0 0.8076923076923077 0.23076923076923078 0.02403846153846154 0.02403846153846154
0 0.6322115384615385 0.20673076923076925 0.02403846153846154 0.02403846153846154
0 0.9350961538461539 0.19951923076923078 0.02403846153846154 0.02403846153846154
0 0.53125 0.19951923076923078 0.02403846153846154 0.02403846153846154
0 0.35336538461538464 0.18990384615384617 0.02403846153846154 0.02403846153846154
0 0.9375 0.17548076923076925 0.02403846153846154 0.02403846153846154
0 0.9615384615384616 0.17307692307692307 0.02403846153846154 0.02403846153846154
0 0.733173076923077 0.16346153846153846 0.02403846153846154 0.02403846153846154
0 0.7764423076923077 0.15384615384615385 0.02403846153846154 0.02403846153846154
0 0.701923076923077 0.15384615384615385 0.02403846153846154 0.02403846153846154
0 0.43509615384615385 0.1514423076923077 0.02403846153846154 0.02403846153846154
0 0.9423076923076924 0.13942307692307693 0.02403846153846154 0.02403846153846154
0 0.7884615384615385 0.12980769230769232 0.02403846153846154 0.02403846153846154
0 0.9495192307692308 0.11778846153846155 0.02403846153846154 0.02403846153846154
0 0.8100961538461539 0.08653846153846154 0.02403846153846154 0.02403846153846154
0 0.9230769230769231 0.06971153846153846 0.02403846153846154 0.02403846153846154
0 0.4326923076923077 0.06490384615384616 0.02403846153846154 0.02403846153846154
0 0.6418269230769231 0.06009615384615385 0.02403846153846154 0.02403846153846154
0 0.5120192307692308 0.05288461538461539 0.02403846153846154 0.02403846153846154
0 0.33653846153846156 0.04567307692307693 0.02403846153846154 0.02403846153846154
0 0.10096153846153846 0.026442307692307696 0.02403846153846154 0.02403846153846154
0 0.6201923076923077 0.13942307692307693 0.02403846153846154 0.02403846153846154
0 0.7475961538461539 0.48557692307692313 0.02403846153846154 0.02403846153846154
0 0.7043269230769231 0.40625 0.02403846153846154 0.02403846153846154
0 0.6586538461538461 0.34134615384615385 0.02403846153846154 0.02403846153846154
0 0.7572115384615385 0.25480769230769235 0.02403846153846154 0.02403846153846154
0 0.7596153846153847 0.2716346153846154 0.02403846153846154 0.02403846153846154
0 0.7427884615384616 0.18028846153846154 0.02403846153846154 0.02403846153846154
0 0.9230769230769231 0.6682692307692308 0.02403846153846154 0.02403846153846154
0 0.8653846153846154 0.7043269230769231 0.02403846153846154 0.02403846153846154
0 0.514423076923077 0.31490384615384615 0.02403846153846154 0.02403846153846154
0 0.4447115384615385 0.34855769230769235 0.02403846153846154 0.02403846153846154
0 0.6105769230769231 0.5889423076923077 0.02403846153846154 0.02403846153846154
0 0.733173076923077 0.6346153846153847 0.02403846153846154 0.02403846153846154
0 0.7980769230769231 0.6730769230769231 0.02403846153846154 0.02403846153846154
0 0.8413461538461539 0.5649038461538461 0.02403846153846154 0.02403846153846154
0 0.8461538461538463 0.4326923076923077 0.02403846153846154 0.02403846153846154
0 0.8461538461538463 0.31009615384615385 0.02403846153846154 0.02403846153846154
0 0.9471153846153847 0.9230769230769231 0.02403846153846154 0.02403846153846154
0 0.5649038461538461 0.9014423076923077 0.02403846153846154 0.02403846153846154
0 0.7211538461538461 0.6899038461538461 0.02403846153846154 0.02403846153846154
0 0.8533653846153847 0.7692307692307693 0.02403846153846154 0.02403846153846154
0 0.8052884615384616 0.7379807692307693 0.02403846153846154 0.02403846153846154
0 0.8245192307692308 0.795673076923077 0.02403846153846154 0.02403846153846154
0 0.8052884615384616 0.8846153846153847 0.02403846153846154 0.02403846153846154
0 0.7524038461538461 0.9110576923076924 0.02403846153846154 0.02403846153846154
0 0.8076923076923077 0.8942307692307693 0.02403846153846154 0.02403846153846154
0 0.1201923076923077 0.9639423076923077 0.02403846153846154 0.02403846153846154
0 0.05048076923076923 0.9471153846153847 0.02403846153846154 0.02403846153846154
0 0.2451923076923077 0.795673076923077 0.02403846153846154 0.02403846153846154
0 0.04326923076923077 0.6899038461538461 0.02403846153846154 0.02403846153846154
0 0.30528846153846156 0.2091346153846154 0.02403846153846154 0.02403846153846154
0 0.2764423076923077 0.29086538461538464 0.02403846153846154 0.02403846153846154
0 0.25240384615384615 0.375 0.02403846153846154 0.02403846153846154
0 0.2980769230769231 0.34375 0.02403846153846154 0.02403846153846154
0 0.47355769230769235 0.21153846153846156 0.02403846153846154 0.02403846153846154
0 0.375 0.5480769230769231 0.02403846153846154 0.02403846153846154
0 0.3076923076923077 0.4591346153846154 0.02403846153846154 0.02403846153846154
0 0.38461538461538464 0.6201923076923077 0.02403846153846154 0.02403846153846154
0 0.20673076923076925 0.6177884615384616 0.02403846153846154 0.02403846153846154
0 0.1875 0.5865384615384616 0.02403846153846154 0.02403846153846154
0 0.13461538461538464 0.514423076923077 0.02403846153846154 0.02403846153846154
0 0.12259615384615385 0.37980769230769235 0.02403846153846154 0.02403846153846154
0 0.576923076923077 0.4014423076923077 0.02403846153846154 0.02403846153846154
0 0.4014423076923077 0.9038461538461539 0.02403846153846154 0.02403846153846154
0 0.5024038461538461 0.9230769230769231 0.02403846153846154 0.02403846153846154
0 0.9423076923076924 0.3293269230769231 0.02403846153846154 0.02403846153846154
