0 0.5 0.9399038461538463 0.02403846153846154 0.02403846153846154
0 0.920673076923077 0.9134615384615385 0.02403846153846154 0.02403846153846154
0 0.8245192307692308 0.8942307692307693 0.02403846153846154 0.02403846153846154
0 0.608173076923077 0.8221153846153847 0.02403846153846154 0.02403846153846154
0 0.7211538461538461 0.7932692307692308 0.02403846153846154 0.02403846153846154
0 0.7764423076923077 0.625 0.02403846153846154 0.02403846153846154
0 0.9158653846153847 0.5889423076923077 0.02403846153846154 0.02403846153846154
0 0.4567307692307693 0.5240384615384616 0.02403846153846154 0.02403846153846154
0 0.9663461538461539 0.5024038461538461 0.02403846153846154 0.02403846153846154
0 0.7379807692307693 0.3870192307692308 0.02403846153846154 0.02403846153846154
0 0.8725961538461539 0.3629807692307693 0.02403846153846154 0.02403846153846154
0 0.9254807692307693 0.3317307692307693 0.02403846153846154 0.02403846153846154
0 0.8293269230769231 0.29086538461538464 0.02403846153846154 0.02403846153846154
0 0.9110576923076924 0.2355769230769231 0.02403846153846154 0.02403846153846154
0 0.96875 0.21634615384615385 0.02403846153846154 0.02403846153846154
0 0.7980769230769231 0.1514423076923077 0.02403846153846154 0.02403846153846154
0 0.5889423076923077 0.0889423076923077 0.02403846153846154 0.02403846153846154
0 0.6875 0.05048076923076923 0.02403846153846154 0.02403846153846154
0 0.4206730769230769 0.8076923076923077 0.02403846153846154 0.02403846153846154
0 0.3509615384615385 0.8725961538461539 0.02403846153846154 0.02403846153846154
0 0.5192307692307693 0.7427884615384616 0.02403846153846154 0.02403846153846154
0 0.5889423076923077 0.875 0.02403846153846154 0.02403846153846154
0 0.5432692307692308 0.5504807692307693 0.02403846153846154 0.02403846153846154
0 0.6490384615384616 0.46875 0.02403846153846154 0.02403846153846154
0 0.6947115384615385 0.7211538461538461 0.02403846153846154 0.02403846153846154
0 0.6778846153846154 0.6274038461538461 0.02403846153846154 0.02403846153846154
0 0.795673076923077 0.5721153846153847 0.02403846153846154 0.02403846153846154
0 0.7668269230769231 0.5625 0.02403846153846154 0.02403846153846154
0 0.8052884615384616 0.6802884615384616 0.02403846153846154 0.02403846153846154
0 0.9375 0.5504807692307693 0.02403846153846154 0.02403846153846154
0 0.8725961538461539 0.4591346153846154 0.02403846153846154 0.02403846153846154
0 0.6610576923076923 0.17067307692307693 0.02403846153846154 0.02403846153846154
0 0.8028846153846154 0.09134615384615385 0.02403846153846154 0.02403846153846154
0 0.9567307692307693 0.19471153846153846 0.02403846153846154 0.02403846153846154
0 0.9254807692307693 0.2043269230769231 0.02403846153846154 0.02403846153846154
0 0.9254807692307693 0.10817307692307693 0.02403846153846154 0.02403846153846154
0 0.5240384615384616 0.18028846153846154 0.02403846153846154 0.02403846153846154
0 0.4951923076923077 0.1514423076923077 0.02403846153846154 0.02403846153846154
0 0.45432692307692313 0.17307692307692307 0.02403846153846154 0.02403846153846154
0 0.33653846153846156 0.2451923076923077 0.02403846153846154 0.02403846153846154
0 0.20673076923076925 0.2716346153846154 0.02403846153846154 0.02403846153846154
0 0.17067307692307693 0.5072115384615384 0.02403846153846154 0.02403846153846154
0 0.1826923076923077 0.514423076923077 0.02403846153846154 0.02403846153846154
0 0.5721153846153847 0.8677884615384616 0.02403846153846154 0.02403846153846154
0 0.3293269230769231 0.9591346153846154 0.02403846153846154 0.02403846153846154
0 0.6201923076923077 0.34134615384615385 0.02403846153846154 0.02403846153846154
