0 0.8822115384615385 0.9423076923076924 0.02403846153846154 0.02403846153846154
0 0.7980769230769231 0.920673076923077 0.02403846153846154 0.02403846153846154
0 0.8413461538461539 0.90625 0.02403846153846154 0.02403846153846154
0 0.6490384615384616 0.90625 0.02403846153846154 0.02403846153846154
0 0.3701923076923077 0.858173076923077 0.02403846153846154 0.02403846153846154
0 0.7884615384615385 0.8533653846153847 0.02403846153846154 0.02403846153846154
0 0.8918269230769231 0.8461538461538463 0.02403846153846154 0.02403846153846154
0 0.8221153846153847 0.84375 0.02403846153846154 0.02403846153846154
0 0.6370192307692308 0.8413461538461539 0.02403846153846154 0.02403846153846154
0 0.9086538461538463 0.8389423076923077 0.02403846153846154 0.02403846153846154
0 0.8701923076923077 0.8365384615384616 0.02403846153846154 0.02403846153846154
0 0.8533653846153847 0.8245192307692308 0.02403846153846154 0.02403846153846154
0 0.5096153846153847 0.8221153846153847 0.02403846153846154 0.02403846153846154
0 0.7596153846153847 0.7908653846153847 0.02403846153846154 0.02403846153846154
0 0.75 0.7692307692307693 0.02403846153846154 0.02403846153846154
0 0.6682692307692308 0.7572115384615385 0.02403846153846154 0.02403846153846154
0 0.05048076923076923 0.7572115384615385 0.02403846153846154 0.02403846153846154
0 0.8389423076923077 0.7451923076923077 0.02403846153846154 0.02403846153846154
0 0.5600961538461539 0.7355769230769231 0.02403846153846154 0.02403846153846154
0 0.8125 0.6971153846153847 0.02403846153846154 0.02403846153846154
0 0.7980769230769231 0.6610576923076923 0.02403846153846154 0.02403846153846154
0 0.9278846153846154 0.6466346153846154 0.02403846153846154 0.02403846153846154
0 0.701923076923077 0.6346153846153847 0.02403846153846154 0.02403846153846154
0 0.8846153846153847 0.6346153846153847 0.02403846153846154 0.02403846153846154
0 0.7764423076923077 0.6225961538461539 0.02403846153846154 0.02403846153846154
0 0.3317307692307693 0.6201923076923077 0.02403846153846154 0.02403846153846154
0 0.889423076923077 0.6129807692307693 0.02403846153846154 0.02403846153846154
0 0.46634615384615385 0.5961538461538461 0.02403846153846154 0.02403846153846154
0 0.7572115384615385 0.576923076923077 0.02403846153846154 0.02403846153846154
0 0.5192307692307693 0.5649038461538461 0.02403846153846154 0.02403846153846154
0 0.7692307692307693 0.5240384615384616 0.02403846153846154 0.02403846153846154
0 0.42307692307692313 0.5240384615384616 0.02403846153846154 0.02403846153846154
0 0.733173076923077 0.5096153846153847 0.02403846153846154 0.02403846153846154
0 0.8846153846153847 0.4951923076923077 0.02403846153846154 0.02403846153846154
0 0.8533653846153847 0.4759615384615385 0.02403846153846154 0.02403846153846154
0 0.8990384615384616 0.4711538461538462 0.02403846153846154 0.02403846153846154
0 0.5048076923076923 0.46875 0.02403846153846154 0.02403846153846154
0 0.8317307692307693 0.4519230769230769 0.02403846153846154 0.02403846153846154
0 0.7596153846153847 0.4519230769230769 0.02403846153846154 0.02403846153846154
0 0.5625 0.4495192307692308 0.02403846153846154 0.02403846153846154
0 0.9038461538461539 0.4447115384615385 0.02403846153846154 0.02403846153846154
0 0.8798076923076924 0.38461538461538464 0.02403846153846154 0.02403846153846154
0 0.3918269230769231 0.38461538461538464 0.02403846153846154 0.02403846153846154
0 0.6538461538461539 0.35336538461538464 0.02403846153846154 0.02403846153846154
0 0.7235576923076924 0.34615384615384615 0.02403846153846154 0.02403846153846154
0 0.1826923076923077 0.32211538461538464 0.02403846153846154 0.02403846153846154
0 0.28125 0.28365384615384615 0.02403846153846154 0.02403846153846154
0 0.90625 0.25961538461538464 0.02403846153846154 0.02403846153846154
0 0.6971153846153847 0.2572115384615385 0.02403846153846154 0.02403846153846154
0 0.9038461538461539 0.21153846153846156 0.02403846153846154 0.02403846153846154
0 0.6682692307692308 0.21153846153846156 0.02403846153846154 0.02403846153846154
0 0.6754807692307693 0.1875 0.02403846153846154 0.02403846153846154
0 0.49278846153846156 0.19230769230769232 0.02403846153846154 0.02403846153846154
0 0.7475961538461539 0.17307692307692307 0.02403846153846154 0.02403846153846154
0 0.7091346153846154 0.13942307692307693 0.02403846153846154 0.02403846153846154
0 0.25240384615384615 0.13942307692307693 0.02403846153846154 0.02403846153846154
0 0.5288461538461539 0.13461538461538464 0.02403846153846154 0.02403846153846154
0 0.34375 0.12740384615384617 0.02403846153846154 0.02403846153846154
0 0.5048076923076923 0.06971153846153846 0.02403846153846154 0.02403846153846154
0 0.7283653846153847 0.06730769230769232 0.02403846153846154 0.02403846153846154
0 0.5697115384615385 0.03125 0.02403846153846154 0.02403846153846154
0 0.13701923076923078 0.7836538461538461 0.02403846153846154 0.02403846153846154
0 0.24278846153846156 0.701923076923077 0.02403846153846154 0.02403846153846154
0 0.2884615384615385 0.9543269230769231 0.02403846153846154 0.02403846153846154
0 0.2716346153846154 0.8605769230769231 0.02403846153846154 0.02403846153846154
0 0.3894230769230769 0.8052884615384616 0.02403846153846154 0.02403846153846154
0 0.3605769230769231 0.795673076923077 0.02403846153846154 0.02403846153846154
0 0.39903846153846156 0.9134615384615385 0.02403846153846154 0.02403846153846154
0 0.53125 0.7836538461538461 0.02403846153846154 0.02403846153846154
0 0.5865384615384616 0.8125 0.02403846153846154 0.02403846153846154
0 0.46634615384615385 0.6923076923076923 0.02403846153846154 0.02403846153846154
0 0.608173076923077 0.5576923076923077 0.02403846153846154 0.02403846153846154
0 0.5673076923076923 0.6466346153846154 0.02403846153846154 0.02403846153846154
0 0.7788461538461539 0.670673076923077 0.02403846153846154 0.02403846153846154
0 0.8485576923076924 0.65625 0.02403846153846154 0.02403846153846154
0 0.7235576923076924 0.7475961538461539 0.02403846153846154 0.02403846153846154
0 0.7091346153846154 0.8293269230769231 0.02403846153846154 0.02403846153846154
0 0.7355769230769231 0.9302884615384616 0.02403846153846154 0.02403846153846154
0 0.5865384615384616 0.08173076923076923 0.02403846153846154 0.02403846153846154
0 0.8870192307692308 0.3581730769230769 0.02403846153846154 0.02403846153846154
0 0.7908653846153847 0.3125 0.02403846153846154 0.02403846153846154
0 0.8004807692307693 0.3293269230769231 0.02403846153846154 0.02403846153846154
0 0.9086538461538463 0.7475961538461539 0.02403846153846154 0.02403846153846154
0 0.27884615384615385 0.021634615384615384 0.02403846153846154 0.02403846153846154
0 0.27884615384615385 0.06730769230769232 0.02403846153846154 0.02403846153846154
0 0.2764423076923077 0.08173076923076923 0.02403846153846154 0.02403846153846154
0 0.25480769230769235 0.40384615384615385 0.02403846153846154 0.02403846153846154
0 0.3966346153846154 0.3245192307692308 0.02403846153846154 0.02403846153846154
0 0.6538461538461539 0.25961538461538464 0.02403846153846154 0.02403846153846154
0 0.5504807692307693 0.4278846153846154 0.02403846153846154 0.02403846153846154
0 0.5192307692307693 0.4375 0.02403846153846154 0.02403846153846154
0 0.6322115384615385 0.3966346153846154 0.02403846153846154 0.02403846153846154
0 0.5192307692307693 0.34134615384615385 0.02403846153846154 0.02403846153846154
0 0.3581730769230769 0.14903846153846154 0.02403846153846154 0.02403846153846154
0 0.11778846153846155 0.4134615384615385 0.02403846153846154 0.02403846153846154
0 0.0889423076923077 0.38461538461538464 0.02403846153846154 0.02403846153846154
0 0.04807692307692308 0.40625 0.02403846153846154 0.02403846153846154
0 0.9399038461538463 0.5552884615384616 0.02403846153846154 0.02403846153846154
0 0.2139423076923077 0.5745192307692308 0.02403846153846154 0.02403846153846154
0 0.08653846153846154 0.13221153846153846 0.02403846153846154 0.02403846153846154
0 0.8798076923076924 0.4639423076923077 0.02403846153846154 0.02403846153846154
0 0.8509615384615385 0.07692307692307693 0.02403846153846154 0.02403846153846154
0 0.8413461538461539 0.12740384615384617 0.02403846153846154 0.02403846153846154
0 0.9543269230769231 0.25480769230769235 0.02403846153846154 0.02403846153846154
