0 0.7115384615384616 0.9326923076923077 0.02403846153846154 0.02403846153846154
0 0.7908653846153847 0.90625 0.02403846153846154 0.02403846153846154
0 0.9230769230769231 0.8701923076923077 0.02403846153846154 0.02403846153846154
0 0.10336538461538462 0.8365384615384616 0.02403846153846154 0.02403846153846154
0 0.9038461538461539 0.8052884615384616 0.02403846153846154 0.02403846153846154
0 0.6899038461538461 0.8052884615384616 0.02403846153846154 0.02403846153846154
0 0.31490384615384615 0.7788461538461539 0.02403846153846154 0.02403846153846154
0 0.38461538461538464 0.7524038461538461 0.02403846153846154 0.02403846153846154
0 0.40625 0.7427884615384616 0.02403846153846154 0.02403846153846154
0 0.4519230769230769 0.733173076923077 0.02403846153846154 0.02403846153846154
0 0.71875 0.7163461538461539 0.02403846153846154 0.02403846153846154
0 0.3822115384615385 0.6370192307692308 0.02403846153846154 0.02403846153846154
0 0.8221153846153847 0.6201923076923077 0.02403846153846154 0.02403846153846154
0 0.42307692307692313 0.59375 0.02403846153846154 0.02403846153846154
0 0.9639423076923077 0.5865384615384616 0.02403846153846154 0.02403846153846154
0 0.22596153846153846 0.5793269230769231 0.02403846153846154 0.02403846153846154
0 0.7716346153846154 0.5697115384615385 0.02403846153846154 0.02403846153846154
0 0.8221153846153847 0.5528846153846154 0.02403846153846154 0.02403846153846154
0 0.9134615384615385 0.5360576923076923 0.02403846153846154 0.02403846153846154
0 0.9591346153846154 0.4831730769230769 0.02403846153846154 0.02403846153846154
0 0.9639423076923077 0.44230769230769235 0.02403846153846154 0.02403846153846154
0 0.9086538461538463 0.4375 0.02403846153846154 0.02403846153846154
0 0.48557692307692313 0.43028846153846156 0.02403846153846154 0.02403846153846154
0 0.9423076923076924 0.4206730769230769 0.02403846153846154 0.02403846153846154
0 0.16346153846153846 0.4206730769230769 0.02403846153846154 0.02403846153846154
0 0.9086538461538463 0.4134615384615385 0.02403846153846154 0.02403846153846154
0 0.7163461538461539 0.4134615384615385 0.02403846153846154 0.02403846153846154
0 0.9423076923076924 0.3894230769230769 0.02403846153846154 0.02403846153846154
0 0.8365384615384616 0.3701923076923077 0.02403846153846154 0.02403846153846154
0 0.7932692307692308 0.3701923076923077 0.02403846153846154 0.02403846153846154
0 0.5360576923076923 0.36778846153846156 0.02403846153846154 0.02403846153846154
0 0.7740384615384616 0.31730769230769235 0.02403846153846154 0.02403846153846154
0 0.8966346153846154 0.2956730769230769 0.02403846153846154 0.02403846153846154
0 0.47836538461538464 0.27884615384615385 0.02403846153846154 0.02403846153846154
0 0.875 0.25240384615384615 0.02403846153846154 0.02403846153846154
0 0.9110576923076924 0.24759615384615385 0.02403846153846154 0.02403846153846154
0 0.795673076923077 0.23076923076923078 0.02403846153846154 0.02403846153846154
0 0.8461538461538463 0.2043269230769231 0.02403846153846154 0.02403846153846154
0 0.6730769230769231 0.18509615384615385 0.02403846153846154 0.02403846153846154
0 0.7620192307692308 0.1826923076923077 0.02403846153846154 0.02403846153846154
0 0.9663461538461539 0.17548076923076925 0.02403846153846154 0.02403846153846154
0 0.40384615384615385 0.1201923076923077 0.02403846153846154 0.02403846153846154
0 0.8533653846153847 0.08173076923076923 0.02403846153846154 0.02403846153846154
0 0.951923076923077 0.3653846153846154 0.02403846153846154 0.02403846153846154
0 0.9615384615384616 0.23798076923076925 0.02403846153846154 0.02403846153846154
0 0.6586538461538461 0.3076923076923077 0.02403846153846154 0.02403846153846154
0 0.5168269230769231 0.06971153846153846 0.02403846153846154 0.02403846153846154
0 0.1466346153846154 0.13701923076923078 0.02403846153846154 0.02403846153846154
0 0.27884615384615385 0.06730769230769232 0.02403846153846154 0.02403846153846154
0 0.3629807692307693 0.13701923076923078 0.02403846153846154 0.02403846153846154
0 0.25480769230769235 0.21634615384615385 0.02403846153846154 0.02403846153846154
0 0.37259615384615385 0.2956730769230769 0.02403846153846154 0.02403846153846154
0 0.4711538461538462 0.23798076923076925 0.02403846153846154 0.02403846153846154
0 0.733173076923077 0.23798076923076925 0.02403846153846154 0.02403846153846154
0 0.9447115384615385 0.1514423076923077 0.02403846153846154 0.02403846153846154
0 0.9014423076923077 0.7043269230769231 0.02403846153846154 0.02403846153846154
0 0.9495192307692308 0.8774038461538463 0.02403846153846154 0.02403846153846154
0 0.9110576923076924 0.5048076923076923 0.02403846153846154 0.02403846153846154
0 0.8990384615384616 0.514423076923077 0.02403846153846154 0.02403846153846154
0 0.5240384615384616 0.7139423076923077 0.02403846153846154 0.02403846153846154
0 0.5024038461538461 0.7932692307692308 0.02403846153846154 0.02403846153846154
0 0.08653846153846154 0.5192307692307693 0.02403846153846154 0.02403846153846154
0 0.1466346153846154 0.6634615384615385 0.02403846153846154 0.02403846153846154
0 0.04326923076923077 0.78125 0.02403846153846154 0.02403846153846154
0 0.3004807692307693 0.44230769230769235 0.02403846153846154 0.02403846153846154
0 0.2956730769230769 0.375 0.02403846153846154 0.02403846153846154
0 0.32211538461538464 0.3389423076923077 0.02403846153846154 0.02403846153846154
0 0.25961538461538464 0.889423076923077 0.02403846153846154 0.02403846153846154
0 0.05528846153846154 0.07211538461538462 0.02403846153846154 0.02403846153846154
0 0.04326923076923077 0.06730769230769232 0.02403846153846154 0.02403846153846154
0 0.07692307692307693 0.12740384615384617 0.02403846153846154 0.02403846153846154
0 0.6201923076923077 0.8341346153846154 0.02403846153846154 0.02403846153846154
0 0.7139423076923077 0.3894230769230769 0.02403846153846154 0.02403846153846154
0 0.7475961538461539 0.34855769230769235 0.02403846153846154 0.02403846153846154
