0 0.8677884615384616 0.9663461538461539 0.02403846153846154 0.02403846153846154
0 0.6442307692307693 0.9615384615384616 0.02403846153846154 0.02403846153846154
0 0.41105769230769235 0.9615384615384616 0.02403846153846154 0.02403846153846154
0 0.31009615384615385 0.9423076923076924 0.02403846153846154 0.02403846153846154
0 0.32211538461538464 0.9302884615384616 0.02403846153846154 0.02403846153846154
0 0.8076923076923077 0.920673076923077 0.02403846153846154 0.02403846153846154
0 0.6754807692307693 0.9110576923076924 0.02403846153846154 0.02403846153846154
0 0.8341346153846154 0.9086538461538463 0.02403846153846154 0.02403846153846154
0 0.16105769230769232 0.9038461538461539 0.02403846153846154 0.02403846153846154
0 0.4519230769230769 0.8990384615384616 0.02403846153846154 0.02403846153846154
0 0.71875 0.8870192307692308 0.02403846153846154 0.02403846153846154
0 0.22355769230769232 0.8822115384615385 0.02403846153846154 0.02403846153846154
0 0.026442307692307696 0.8798076923076924 0.02403846153846154 0.02403846153846154
0 0.40625 0.8701923076923077 0.02403846153846154 0.02403846153846154
0 0.1514423076923077 0.8653846153846154 0.02403846153846154 0.02403846153846154
0 0.4759615384615385 0.8533653846153847 0.02403846153846154 0.02403846153846154
0 0.41105769230769235 0.8317307692307693 0.02403846153846154 0.02403846153846154
0 0.040865384615384616 0.8317307692307693 0.02403846153846154 0.02403846153846154
0 0.3245192307692308 0.8245192307692308 0.02403846153846154 0.02403846153846154
0 0.5072115384615384 0.7908653846153847 0.02403846153846154 0.02403846153846154
0 0.2932692307692308 0.7884615384615385 0.02403846153846154 0.02403846153846154
0 0.09615384615384616 0.7596153846153847 0.02403846153846154 0.02403846153846154
0 0.23317307692307693 0.75 0.02403846153846154 0.02403846153846154
0 0.19951923076923078 0.7427884615384616 0.02403846153846154 0.02403846153846154
0 0.13942307692307693 0.7379807692307693 0.02403846153846154 0.02403846153846154
0 0.608173076923077 0.7283653846153847 0.02403846153846154 0.02403846153846154
0 0.6947115384615385 0.7259615384615385 0.02403846153846154 0.02403846153846154
0 0.21634615384615385 0.71875 0.02403846153846154 0.02403846153846154
0 0.5192307692307693 0.7115384615384616 0.02403846153846154 0.02403846153846154
0 0.27403846153846156 0.6610576923076923 0.02403846153846154 0.02403846153846154
0 0.5745192307692308 0.6490384615384616 0.02403846153846154 0.02403846153846154
0 0.30528846153846156 0.6418269230769231 0.02403846153846154 0.02403846153846154
0 0.5384615384615385 0.6057692307692308 0.02403846153846154 0.02403846153846154
0 0.4807692307692308 0.5913461538461539 0.02403846153846154 0.02403846153846154
0 0.2355769230769231 0.5889423076923077 0.02403846153846154 0.02403846153846154
0 0.4519230769230769 0.5745192307692308 0.02403846153846154 0.02403846153846154
0 0.3293269230769231 0.5745192307692308 0.02403846153846154 0.02403846153846154
0 0.30528846153846156 0.5480769230769231 0.02403846153846154 0.02403846153846154
0 0.11538461538461539 0.5432692307692308 0.02403846153846154 0.02403846153846154
0 0.28605769230769235 0.5264423076923077 0.02403846153846154 0.02403846153846154
0 0.21634615384615385 0.5192307692307693 0.02403846153846154 0.02403846153846154
0 0.41586538461538464 0.49278846153846156 0.02403846153846154 0.02403846153846154
0 0.10096153846153846 0.47355769230769235 0.02403846153846154 0.02403846153846154
0 0.09134615384615385 0.4591346153846154 0.02403846153846154 0.02403846153846154
0 0.3918269230769231 0.4447115384615385 0.02403846153846154 0.02403846153846154
0 0.5673076923076923 0.4254807692307693 0.02403846153846154 0.02403846153846154
0 0.3389423076923077 0.40625 0.02403846153846154 0.02403846153846154
0 0.5889423076923077 0.3918269230769231 0.02403846153846154 0.02403846153846154
0 0.6346153846153847 0.3894230769230769 0.02403846153846154 0.02403846153846154
0 0.0625 0.3774038461538462 0.02403846153846154 0.02403846153846154
0 0.45432692307692313 0.3605769230769231 0.02403846153846154 0.02403846153846154
0 0.20192307692307693 0.3076923076923077 0.02403846153846154 0.02403846153846154
0 0.06730769230769232 0.29086538461538464 0.02403846153846154 0.02403846153846154
0 0.35336538461538464 0.2764423076923077 0.02403846153846154 0.02403846153846154
0 0.17548076923076925 0.25240384615384615 0.02403846153846154 0.02403846153846154
0 0.11538461538461539 0.25 0.02403846153846154 0.02403846153846154
0 0.31730769230769235 0.22836538461538464 0.02403846153846154 0.02403846153846154
0 0.2716346153846154 0.18990384615384617 0.02403846153846154 0.02403846153846154
0 0.3245192307692308 0.1826923076923077 0.02403846153846154 0.02403846153846154
0 0.2644230769230769 0.16586538461538464 0.02403846153846154 0.02403846153846154
0 0.3629807692307693 0.08653846153846154 0.02403846153846154 0.02403846153846154
0 0.22115384615384617 0.038461538461538464 0.02403846153846154 0.02403846153846154
0 0.3341346153846154 0.03125 0.02403846153846154 0.02403846153846154
0 0.639423076923077 0.2884615384615385 0.02403846153846154 0.02403846153846154
0 0.795673076923077 0.6201923076923077 0.02403846153846154 0.02403846153846154
0 0.6442307692307693 0.6442307692307693 0.02403846153846154 0.02403846153846154
0 0.701923076923077 0.6778846153846154 0.02403846153846154 0.02403846153846154
0 0.6153846153846154 0.6177884615384616 0.02403846153846154 0.02403846153846154
0 0.6033653846153847 0.3269230769230769 0.02403846153846154 0.02403846153846154
0 0.6802884615384616 0.3629807692307693 0.02403846153846154 0.02403846153846154
0 0.5817307692307693 0.3317307692307693 0.02403846153846154 0.02403846153846154
0 0.5264423076923077 0.3269230769230769 0.02403846153846154 0.02403846153846154
0 0.4399038461538462 0.25961538461538464 0.02403846153846154 0.02403846153846154
0 0.4278846153846154 0.23798076923076925 0.02403846153846154 0.02403846153846154
0 0.4375 0.1201923076923077 0.02403846153846154 0.02403846153846154
0 0.34134615384615385 0.3245192307692308 0.02403846153846154 0.02403846153846154
0 0.38461538461538464 0.29086538461538464 0.02403846153846154 0.02403846153846154
0 0.3293269230769231 0.27403846153846156 0.02403846153846154 0.02403846153846154
0 0.2620192307692308 0.12740384615384617 0.02403846153846154 0.02403846153846154
0 0.17067307692307693 0.16826923076923078 0.02403846153846154 0.02403846153846154
0 0.11298076923076923 0.125 0.02403846153846154 0.02403846153846154
0 0.06730769230769232 0.07692307692307693 0.02403846153846154 0.02403846153846154
0 0.5889423076923077 0.6899038461538461 0.02403846153846154 0.02403846153846154
0 0.6923076923076923 0.8221153846153847 0.02403846153846154 0.02403846153846154
0 0.6105769230769231 0.7908653846153847 0.02403846153846154 0.02403846153846154
0 0.5961538461538461 0.8173076923076924 0.02403846153846154 0.02403846153846154
0 0.5985576923076923 0.9038461538461539 0.02403846153846154 0.02403846153846154
0 0.6322115384615385 0.9399038461538463 0.02403846153846154 0.02403846153846154
0 0.6298076923076923 0.9711538461538463 0.02403846153846154 0.02403846153846154
0 0.08173076923076923 0.9495192307692308 0.02403846153846154 0.02403846153846154
0 0.09134615384615385 0.8221153846153847 0.02403846153846154 0.02403846153846154
0 0.27403846153846156 0.6971153846153847 0.02403846153846154 0.02403846153846154
0 0.3918269230769231 0.59375 0.02403846153846154 0.02403846153846154
0 0.35336538461538464 0.4447115384615385 0.02403846153846154 0.02403846153846154
0 0.1875 0.6923076923076923 0.02403846153846154 0.02403846153846154
0 0.1826923076923077 0.6105769230769231 0.02403846153846154 0.02403846153846154
0 0.12980769230769232 0.6177884615384616 0.02403846153846154 0.02403846153846154
0 0.07451923076923077 0.7355769230769231 0.02403846153846154 0.02403846153846154
