0 0.9182692307692308 0.8701923076923077 0.02403846153846154 0.02403846153846154
0 0.5697115384615385 0.8461538461538463 0.02403846153846154 0.02403846153846154
0 0.43509615384615385 0.78125 0.02403846153846154 0.02403846153846154
0 0.4014423076923077 0.7764423076923077 0.02403846153846154 0.02403846153846154
0 0.4519230769230769 0.764423076923077 0.02403846153846154 0.02403846153846154
0 0.1201923076923077 0.7548076923076924 0.02403846153846154 0.02403846153846154
0 0.9110576923076924 0.6610576923076923 0.02403846153846154 0.02403846153846154
0 0.7451923076923077 0.6538461538461539 0.02403846153846154 0.02403846153846154
0 0.8966346153846154 0.6442307692307693 0.02403846153846154 0.02403846153846154
0 0.6658653846153847 0.5913461538461539 0.02403846153846154 0.02403846153846154
0 0.7211538461538461 0.5600961538461539 0.02403846153846154 0.02403846153846154
0 0.8966346153846154 0.5504807692307693 0.02403846153846154 0.02403846153846154
0 0.4326923076923077 0.5240384615384616 0.02403846153846154 0.02403846153846154
0 0.6730769230769231 0.5216346153846154 0.02403846153846154 0.02403846153846154
0 0.07932692307692309 0.49759615384615385 0.02403846153846154 0.02403846153846154
0 0.90625 0.4951923076923077 0.02403846153846154 0.02403846153846154
0 0.42307692307692313 0.46875 0.02403846153846154 0.02403846153846154
0 0.6177884615384616 0.42307692307692313 0.02403846153846154 0.02403846153846154
0 0.7596153846153847 0.3701923076923077 0.02403846153846154 0.02403846153846154
0 0.9567307692307693 0.3557692307692308 0.02403846153846154 0.02403846153846154
0 0.6586538461538461 0.35336538461538464 0.02403846153846154 0.02403846153846154
0 0.7475961538461539 0.3509615384615385 0.02403846153846154 0.02403846153846154
0 0.7860576923076924 0.3269230769230769 0.02403846153846154 0.02403846153846154
0 0.6995192307692308 0.29086538461538464 0.02403846153846154 0.02403846153846154
0 0.28365384615384615 0.2764423076923077 0.02403846153846154 0.02403846153846154
0 0.7860576923076924 0.2692307692307693 0.02403846153846154 0.02403846153846154
0 0.639423076923077 0.25 0.02403846153846154 0.02403846153846154
0 0.8028846153846154 0.24278846153846156 0.02403846153846154 0.02403846153846154
0 0.6826923076923077 0.20673076923076925 0.02403846153846154 0.02403846153846154
0 0.41105769230769235 0.2043269230769231 0.02403846153846154 0.02403846153846154
0 0.4903846153846154 0.1778846153846154 0.02403846153846154 0.02403846153846154
0 0.6225961538461539 0.14182692307692307 0.02403846153846154 0.02403846153846154
0 0.6033653846153847 0.07692307692307693 0.02403846153846154 0.02403846153846154
0 0.3894230769230769 0.07692307692307693 0.02403846153846154 0.02403846153846154
0 0.7211538461538461 0.06971153846153846 0.02403846153846154 0.02403846153846154
0 0.9471153846153847 0.06490384615384616 0.02403846153846154 0.02403846153846154
0 0.9230769230769231 0.038461538461538464 0.02403846153846154 0.02403846153846154
0 0.8870192307692308 0.038461538461538464 0.02403846153846154 0.02403846153846154
0 0.8245192307692308 0.028846153846153848 0.02403846153846154 0.02403846153846154
0 0.08413461538461539 0.02403846153846154 0.02403846153846154 0.02403846153846154
0 0.9711538461538463 0.6682692307692308 0.02403846153846154 0.02403846153846154
0 0.8413461538461539 0.6129807692307693 0.02403846153846154 0.02403846153846154
0 0.8822115384615385 0.5528846153846154 0.02403846153846154 0.02403846153846154
0 0.9375 0.4086538461538462 0.02403846153846154 0.02403846153846154
0 0.8798076923076924 0.06490384615384616 0.02403846153846154 0.02403846153846154
0 0.733173076923077 0.5048076923076923 0.02403846153846154 0.02403846153846154
0 0.6418269230769231 0.5697115384615385 0.02403846153846154 0.02403846153846154
0 0.7403846153846154 0.5432692307692308 0.02403846153846154 0.02403846153846154
0 0.5240384615384616 0.5072115384615384 0.02403846153846154 0.02403846153846154
0 0.8701923076923077 0.14423076923076925 0.02403846153846154 0.02403846153846154
0 0.6490384615384616 0.14903846153846154 0.02403846153846154 0.02403846153846154
0 0.20192307692307693 0.06490384615384616 0.02403846153846154 0.02403846153846154
0 0.0889423076923077 0.2884615384615385 0.02403846153846154 0.02403846153846154
0 0.03365384615384616 0.25480769230769235 0.02403846153846154 0.02403846153846154
0 0.16826923076923078 0.5528846153846154 0.02403846153846154 0.02403846153846154
0 0.3028846153846154 0.71875 0.02403846153846154 0.02403846153846154
0 0.2091346153846154 0.7211538461538461 0.02403846153846154 0.02403846153846154
0 0.3581730769230769 0.9471153846153847 0.02403846153846154 0.02403846153846154
0 0.2451923076923077 0.8774038461538463 0.02403846153846154 0.02403846153846154
0 0.6514423076923077 0.8197115384615385 0.02403846153846154 0.02403846153846154
0 0.11778846153846155 0.8677884615384616 0.02403846153846154 0.02403846153846154
0 0.10576923076923078 0.7932692307692308 0.02403846153846154 0.02403846153846154
0 0.06009615384615385 0.7716346153846154 0.02403846153846154 0.02403846153846154
0 0.45432692307692313 0.8509615384615385 0.02403846153846154 0.02403846153846154
0 0.3774038461538462 0.8365384615384616 0.02403846153846154 0.02403846153846154
0 0.3197115384615385 0.10576923076923078 0.02403846153846154 0.02403846153846154
0 0.06009615384615385 0.9134615384615385 0.02403846153846154 0.02403846153846154
0 0.04807692307692308 0.35336538461538464 0.02403846153846154 0.02403846153846154
0 0.03365384615384616 0.3004807692307693 0.02403846153846154 0.02403846153846154
