0 0.7620192307692308 0.9591346153846154 0.02403846153846154 0.02403846153846154
0 0.9014423076923077 0.9543269230769231 0.02403846153846154 0.02403846153846154
0 0.8389423076923077 0.9495192307692308 0.02403846153846154 0.02403846153846154
0 0.7908653846153847 0.9326923076923077 0.02403846153846154 0.02403846153846154
0 0.3701923076923077 0.9158653846153847 0.02403846153846154 0.02403846153846154
0 0.15625 0.9158653846153847 0.02403846153846154 0.02403846153846154
0 0.4879807692307693 0.9086538461538463 0.02403846153846154 0.02403846153846154
0 0.7139423076923077 0.9038461538461539 0.02403846153846154 0.02403846153846154
0 0.7740384615384616 0.8798076923076924 0.02403846153846154 0.02403846153846154
0 0.6899038461538461 0.8774038461538463 0.02403846153846154 0.02403846153846154
0 0.6538461538461539 0.8774038461538463 0.02403846153846154 0.02403846153846154
0 0.5913461538461539 0.8677884615384616 0.02403846153846154 0.02403846153846154
0 0.9110576923076924 0.858173076923077 0.02403846153846154 0.02403846153846154
0 0.8725961538461539 0.8413461538461539 0.02403846153846154 0.02403846153846154
0 0.18509615384615385 0.826923076923077 0.02403846153846154 0.02403846153846154
0 0.46153846153846156 0.8149038461538461 0.02403846153846154 0.02403846153846154
0 0.9495192307692308 0.8028846153846154 0.02403846153846154 0.02403846153846154
0 0.8461538461538463 0.764423076923077 0.02403846153846154 0.02403846153846154
0 0.6730769230769231 0.7596153846153847 0.02403846153846154 0.02403846153846154
0 0.7355769230769231 0.7403846153846154 0.02403846153846154 0.02403846153846154
0 0.7740384615384616 0.733173076923077 0.02403846153846154 0.02403846153846154
0 0.2884615384615385 0.7307692307692308 0.02403846153846154 0.02403846153846154
0 0.576923076923077 0.7235576923076924 0.02403846153846154 0.02403846153846154
0 0.6995192307692308 0.7067307692307693 0.02403846153846154 0.02403846153846154
0 0.9615384615384616 0.6947115384615385 0.02403846153846154 0.02403846153846154
0 0.43028846153846156 0.6971153846153847 0.02403846153846154 0.02403846153846154
0 0.764423076923077 0.6923076923076923 0.02403846153846154 0.02403846153846154
0 0.6322115384615385 0.6850961538461539 0.02403846153846154 0.02403846153846154
0 0.23798076923076925 0.6802884615384616 0.02403846153846154 0.02403846153846154
0 0.6634615384615385 0.6754807692307693 0.02403846153846154 0.02403846153846154
0 0.4591346153846154 0.670673076923077 0.02403846153846154 0.02403846153846154
0 0.2884615384615385 0.6634615384615385 0.02403846153846154 0.02403846153846154
0 0.9350961538461539 0.6490384615384616 0.02403846153846154 0.02403846153846154
0 0.37980769230769235 0.6466346153846154 0.02403846153846154 0.02403846153846154
0 0.9495192307692308 0.6274038461538461 0.02403846153846154 0.02403846153846154
0 0.4254807692307693 0.59375 0.02403846153846154 0.02403846153846154
0 0.7259615384615385 0.59375 0.02403846153846154 0.02403846153846154
0 0.6995192307692308 0.576923076923077 0.02403846153846154 0.02403846153846154
0 0.4831730769230769 0.5745192307692308 0.02403846153846154 0.02403846153846154
0 0.9423076923076924 0.5697115384615385 0.02403846153846154 0.02403846153846154
0 0.5240384615384616 0.5576923076923077 0.02403846153846154 0.02403846153846154
0 0.43028846153846156 0.5528846153846154 0.02403846153846154 0.02403846153846154
0 0.375 0.5480769230769231 0.02403846153846154 0.02403846153846154
0 0.7283653846153847 0.5432692307692308 0.02403846153846154 0.02403846153846154
0 0.6153846153846154 0.5360576923076923 0.02403846153846154 0.02403846153846154
0 0.5024038461538461 0.53125 0.02403846153846154 0.02403846153846154
0 0.4086538461538462 0.53125 0.02403846153846154 0.02403846153846154
0 0.375 0.5240384615384616 0.02403846153846154 0.02403846153846154
0 0.1826923076923077 0.5240384615384616 0.02403846153846154 0.02403846153846154
0 0.48557692307692313 0.5120192307692308 0.02403846153846154 0.02403846153846154
0 0.90625 0.5024038461538461 0.02403846153846154 0.02403846153846154
0 0.4086538461538462 0.5 0.02403846153846154 0.02403846153846154
0 0.7475961538461539 0.4879807692307693 0.02403846153846154 0.02403846153846154
0 0.3028846153846154 0.4807692307692308 0.02403846153846154 0.02403846153846154
0 0.25961538461538464 0.4807692307692308 0.02403846153846154 0.02403846153846154
0 0.6466346153846154 0.46875 0.02403846153846154 0.02403846153846154
0 0.6586538461538461 0.4567307692307693 0.02403846153846154 0.02403846153846154
0 0.49759615384615385 0.43028846153846156 0.02403846153846154 0.02403846153846154
0 0.2403846153846154 0.4278846153846154 0.02403846153846154 0.02403846153846154
0 0.7884615384615385 0.4254807692307693 0.02403846153846154 0.02403846153846154
0 0.5600961538461539 0.4086538461538462 0.02403846153846154 0.02403846153846154
0 0.3629807692307693 0.40625 0.02403846153846154 0.02403846153846154
0 0.7427884615384616 0.3966346153846154 0.02403846153846154 0.02403846153846154
0 0.4879807692307693 0.3918269230769231 0.02403846153846154 0.02403846153846154
0 0.8125 0.37980769230769235 0.02403846153846154 0.02403846153846154
0 0.34134615384615385 0.3629807692307693 0.02403846153846154 0.02403846153846154
0 0.7475961538461539 0.3581730769230769 0.02403846153846154 0.02403846153846154
0 0.3774038461538462 0.3581730769230769 0.02403846153846154 0.02403846153846154
0 0.6610576923076923 0.3509615384615385 0.02403846153846154 0.02403846153846154
0 0.2620192307692308 0.34134615384615385 0.02403846153846154 0.02403846153846154
0 0.84375 0.31730769230769235 0.02403846153846154 0.02403846153846154
0 0.6298076923076923 0.31490384615384615 0.02403846153846154 0.02403846153846154
0 0.3125 0.31490384615384615 0.02403846153846154 0.02403846153846154
0 0.13942307692307693 0.2956730769230769 0.02403846153846154 0.02403846153846154
0 0.22836538461538464 0.2932692307692308 0.02403846153846154 0.02403846153846154
0 0.4326923076923077 0.28605769230769235 0.02403846153846154 0.02403846153846154
0 0.5697115384615385 0.2764423076923077 0.02403846153846154 0.02403846153846154
0 0.5360576923076923 0.2692307692307693 0.02403846153846154 0.02403846153846154
0 0.4759615384615385 0.2644230769230769 0.02403846153846154 0.02403846153846154
0 0.9447115384615385 0.25480769230769235 0.02403846153846154 0.02403846153846154
0 0.5528846153846154 0.2451923076923077 0.02403846153846154 0.02403846153846154
0 0.8557692307692308 0.23798076923076925 0.02403846153846154 0.02403846153846154
0 0.3197115384615385 0.19230769230769232 0.02403846153846154 0.02403846153846154
0 0.6105769230769231 0.1875 0.02403846153846154 0.02403846153846154
0 0.9110576923076924 0.17548076923076925 0.02403846153846154 0.02403846153846154
0 0.6418269230769231 0.16826923076923078 0.02403846153846154 0.02403846153846154
0 0.875 0.13221153846153846 0.02403846153846154 0.02403846153846154
0 0.8173076923076924 0.11778846153846155 0.02403846153846154 0.02403846153846154
0 0.5721153846153847 0.11538461538461539 0.02403846153846154 0.02403846153846154
0 0.7884615384615385 0.10096153846153846 0.02403846153846154 0.02403846153846154
0 0.6658653846153847 0.10096153846153846 0.02403846153846154 0.02403846153846154
0 0.21634615384615385 0.07692307692307693 0.02403846153846154 0.02403846153846154
0 0.6418269230769231 0.07451923076923077 0.02403846153846154 0.02403846153846154
0 0.4519230769230769 0.06971153846153846 0.02403846153846154 0.02403846153846154
0 0.34375 0.06971153846153846 0.02403846153846154 0.02403846153846154
0 0.6225961538461539 0.05288461538461539 0.02403846153846154 0.02403846153846154
0 0.5528846153846154 0.04567307692307693 0.02403846153846154 0.02403846153846154
0 0.951923076923077 0.14423076923076925 0.02403846153846154 0.02403846153846154
0 0.9254807692307693 0.21634615384615385 0.02403846153846154 0.02403846153846154
0 0.9471153846153847 0.31730769230769235 0.02403846153846154 0.02403846153846154
0 0.9326923076923077 0.34375 0.02403846153846154 0.02403846153846154
0 0.9350961538461539 0.43028846153846156 0.02403846153846154 0.02403846153846154
0 0.96875 0.46634615384615385 0.02403846153846154 0.02403846153846154
0 0.9711538461538463 0.5649038461538461 0.02403846153846154 0.02403846153846154
0 0.9663461538461539 0.49759615384615385 0.02403846153846154 0.02403846153846154
0 0.8365384615384616 0.5528846153846154 0.02403846153846154 0.02403846153846154
0 0.8052884615384616 0.6033653846153847 0.02403846153846154 0.02403846153846154
0 0.7884615384615385 0.5961538461538461 0.02403846153846154 0.02403846153846154
0 0.7548076923076924 0.71875 0.02403846153846154 0.02403846153846154
0 0.7139423076923077 0.7475961538461539 0.02403846153846154 0.02403846153846154
0 0.6442307692307693 0.7980769230769231 0.02403846153846154 0.02403846153846154
0 0.6466346153846154 0.9038461538461539 0.02403846153846154 0.02403846153846154
0 0.6370192307692308 0.6538461538461539 0.02403846153846154 0.02403846153846154
0 0.4182692307692308 0.4759615384615385 0.02403846153846154 0.02403846153846154
0 0.4278846153846154 0.34855769230769235 0.02403846153846154 0.02403846153846154
0 0.6105769230769231 0.22355769230769232 0.02403846153846154 0.02403846153846154
0 0.7283653846153847 0.1201923076923077 0.02403846153846154 0.02403846153846154
0 0.5240384615384616 0.21875 0.02403846153846154 0.02403846153846154
0 0.5192307692307693 0.13701923076923078 0.02403846153846154 0.02403846153846154
0 0.46634615384615385 0.14423076923076925 0.02403846153846154 0.02403846153846154
0 0.125 0.4182692307692308 0.02403846153846154 0.02403846153846154
0 0.2764423076923077 0.02403846153846154 0.02403846153846154 0.02403846153846154
0 0.19951923076923078 0.34855769230769235 0.02403846153846154 0.02403846153846154
0 0.41105769230769235 0.2620192307692308 0.02403846153846154 0.02403846153846154
0 0.36778846153846156 0.8149038461538461 0.02403846153846154 0.02403846153846154
0 0.49278846153846156 0.75 0.02403846153846154 0.02403846153846154
0 0.3774038461538462 0.6153846153846154 0.02403846153846154 0.02403846153846154
0 0.3653846153846154 0.625 0.02403846153846154 0.02403846153846154
0 0.08653846153846154 0.9447115384615385 0.02403846153846154 0.02403846153846154
0 0.18028846153846154 0.5 0.02403846153846154 0.02403846153846154
0 0.2139423076923077 0.4591346153846154 0.02403846153846154 0.02403846153846154
