0 0.75 0.8365384615384616 0.02403846153846154 0.02403846153846154
0 0.8461538461538463 0.4447115384615385 0.02403846153846154 0.02403846153846154
0 0.8966346153846154 0.09855769230769232 0.02403846153846154 0.02403846153846154
0 0.8557692307692308 0.125 0.02403846153846154 0.02403846153846154
0 0.795673076923077 0.1514423076923077 0.02403846153846154 0.02403846153846154
0 0.8677884615384616 0.7067307692307693 0.02403846153846154 0.02403846153846154
0 0.858173076923077 0.6225961538461539 0.02403846153846154 0.02403846153846154
0 0.7091346153846154 0.7307692307692308 0.02403846153846154 0.02403846153846154
0 0.8461538461538463 0.29086538461538464 0.02403846153846154 0.02403846153846154
0 0.7283653846153847 0.11778846153846155 0.02403846153846154 0.02403846153846154
0 0.7283653846153847 0.2139423076923077 0.02403846153846154 0.02403846153846154
0 0.8918269230769231 0.8173076923076924 0.02403846153846154 0.02403846153846154
0 0.8677884615384616 0.7836538461538461 0.02403846153846154 0.02403846153846154
