0 0.7668269230769231 0.78125 0.02403846153846154 0.02403846153846154
0 0.889423076923077 0.7283653846153847 0.02403846153846154 0.02403846153846154
0 0.7379807692307693 0.08653846153846154 0.02403846153846154 0.02403846153846154
0 0.7403846153846154 0.13221153846153846 0.02403846153846154 0.02403846153846154
0 0.9038461538461539 0.3629807692307693 0.02403846153846154 0.02403846153846154
0 0.53125 0.25 0.02403846153846154 0.02403846153846154
0 0.3341346153846154 0.28125 0.02403846153846154 0.02403846153846154
0 0.2956730769230769 0.34615384615384615 0.02403846153846154 0.02403846153846154
0 0.23317307692307693 0.39903846153846156 0.02403846153846154 0.02403846153846154
0 0.07211538461538462 0.5120192307692308 0.02403846153846154 0.02403846153846154
0 0.39903846153846156 0.9639423076923077 0.02403846153846154 0.02403846153846154
0 0.6682692307692308 0.4254807692307693 0.02403846153846154 0.02403846153846154
0 0.9302884615384616 0.07932692307692309 0.02403846153846154 0.02403846153846154
