0 0.8004807692307693 0.9615384615384616 0.02403846153846154 0.02403846153846154
0 0.8389423076923077 0.9543269230769231 0.02403846153846154 0.02403846153846154
0 0.35336538461538464 0.951923076923077 0.02403846153846154 0.02403846153846154
0 0.6418269230769231 0.9447115384615385 0.02403846153846154 0.02403846153846154
0 0.764423076923077 0.9278846153846154 0.02403846153846154 0.02403846153846154
0 0.4951923076923077 0.9182692307692308 0.02403846153846154 0.02403846153846154
0 0.8293269230769231 0.9134615384615385 0.02403846153846154 0.02403846153846154
0 0.6971153846153847 0.90625 0.02403846153846154 0.02403846153846154
0 0.3028846153846154 0.9014423076923077 0.02403846153846154 0.02403846153846154
0 0.7283653846153847 0.8966346153846154 0.02403846153846154 0.02403846153846154
0 0.5240384615384616 0.8918269230769231 0.02403846153846154 0.02403846153846154
0 0.35336538461538464 0.8846153846153847 0.02403846153846154 0.02403846153846154
0 0.4447115384615385 0.8677884615384616 0.02403846153846154 0.02403846153846154
0 0.4903846153846154 0.8149038461538461 0.02403846153846154 0.02403846153846154
0 0.7908653846153847 0.8149038461538461 0.02403846153846154 0.02403846153846154
0 0.764423076923077 0.7980769230769231 0.02403846153846154 0.02403846153846154
0 0.5480769230769231 0.795673076923077 0.02403846153846154 0.02403846153846154
0 0.5889423076923077 0.7788461538461539 0.02403846153846154 0.02403846153846154
0 0.4951923076923077 0.7740384615384616 0.02403846153846154 0.02403846153846154
0 0.4399038461538462 0.7692307692307693 0.02403846153846154 0.02403846153846154
0 0.7932692307692308 0.764423076923077 0.02403846153846154 0.02403846153846154
0 0.6802884615384616 0.7572115384615385 0.02403846153846154 0.02403846153846154
0 0.5673076923076923 0.7524038461538461 0.02403846153846154 0.02403846153846154
0 0.47355769230769235 0.7524038461538461 0.02403846153846154 0.02403846153846154
0 0.4399038461538462 0.7451923076923077 0.02403846153846154 0.02403846153846154
0 0.24759615384615385 0.7451923076923077 0.02403846153846154 0.02403846153846154
0 0.5504807692307693 0.733173076923077 0.02403846153846154 0.02403846153846154
0 0.9711538461538463 0.7235576923076924 0.02403846153846154 0.02403846153846154
0 0.47355769230769235 0.7211538461538461 0.02403846153846154 0.02403846153846154
0 0.8125 0.7091346153846154 0.02403846153846154 0.02403846153846154
0 0.36778846153846156 0.701923076923077 0.02403846153846154 0.02403846153846154
0 0.3245192307692308 0.701923076923077 0.02403846153846154 0.02403846153846154
0 0.06730769230769232 0.6995192307692308 0.02403846153846154 0.02403846153846154
0 0.7115384615384616 0.6899038461538461 0.02403846153846154 0.02403846153846154
0 0.7235576923076924 0.6778846153846154 0.02403846153846154 0.02403846153846154
0 0.5625 0.6514423076923077 0.02403846153846154 0.02403846153846154
0 0.30528846153846156 0.6490384615384616 0.02403846153846154 0.02403846153846154
0 0.8533653846153847 0.6466346153846154 0.02403846153846154 0.02403846153846154
0 0.625 0.6298076923076923 0.02403846153846154 0.02403846153846154
0 0.4278846153846154 0.6274038461538461 0.02403846153846154 0.02403846153846154
0 0.8076923076923077 0.6177884615384616 0.02403846153846154 0.02403846153846154
0 0.5528846153846154 0.6129807692307693 0.02403846153846154 0.02403846153846154
0 0.8774038461538463 0.6009615384615385 0.02403846153846154 0.02403846153846154
0 0.40625 0.5841346153846154 0.02403846153846154 0.02403846153846154
0 0.8125 0.5793269230769231 0.02403846153846154 0.02403846153846154
0 0.44230769230769235 0.5793269230769231 0.02403846153846154 0.02403846153846154
0 0.7259615384615385 0.5721153846153847 0.02403846153846154 0.02403846153846154
0 0.3269230769230769 0.5625 0.02403846153846154 0.02403846153846154
0 0.9086538461538463 0.5384615384615385 0.02403846153846154 0.02403846153846154
0 0.6947115384615385 0.5360576923076923 0.02403846153846154 0.02403846153846154
0 0.3774038461538462 0.5360576923076923 0.02403846153846154 0.02403846153846154
0 0.2043269230769231 0.5168269230769231 0.02403846153846154 0.02403846153846154
0 0.2932692307692308 0.514423076923077 0.02403846153846154 0.02403846153846154
0 0.49759615384615385 0.5072115384615384 0.02403846153846154 0.02403846153846154
0 0.6346153846153847 0.49759615384615385 0.02403846153846154 0.02403846153846154
0 0.6009615384615385 0.4903846153846154 0.02403846153846154 0.02403846153846154
0 0.5408653846153847 0.48557692307692313 0.02403846153846154 0.02403846153846154
0 0.6177884615384616 0.46634615384615385 0.02403846153846154 0.02403846153846154
0 0.920673076923077 0.4591346153846154 0.02403846153846154 0.02403846153846154
0 0.38461538461538464 0.4134615384615385 0.02403846153846154 0.02403846153846154
0 0.6754807692307693 0.4086538461538462 0.02403846153846154 0.02403846153846154
0 0.7067307692307693 0.3894230769230769 0.02403846153846154 0.02403846153846154
0 0.9399038461538463 0.35336538461538464 0.02403846153846154 0.02403846153846154
0 0.8822115384615385 0.3389423076923077 0.02403846153846154 0.02403846153846154
0 0.6370192307692308 0.33653846153846156 0.02403846153846154 0.02403846153846154
0 0.8533653846153847 0.32211538461538464 0.02403846153846154 0.02403846153846154
0 0.7307692307692308 0.32211538461538464 0.02403846153846154 0.02403846153846154
0 0.28125 0.2980769230769231 0.02403846153846154 0.02403846153846154
0 0.7067307692307693 0.2956730769230769 0.02403846153846154 0.02403846153846154
0 0.5168269230769231 0.29086538461538464 0.02403846153846154 0.02403846153846154
0 0.4086538461538462 0.29086538461538464 0.02403846153846154 0.02403846153846154
0 0.6875 0.27403846153846156 0.02403846153846154 0.02403846153846154
0 0.6177884615384616 0.2668269230769231 0.02403846153846154 0.02403846153846154
0 0.8173076923076924 0.2403846153846154 0.02403846153846154 0.02403846153846154
0 0.5024038461538461 0.22115384615384617 0.02403846153846154 0.02403846153846154
0 0.10096153846153846 0.2091346153846154 0.02403846153846154 0.02403846153846154
0 0.49278846153846156 0.20673076923076925 0.02403846153846154 0.02403846153846154
0 0.7932692307692308 0.19230769230769232 0.02403846153846154 0.02403846153846154
0 0.96875 0.17307692307692307 0.02403846153846154 0.02403846153846154
0 0.7403846153846154 0.15384615384615385 0.02403846153846154 0.02403846153846154
0 0.1778846153846154 0.13701923076923078 0.02403846153846154 0.02403846153846154
0 0.4639423076923077 0.125 0.02403846153846154 0.02403846153846154
0 0.040865384615384616 0.125 0.02403846153846154 0.02403846153846154
0 0.31490384615384615 0.12259615384615385 0.02403846153846154 0.02403846153846154
0 0.8557692307692308 0.10817307692307693 0.02403846153846154 0.02403846153846154
0 0.22355769230769232 0.10096153846153846 0.02403846153846154 0.02403846153846154
0 0.4086538461538462 0.06971153846153846 0.02403846153846154 0.02403846153846154
0 0.6033653846153847 0.05528846153846154 0.02403846153846154 0.02403846153846154
0 0.23076923076923078 0.04807692307692308 0.02403846153846154 0.02403846153846154
0 0.46875 0.038461538461538464 0.02403846153846154 0.02403846153846154
0 0.7548076923076924 0.02403846153846154 0.02403846153846154 0.02403846153846154
0 0.9278846153846154 0.07451923076923077 0.02403846153846154 0.02403846153846154
0 0.7427884615384616 0.07211538461538462 0.02403846153846154 0.02403846153846154
0 0.7860576923076924 0.038461538461538464 0.02403846153846154 0.02403846153846154
0 0.7307692307692308 0.021634615384615384 0.02403846153846154 0.02403846153846154
0 0.9014423076923077 0.7740384615384616 0.02403846153846154 0.02403846153846154
0 0.8701923076923077 0.8245192307692308 0.02403846153846154 0.02403846153846154
0 0.8533653846153847 0.8173076923076924 0.02403846153846154 0.02403846153846154
0 0.8197115384615385 0.9399038461538463 0.02403846153846154 0.02403846153846154
0 0.7788461538461539 0.96875 0.02403846153846154 0.02403846153846154
0 0.701923076923077 0.875 0.02403846153846154 0.02403846153846154
0 0.4831730769230769 0.6971153846153847 0.02403846153846154 0.02403846153846154
0 0.49278846153846156 0.5697115384615385 0.02403846153846154 0.02403846153846154
0 0.6754807692307693 0.4447115384615385 0.02403846153846154 0.02403846153846154
0 0.7932692307692308 0.34134615384615385 0.02403846153846154 0.02403846153846154
0 0.7548076923076924 0.19230769230769232 0.02403846153846154 0.02403846153846154
0 0.5889423076923077 0.4399038461538462 0.02403846153846154 0.02403846153846154
0 0.5841346153846154 0.3581730769230769 0.02403846153846154 0.02403846153846154
0 0.53125 0.3653846153846154 0.02403846153846154 0.02403846153846154
0 0.18990384615384617 0.639423076923077 0.02403846153846154 0.02403846153846154
0 0.021634615384615384 0.2956730769230769 0.02403846153846154 0.02403846153846154
0 0.03365384615384616 0.2668269230769231 0.02403846153846154 0.02403846153846154
0 0.04807692307692308 0.4014423076923077 0.02403846153846154 0.02403846153846154
0 0.28125 0.12740384615384617 0.02403846153846154 0.02403846153846154
0 0.3197115384615385 0.05288461538461539 0.02403846153846154 0.02403846153846154
0 0.37259615384615385 0.08413461538461539 0.02403846153846154 0.02403846153846154
0 0.37259615384615385 0.12259615384615385 0.02403846153846154 0.02403846153846154
0 0.34134615384615385 0.2451923076923077 0.02403846153846154 0.02403846153846154
0 0.10096153846153846 0.0889423076923077 0.02403846153846154 0.02403846153846154
0 0.04807692307692308 0.04807692307692308 0.02403846153846154 0.02403846153846154
0 0.2644230769230769 0.5697115384615385 0.02403846153846154 0.02403846153846154
0 0.4759615384615385 0.4831730769230769 0.02403846153846154 0.02403846153846154
0 0.5576923076923077 0.9711538461538463 0.02403846153846154 0.02403846153846154
0 0.44230769230769235 0.8365384615384616 0.02403846153846154 0.02403846153846154
0 0.43028846153846156 0.8461538461538463 0.02403846153846154 0.02403846153846154
0 0.2451923076923077 0.7211538461538461 0.02403846153846154 0.02403846153846154
0 0.27884615384615385 0.6802884615384616 0.02403846153846154 0.02403846153846154
