0 0.8509615384615385 0.9711538461538463 0.02403846153846154 0.02403846153846154
0 0.639423076923077 0.9591346153846154 0.02403846153846154 0.02403846153846154
0 0.21875 0.9423076923076924 0.02403846153846154 0.02403846153846154
0 0.33653846153846156 0.9350961538461539 0.02403846153846154 0.02403846153846154
0 0.5625 0.9302884615384616 0.02403846153846154 0.02403846153846154
0 0.6225961538461539 0.90625 0.02403846153846154 0.02403846153846154
0 0.5384615384615385 0.9038461538461539 0.02403846153846154 0.02403846153846154
0 0.5024038461538461 0.9038461538461539 0.02403846153846154 0.02403846153846154
0 0.4399038461538462 0.8942307692307693 0.02403846153846154 0.02403846153846154
0 0.7596153846153847 0.8846153846153847 0.02403846153846154 0.02403846153846154
0 0.7211538461538461 0.8677884615384616 0.02403846153846154 0.02403846153846154
0 0.03365384615384616 0.8533653846153847 0.02403846153846154 0.02403846153846154
0 0.31009615384615385 0.8413461538461539 0.02403846153846154 0.02403846153846154
0 0.7980769230769231 0.8293269230769231 0.02403846153846154 0.02403846153846154
0 0.6947115384615385 0.7908653846153847 0.02403846153846154 0.02403846153846154
0 0.5216346153846154 0.7860576923076924 0.02403846153846154 0.02403846153846154
0 0.5841346153846154 0.7668269230769231 0.02403846153846154 0.02403846153846154
0 0.6225961538461539 0.7596153846153847 0.02403846153846154 0.02403846153846154
0 0.13701923076923078 0.7572115384615385 0.02403846153846154 0.02403846153846154
0 0.4254807692307693 0.75 0.02403846153846154 0.02403846153846154
0 0.8822115384615385 0.7355769230769231 0.02403846153846154 0.02403846153846154
0 0.5480769230769231 0.733173076923077 0.02403846153846154 0.02403846153846154
0 0.8100961538461539 0.7211538461538461 0.02403846153846154 0.02403846153846154
0 0.27884615384615385 0.7235576923076924 0.02403846153846154 0.02403846153846154
0 0.6129807692307693 0.71875 0.02403846153846154 0.02403846153846154
0 0.4807692307692308 0.7115384615384616 0.02403846153846154 0.02403846153846154
0 0.08653846153846154 0.7067307692307693 0.02403846153846154 0.02403846153846154
0 0.5120192307692308 0.701923076923077 0.02403846153846154 0.02403846153846154
0 0.3076923076923077 0.6971153846153847 0.02403846153846154 0.02403846153846154
0 0.13701923076923078 0.6899038461538461 0.02403846153846154 0.02403846153846154
0 0.8653846153846154 0.6875 0.02403846153846154 0.02403846153846154
0 0.7836538461538461 0.6754807692307693 0.02403846153846154 0.02403846153846154
0 0.22836538461538464 0.6730769230769231 0.02403846153846154 0.02403846153846154
0 0.7980769230769231 0.6538461538461539 0.02403846153846154 0.02403846153846154
0 0.27403846153846156 0.6201923076923077 0.02403846153846154 0.02403846153846154
0 0.5745192307692308 0.6201923076923077 0.02403846153846154 0.02403846153846154
0 0.5480769230769231 0.6033653846153847 0.02403846153846154 0.02403846153846154
0 0.3317307692307693 0.6009615384615385 0.02403846153846154 0.02403846153846154
0 0.7908653846153847 0.5961538461538461 0.02403846153846154 0.02403846153846154
0 0.37259615384615385 0.5841346153846154 0.02403846153846154 0.02403846153846154
0 0.27884615384615385 0.5793269230769231 0.02403846153846154 0.02403846153846154
0 0.22355769230769232 0.5745192307692308 0.02403846153846154 0.02403846153846154
0 0.9302884615384616 0.5697115384615385 0.02403846153846154 0.02403846153846154
0 0.576923076923077 0.5697115384615385 0.02403846153846154 0.02403846153846154
0 0.8942307692307693 0.5649038461538461 0.02403846153846154 0.02403846153846154
0 0.4639423076923077 0.5625 0.02403846153846154 0.02403846153846154
0 0.3509615384615385 0.5576923076923077 0.02403846153846154 0.02403846153846154
0 0.2572115384615385 0.5576923076923077 0.02403846153846154 0.02403846153846154
0 0.8485576923076924 0.5576923076923077 0.02403846153846154 0.02403846153846154
0 0.22355769230769232 0.5504807692307693 0.02403846153846154 0.02403846153846154
0 0.03125 0.5504807692307693 0.02403846153846154 0.02403846153846154
0 0.858173076923077 0.5432692307692308 0.02403846153846154 0.02403846153846154
0 0.3341346153846154 0.5384615384615385 0.02403846153846154 0.02403846153846154
0 0.7548076923076924 0.5288461538461539 0.02403846153846154 0.02403846153846154
0 0.2572115384615385 0.5264423076923077 0.02403846153846154 0.02403846153846154
0 0.8293269230769231 0.514423076923077 0.02403846153846154 0.02403846153846154
0 0.5961538461538461 0.514423076923077 0.02403846153846154 0.02403846153846154
0 0.1514423076923077 0.5072115384615384 0.02403846153846154 0.02403846153846154
0 0.10817307692307693 0.5072115384615384 0.02403846153846154 0.02403846153846154
0 0.4951923076923077 0.4951923076923077 0.02403846153846154 0.02403846153846154
0 0.5072115384615384 0.4831730769230769 0.02403846153846154 0.02403846153846154
0 0.8605769230769231 0.4639423076923077 0.02403846153846154 0.02403846153846154
0 0.34615384615384615 0.4567307692307693 0.02403846153846154 0.02403846153846154
0 0.0889423076923077 0.45432692307692313 0.02403846153846154 0.02403846153846154
0 0.6370192307692308 0.4519230769230769 0.02403846153846154 0.02403846153846154
0 0.9038461538461539 0.4399038461538462 0.02403846153846154 0.02403846153846154
0 0.4086538461538462 0.43509615384615385 0.02403846153846154 0.02403846153846154
0 0.21153846153846156 0.4326923076923077 0.02403846153846154 0.02403846153846154
0 0.5913461538461539 0.42307692307692313 0.02403846153846154 0.02403846153846154
0 0.33653846153846156 0.4182692307692308 0.02403846153846154 0.02403846153846154
0 0.6610576923076923 0.40625 0.02403846153846154 0.02403846153846154
0 0.18990384615384617 0.3894230769230769 0.02403846153846154 0.02403846153846154
0 0.5961538461538461 0.38461538461538464 0.02403846153846154 0.02403846153846154
0 0.22596153846153846 0.38461538461538464 0.02403846153846154 0.02403846153846154
0 0.5096153846153847 0.3774038461538462 0.02403846153846154 0.02403846153846154
0 0.11057692307692309 0.36778846153846156 0.02403846153846154 0.02403846153846154
0 0.6923076923076923 0.34375 0.02403846153846154 0.02403846153846154
0 0.47836538461538464 0.34134615384615385 0.02403846153846154 0.02403846153846154
0 0.16105769230769232 0.34134615384615385 0.02403846153846154 0.02403846153846154
0 0.07692307692307693 0.3197115384615385 0.02403846153846154 0.02403846153846154
0 0.28125 0.3125 0.02403846153846154 0.02403846153846154
0 0.4182692307692308 0.3028846153846154 0.02403846153846154 0.02403846153846154
0 0.38461538461538464 0.2956730769230769 0.02403846153846154 0.02403846153846154
0 0.3245192307692308 0.29086538461538464 0.02403846153846154 0.02403846153846154
0 0.7932692307692308 0.28125 0.02403846153846154 0.02403846153846154
0 0.8798076923076924 0.27884615384615385 0.02403846153846154 0.02403846153846154
0 0.4014423076923077 0.2716346153846154 0.02403846153846154 0.02403846153846154
0 0.7043269230769231 0.2644230769230769 0.02403846153846154 0.02403846153846154
0 0.16826923076923078 0.21875 0.02403846153846154 0.02403846153846154
0 0.4591346153846154 0.2139423076923077 0.02403846153846154 0.02403846153846154
0 0.7596153846153847 0.20192307692307693 0.02403846153846154 0.02403846153846154
0 0.4903846153846154 0.19471153846153846 0.02403846153846154 0.02403846153846154
0 0.7235576923076924 0.15865384615384617 0.02403846153846154 0.02403846153846154
0 0.6658653846153847 0.14423076923076925 0.02403846153846154 0.02403846153846154
0 0.4206730769230769 0.14182692307692307 0.02403846153846154 0.02403846153846154
0 0.6370192307692308 0.12740384615384617 0.02403846153846154 0.02403846153846154
0 0.514423076923077 0.12740384615384617 0.02403846153846154 0.02403846153846154
0 0.06490384615384616 0.10336538461538462 0.02403846153846154 0.02403846153846154
0 0.4903846153846154 0.10096153846153846 0.02403846153846154 0.02403846153846154
0 0.3004807692307693 0.09615384615384616 0.02403846153846154 0.02403846153846154
0 0.19230769230769232 0.09615384615384616 0.02403846153846154 0.02403846153846154
0 0.4711538461538462 0.07932692307692309 0.02403846153846154 0.02403846153846154
0 0.4014423076923077 0.07211538461538462 0.02403846153846154 0.02403846153846154
0 0.6009615384615385 0.04567307692307693 0.02403846153846154 0.02403846153846154
0 0.28605769230769235 0.026442307692307696 0.02403846153846154 0.02403846153846154
0 0.8293269230769231 0.19711538461538464 0.02403846153846154 0.02403846153846154
0 0.8870192307692308 0.23076923076923078 0.02403846153846154 0.02403846153846154
0 0.8004807692307693 0.17067307692307693 0.02403846153846154 0.02403846153846154
0 0.7740384615384616 0.24278846153846156 0.02403846153846154 0.02403846153846154
0 0.8774038461538463 0.375 0.02403846153846154 0.02403846153846154
0 0.795673076923077 0.34375 0.02403846153846154 0.02403846153846154
0 0.78125 0.3701923076923077 0.02403846153846154 0.02403846153846154
0 0.7836538461538461 0.4567307692307693 0.02403846153846154 0.02403846153846154
0 0.8173076923076924 0.49278846153846156 0.02403846153846154 0.02403846153846154
0 0.8197115384615385 0.5913461538461539 0.02403846153846154 0.02403846153846154
0 0.8149038461538461 0.5240384615384616 0.02403846153846154 0.02403846153846154
0 0.6850961538461539 0.5793269230769231 0.02403846153846154 0.02403846153846154
0 0.6538461538461539 0.6298076923076923 0.02403846153846154 0.02403846153846154
0 0.6370192307692308 0.6225961538461539 0.02403846153846154 0.02403846153846154
0 0.9158653846153847 0.78125 0.02403846153846154 0.02403846153846154
0 0.9495192307692308 0.6538461538461539 0.02403846153846154 0.02403846153846154
0 0.6033653846153847 0.7451923076923077 0.02403846153846154 0.02403846153846154
0 0.5625 0.7740384615384616 0.02403846153846154 0.02403846153846154
0 0.49278846153846156 0.8245192307692308 0.02403846153846154 0.02403846153846154
0 0.4951923076923077 0.9302884615384616 0.02403846153846154 0.02403846153846154
0 0.48557692307692313 0.6802884615384616 0.02403846153846154 0.02403846153846154
0 0.2668269230769231 0.5024038461538461 0.02403846153846154 0.02403846153846154
0 0.2764423076923077 0.375 0.02403846153846154 0.02403846153846154
0 0.4591346153846154 0.25 0.02403846153846154 0.02403846153846154
0 0.576923076923077 0.1466346153846154 0.02403846153846154 0.02403846153846154
0 0.37259615384615385 0.2451923076923077 0.02403846153846154 0.02403846153846154
0 0.36778846153846156 0.16346153846153846 0.02403846153846154 0.02403846153846154
0 0.31490384615384615 0.17067307692307693 0.02403846153846154 0.02403846153846154
0 0.125 0.05048076923076923 0.02403846153846154 0.02403846153846154
0 0.04807692307692308 0.375 0.02403846153846154 0.02403846153846154
0 0.25961538461538464 0.2884615384615385 0.02403846153846154 0.02403846153846154
0 0.21634615384615385 0.8413461538461539 0.02403846153846154 0.02403846153846154
0 0.34134615384615385 0.7764423076923077 0.02403846153846154 0.02403846153846154
0 0.22596153846153846 0.6418269230769231 0.02403846153846154 0.02403846153846154
0 0.2139423076923077 0.6514423076923077 0.02403846153846154 0.02403846153846154
0 0.028846153846153848 0.5264423076923077 0.02403846153846154 0.02403846153846154
0 0.0625 0.48557692307692313 0.02403846153846154 0.02403846153846154
