0 0.920673076923077 0.07211538461538462 0.02403846153846154 0.02403846153846154
0 0.920673076923077 0.08173076923076923 0.02403846153846154 0.02403846153846154
0 0.7980769230769231 0.18028846153846154 0.02403846153846154 0.02403846153846154
0 0.7860576923076924 0.28125 0.02403846153846154 0.02403846153846154
0 0.8533653846153847 0.35336538461538464 0.02403846153846154 0.02403846153846154
0 0.7524038461538461 0.4567307692307693 0.02403846153846154 0.02403846153846154
0 0.6105769230769231 0.4206730769230769 0.02403846153846154 0.02403846153846154
0 0.5865384615384616 0.46875 0.02403846153846154 0.02403846153846154
0 0.8365384615384616 0.6322115384615385 0.02403846153846154 0.02403846153846154
0 0.795673076923077 0.6586538461538461 0.02403846153846154 0.02403846153846154
0 0.7355769230769231 0.6850961538461539 0.02403846153846154 0.02403846153846154
0 0.20673076923076925 0.17307692307692307 0.02403846153846154 0.02403846153846154
0 0.06971153846153846 0.1201923076923077 0.02403846153846154 0.02403846153846154
0 0.9663461538461539 0.7764423076923077 0.02403846153846154 0.02403846153846154
0 0.9543269230769231 0.7716346153846154 0.02403846153846154 0.02403846153846154
0 0.7860576923076924 0.8245192307692308 0.02403846153846154 0.02403846153846154
0 0.6682692307692308 0.6514423076923077 0.02403846153846154 0.02403846153846154
0 0.6682692307692308 0.7475961538461539 0.02403846153846154 0.02403846153846154
