0 0.7427884615384616 0.7596153846153847 0.02403846153846154 0.02403846153846154
0 0.3894230769230769 0.733173076923077 0.02403846153846154 0.02403846153846154
0 0.733173076923077 0.7043269230769231 0.02403846153846154 0.02403846153846154
0 0.9278846153846154 0.6586538461538461 0.02403846153846154 0.02403846153846154
0 0.96875 0.5889423076923077 0.02403846153846154 0.02403846153846154
0 0.31490384615384615 0.514423076923077 0.02403846153846154 0.02403846153846154
0 0.59375 0.5120192307692308 0.02403846153846154 0.02403846153846154
0 0.9495192307692308 0.48557692307692313 0.02403846153846154 0.02403846153846154
0 0.7211538461538461 0.4399038461538462 0.02403846153846154 0.02403846153846154
0 0.8004807692307693 0.4134615384615385 0.02403846153846154 0.02403846153846154
0 0.9326923076923077 0.3774038461538462 0.02403846153846154 0.02403846153846154
0 0.11298076923076923 0.34375 0.02403846153846154 0.02403846153846154
0 0.9134615384615385 0.3125 0.02403846153846154 0.02403846153846154
0 0.6995192307692308 0.3125 0.02403846153846154 0.02403846153846154
0 0.3245192307692308 0.28605769230769235 0.02403846153846154 0.02403846153846154
0 0.3942307692307693 0.25961538461538464 0.02403846153846154 0.02403846153846154
0 0.41586538461538464 0.25 0.02403846153846154 0.02403846153846154
0 0.46153846153846156 0.2403846153846154 0.02403846153846154 0.02403846153846154
0 0.7283653846153847 0.22355769230769232 0.02403846153846154 0.02403846153846154
0 0.3918269230769231 0.14423076923076925 0.02403846153846154 0.02403846153846154
0 0.8317307692307693 0.12740384615384617 0.02403846153846154 0.02403846153846154
0 0.4326923076923077 0.10096153846153846 0.02403846153846154 0.02403846153846154
0 0.2355769230769231 0.08653846153846154 0.02403846153846154 0.02403846153846154
0 0.78125 0.07692307692307693 0.02403846153846154 0.02403846153846154
0 0.8317307692307693 0.06009615384615385 0.02403846153846154 0.02403846153846154
0 0.9230769230769231 0.04326923076923077 0.02403846153846154 0.02403846153846154
0 0.951923076923077 0.8052884615384616 0.02403846153846154 0.02403846153846154
0 0.8341346153846154 0.7427884615384616 0.02403846153846154 0.02403846153846154
0 0.9110576923076924 0.21153846153846156 0.02403846153846154 0.02403846153846154
0 0.9591346153846154 0.38461538461538464 0.02403846153846154 0.02403846153846154
0 0.9086538461538463 0.021634615384615384 0.02403846153846154 0.02403846153846154
0 0.5336538461538461 0.22115384615384617 0.02403846153846154 0.02403846153846154
0 0.5120192307692308 0.3004807692307693 0.02403846153846154 0.02403846153846154
0 0.39903846153846156 0.5240384615384616 0.02403846153846154 0.02403846153846154
0 0.34375 0.4903846153846154 0.02403846153846154 0.02403846153846154
0 0.09615384615384616 0.026442307692307696 0.02403846153846154 0.02403846153846154
0 0.15625 0.17067307692307693 0.02403846153846154 0.02403846153846154
0 0.05288461538461539 0.2884615384615385 0.02403846153846154 0.02403846153846154
0 0.026442307692307696 0.608173076923077 0.02403846153846154 0.02403846153846154
0 0.22355769230769232 0.5552884615384616 0.02403846153846154 0.02403846153846154
0 0.12259615384615385 0.75 0.02403846153846154 0.02403846153846154
0 0.08653846153846154 0.8509615384615385 0.02403846153846154 0.02403846153846154
0 0.2091346153846154 0.8798076923076924 0.02403846153846154 0.02403846153846154
0 0.47836538461538464 0.7884615384615385 0.02403846153846154 0.02403846153846154
0 0.6129807692307693 0.9543269230769231 0.02403846153846154 0.02403846153846154
0 0.5192307692307693 0.9567307692307693 0.02403846153846154 0.02403846153846154
0 0.2692307692307693 0.3966346153846154 0.02403846153846154 0.02403846153846154
0 0.6298076923076923 0.34134615384615385 0.02403846153846154 0.02403846153846154
0 0.2764423076923077 0.6442307692307693 0.02403846153846154 0.02403846153846154
0 0.3581730769230769 0.5889423076923077 0.02403846153846154 0.02403846153846154
0 0.34375 0.5360576923076923 0.02403846153846154 0.02403846153846154
