0 0.05528846153846154 0.9326923076923077 0.02403846153846154 0.02403846153846154
0 0.858173076923077 0.8725961538461539 0.02403846153846154 0.02403846153846154
0 0.7451923076923077 0.8221153846153847 0.02403846153846154 0.02403846153846154
0 0.11778846153846155 0.7355769230769231 0.02403846153846154 0.02403846153846154
0 0.2572115384615385 0.7163461538461539 0.02403846153846154 0.02403846153846154
0 0.9423076923076924 0.7043269230769231 0.02403846153846154 0.02403846153846154
0 0.733173076923077 0.5745192307692308 0.02403846153846154 0.02403846153846154
0 0.5504807692307693 0.4182692307692308 0.02403846153846154 0.02403846153846154
0 0.8509615384615385 0.1826923076923077 0.02403846153846154 0.02403846153846154
0 0.8413461538461539 0.13942307692307693 0.02403846153846154 0.02403846153846154
0 0.30528846153846156 0.10096153846153846 0.02403846153846154 0.02403846153846154
0 0.3197115384615385 0.2091346153846154 0.02403846153846154 0.02403846153846154
0 0.4134615384615385 0.7740384615384616 0.02403846153846154 0.02403846153846154
0 0.28605769230769235 0.8533653846153847 0.02403846153846154 0.02403846153846154
0 0.5096153846153847 0.9278846153846154 0.02403846153846154 0.02403846153846154
0 0.545673076923077 0.7596153846153847 0.02403846153846154 0.02403846153846154
0 0.46153846153846156 0.6201923076923077 0.02403846153846154 0.02403846153846154
0 0.6009615384615385 0.5192307692307693 0.02403846153846154 0.02403846153846154
0 0.951923076923077 0.9543269230769231 0.02403846153846154 0.02403846153846154
0 0.8100961538461539 0.28365384615384615 0.02403846153846154 0.02403846153846154
0 0.7764423076923077 0.24759615384615385 0.02403846153846154 0.02403846153846154
0 0.6875 0.3701923076923077 0.02403846153846154 0.02403846153846154
0 0.576923076923077 0.2091346153846154 0.02403846153846154 0.02403846153846154
