0 0.21875 0.7908653846153847 0.02403846153846154 0.02403846153846154
0 0.8076923076923077 0.6610576923076923 0.02403846153846154 0.02403846153846154
0 0.6947115384615385 0.6105769230769231 0.02403846153846154 0.02403846153846154
0 0.06730769230769232 0.5240384615384616 0.02403846153846154 0.02403846153846154
0 0.20673076923076925 0.5048076923076923 0.02403846153846154 0.02403846153846154
0 0.8918269230769231 0.49278846153846156 0.02403846153846154 0.02403846153846154
0 0.6826923076923077 0.3629807692307693 0.02403846153846154 0.02403846153846154
0 0.5 0.20673076923076925 0.02403846153846154 0.02403846153846154
0 0.3629807692307693 0.5625 0.02403846153846154 0.02403846153846154
0 0.2355769230769231 0.6418269230769231 0.02403846153846154 0.02403846153846154
0 0.4591346153846154 0.7163461538461539 0.02403846153846154 0.02403846153846154
0 0.4951923076923077 0.5480769230769231 0.02403846153846154 0.02403846153846154
0 0.41105769230769235 0.4086538461538462 0.02403846153846154 0.02403846153846154
0 0.5504807692307693 0.3076923076923077 0.02403846153846154 0.02403846153846154
0 0.375 0.9086538461538463 0.02403846153846154 0.02403846153846154
0 0.9014423076923077 0.7427884615384616 0.02403846153846154 0.02403846153846154
0 0.9375 0.2139423076923077 0.02403846153846154 0.02403846153846154
0 0.7596153846153847 0.07211538461538462 0.02403846153846154 0.02403846153846154
0 0.7259615384615385 0.03605769230769231 0.02403846153846154 0.02403846153846154
0 0.6370192307692308 0.15865384615384617 0.02403846153846154 0.02403846153846154
