0 0.5793269230769231 0.96875 0.02403846153846154 0.02403846153846154
0 0.7379807692307693 0.9471153846153847 0.02403846153846154 0.02403846153846154
0 0.4254807692307693 0.9375 0.02403846153846154 0.02403846153846154
0 0.7379807692307693 0.889423076923077 0.02403846153846154 0.02403846153846154
0 0.8557692307692308 0.8629807692307693 0.02403846153846154 0.02403846153846154
0 0.4086538461538462 0.8557692307692308 0.02403846153846154 0.02403846153846154
0 0.6514423076923077 0.8485576923076924 0.02403846153846154 0.02403846153846154
0 0.6298076923076923 0.8461538461538463 0.02403846153846154 0.02403846153846154
0 0.34375 0.8461538461538463 0.02403846153846154 0.02403846153846154
0 0.9230769230769231 0.7836538461538461 0.02403846153846154 0.02403846153846154
0 0.46875 0.7091346153846154 0.02403846153846154 0.02403846153846154
0 0.04326923076923077 0.6298076923076923 0.02403846153846154 0.02403846153846154
0 0.6153846153846154 0.5841346153846154 0.02403846153846154 0.02403846153846154
0 0.8533653846153847 0.5432692307692308 0.02403846153846154 0.02403846153846154
0 0.7740384615384616 0.5264423076923077 0.02403846153846154 0.02403846153846154
0 0.12740384615384617 0.46153846153846156 0.02403846153846154 0.02403846153846154
0 0.46875 0.4447115384615385 0.02403846153846154 0.02403846153846154
0 0.576923076923077 0.4134615384615385 0.02403846153846154 0.02403846153846154
0 0.7259615384615385 0.3557692307692308 0.02403846153846154 0.02403846153846154
0 0.8100961538461539 0.3341346153846154 0.02403846153846154 0.02403846153846154
0 0.3004807692307693 0.3245192307692308 0.02403846153846154 0.02403846153846154
0 0.951923076923077 0.2692307692307693 0.02403846153846154 0.02403846153846154
0 0.4086538461538462 0.2620192307692308 0.02403846153846154 0.02403846153846154
0 0.764423076923077 0.22115384615384617 0.02403846153846154 0.02403846153846154
0 0.9014423076923077 0.19711538461538464 0.02403846153846154 0.02403846153846154
0 0.6610576923076923 0.12980769230769232 0.02403846153846154 0.02403846153846154
0 0.8293269230769231 0.08653846153846154 0.02403846153846154 0.02403846153846154
0 0.9711538461538463 0.07692307692307693 0.02403846153846154 0.02403846153846154
0 0.4807692307692308 0.03365384615384616 0.02403846153846154 0.02403846153846154
0 0.4951923076923077 0.920673076923077 0.02403846153846154 0.02403846153846154
0 0.34615384615384615 0.9134615384615385 0.02403846153846154 0.02403846153846154
0 0.2355769230769231 0.7884615384615385 0.02403846153846154 0.02403846153846154
0 0.13701923076923078 0.7115384615384616 0.02403846153846154 0.02403846153846154
0 0.3125 0.65625 0.02403846153846154 0.02403846153846154
0 0.2403846153846154 0.4447115384615385 0.02403846153846154 0.02403846153846154
0 0.17307692307692307 0.1826923076923077 0.02403846153846154 0.02403846153846154
0 0.30528846153846156 0.06730769230769232 0.02403846153846154 0.02403846153846154
0 0.9567307692307693 0.17307692307692307 0.02403846153846154 0.02403846153846154
0 0.920673076923077 0.2884615384615385 0.02403846153846154 0.02403846153846154
0 0.7211538461538461 0.4014423076923077 0.02403846153846154 0.02403846153846154
0 0.7139423076923077 0.4182692307692308 0.02403846153846154 0.02403846153846154
0 0.8774038461538463 0.5865384615384616 0.02403846153846154 0.02403846153846154
0 0.9302884615384616 0.5336538461538461 0.02403846153846154 0.02403846153846154
0 0.9423076923076924 0.608173076923077 0.02403846153846154 0.02403846153846154
0 0.8365384615384616 0.7115384615384616 0.02403846153846154 0.02403846153846154
0 0.8533653846153847 0.7716346153846154 0.02403846153846154 0.02403846153846154
0 0.5480769230769231 0.78125 0.02403846153846154 0.02403846153846154
0 0.5192307692307693 0.7475961538461539 0.02403846153846154 0.02403846153846154
0 0.5 0.7836538461538461 0.02403846153846154 0.02403846153846154
0 0.6586538461538461 0.8966346153846154 0.02403846153846154 0.02403846153846154
