0 0.8509615384615385 0.9591346153846154 0.02403846153846154 0.02403846153846154
0 0.5 0.9567307692307693 0.02403846153846154 0.02403846153846154
0 0.9399038461538463 0.90625 0.02403846153846154 0.02403846153846154
0 0.9350961538461539 0.8798076923076924 0.02403846153846154 0.02403846153846154
0 0.6538461538461539 0.7764423076923077 0.02403846153846154 0.02403846153846154
0 0.2091346153846154 0.7668269230769231 0.02403846153846154 0.02403846153846154
0 0.47355769230769235 0.5817307692307693 0.02403846153846154 0.02403846153846154
0 0.25961538461538464 0.5120192307692308 0.02403846153846154 0.02403846153846154
0 0.9495192307692308 0.4014423076923077 0.02403846153846154 0.02403846153846154
0 0.32211538461538464 0.31490384615384615 0.02403846153846154 0.02403846153846154
0 0.46153846153846156 0.2956730769230769 0.02403846153846154 0.02403846153846154
0 0.9375 0.15384615384615385 0.02403846153846154 0.02403846153846154
0 0.11057692307692309 0.7980769230769231 0.02403846153846154 0.02403846153846154
0 0.07932692307692309 0.05528846153846154 0.02403846153846154 0.02403846153846154
0 0.6177884615384616 0.35336538461538464 0.02403846153846154 0.02403846153846154
0 0.4903846153846154 0.4326923076923077 0.02403846153846154 0.02403846153846154
0 0.4206730769230769 0.9038461538461539 0.02403846153846154 0.02403846153846154
0 0.28605769230769235 0.7692307692307693 0.02403846153846154 0.02403846153846154
0 0.7139423076923077 0.5072115384615384 0.02403846153846154 0.02403846153846154
0 0.75 0.3389423076923077 0.02403846153846154 0.02403846153846154
0 0.6658653846153847 0.19951923076923078 0.02403846153846154 0.02403846153846154
0 0.8052884615384616 0.09855769230769232 0.02403846153846154 0.02403846153846154
0 0.6298076923076923 0.6995192307692308 0.02403846153846154 0.02403846153846154
