0 0.9495192307692308 0.9471153846153847 0.02403846153846154 0.02403846153846154
0 0.9615384615384616 0.920673076923077 0.02403846153846154 0.02403846153846154
0 0.6586538461538461 0.9158653846153847 0.02403846153846154 0.02403846153846154
0 0.2355769230769231 0.8725961538461539 0.02403846153846154 0.02403846153846154
0 0.9447115384615385 0.764423076923077 0.02403846153846154 0.02403846153846154
0 0.05528846153846154 0.6778846153846154 0.02403846153846154 0.02403846153846154
0 0.6442307692307693 0.5480769230769231 0.02403846153846154 0.02403846153846154
0 0.53125 0.49759615384615385 0.02403846153846154 0.02403846153846154
0 0.04326923076923077 0.3918269230769231 0.02403846153846154 0.02403846153846154
0 0.7283653846153847 0.37980769230769235 0.02403846153846154 0.02403846153846154
0 0.5192307692307693 0.25 0.02403846153846154 0.02403846153846154
0 0.9014423076923077 0.24278846153846156 0.02403846153846154 0.02403846153846154
0 0.33653846153846156 0.09375 0.02403846153846154 0.02403846153846154
0 0.19951923076923078 0.4495192307692308 0.02403846153846154 0.02403846153846154
0 0.07211538461538462 0.5288461538461539 0.02403846153846154 0.02403846153846154
0 0.2956730769230769 0.6033653846153847 0.02403846153846154 0.02403846153846154
0 0.3317307692307693 0.43509615384615385 0.02403846153846154 0.02403846153846154
0 0.24759615384615385 0.2956730769230769 0.02403846153846154 0.02403846153846154
0 0.3870192307692308 0.19471153846153846 0.02403846153846154 0.02403846153846154
0 0.21153846153846156 0.795673076923077 0.02403846153846154 0.02403846153846154
0 0.9471153846153847 0.8317307692307693 0.02403846153846154 0.02403846153846154
0 0.8365384615384616 0.7067307692307693 0.02403846153846154 0.02403846153846154
0 0.7379807692307693 0.6298076923076923 0.02403846153846154 0.02403846153846154
0 0.9134615384615385 0.5745192307692308 0.02403846153846154 0.02403846153846154
0 0.8413461538461539 0.3629807692307693 0.02403846153846154 0.02403846153846154
0 0.7740384615384616 0.10096153846153846 0.02403846153846154 0.02403846153846154
0 0.47355769230769235 0.04567307692307693 0.02403846153846154 0.02403846153846154
