0 0.03365384615384616 0.9399038461538463 0.02403846153846154 0.02403846153846154
0 0.8076923076923077 0.8990384615384616 0.02403846153846154 0.02403846153846154
0 0.9302884615384616 0.8485576923076924 0.02403846153846154 0.02403846153846154
0 0.9230769230769231 0.7932692307692308 0.02403846153846154 0.02403846153846154
0 0.8557692307692308 0.7548076923076924 0.02403846153846154 0.02403846153846154
0 0.6682692307692308 0.6947115384615385 0.02403846153846154 0.02403846153846154
0 0.31730769230769235 0.6899038461538461 0.02403846153846154 0.02403846153846154
0 0.764423076923077 0.6875 0.02403846153846154 0.02403846153846154
0 0.9591346153846154 0.6225961538461539 0.02403846153846154 0.02403846153846154
0 0.7475961538461539 0.6057692307692308 0.02403846153846154 0.02403846153846154
0 0.9230769230769231 0.5625 0.02403846153846154 0.02403846153846154
0 0.5961538461538461 0.5168269230769231 0.02403846153846154 0.02403846153846154
0 0.7427884615384616 0.4831730769230769 0.02403846153846154 0.02403846153846154
0 0.1514423076923077 0.3701923076923077 0.02403846153846154 0.02403846153846154
0 0.2403846153846154 0.31730769230769235 0.02403846153846154 0.02403846153846154
0 0.6298076923076923 0.2956730769230769 0.02403846153846154 0.02403846153846154
0 0.2355769230769231 0.29086538461538464 0.02403846153846154 0.02403846153846154
0 0.7572115384615385 0.28365384615384615 0.02403846153846154 0.02403846153846154
0 0.6682692307692308 0.2620192307692308 0.02403846153846154 0.02403846153846154
0 0.6802884615384616 0.2355769230769231 0.02403846153846154 0.02403846153846154
0 0.3774038461538462 0.23076923076923078 0.02403846153846154 0.02403846153846154
0 0.8990384615384616 0.20192307692307693 0.02403846153846154 0.02403846153846154
0 0.7451923076923077 0.17067307692307693 0.02403846153846154 0.02403846153846154
0 0.7283653846153847 0.0889423076923077 0.02403846153846154 0.02403846153846154
0 0.9711538461538463 0.08173076923076923 0.02403846153846154 0.02403846153846154
0 0.9495192307692308 0.07932692307692309 0.02403846153846154 0.02403846153846154
0 0.6634615384615385 0.07932692307692309 0.02403846153846154 0.02403846153846154
0 0.8245192307692308 0.9038461538461539 0.02403846153846154 0.02403846153846154
0 0.8076923076923077 0.8701923076923077 0.02403846153846154 0.02403846153846154
0 0.6875 0.7427884615384616 0.02403846153846154 0.02403846153846154
0 0.7596153846153847 0.8389423076923077 0.02403846153846154 0.02403846153846154
0 0.10576923076923078 0.8701923076923077 0.02403846153846154 0.02403846153846154
0 0.7379807692307693 0.36778846153846156 0.02403846153846154 0.02403846153846154
0 0.7043269230769231 0.3245192307692308 0.02403846153846154 0.02403846153846154
0 0.8173076923076924 0.23798076923076925 0.02403846153846154 0.02403846153846154
0 0.8149038461538461 0.15384615384615385 0.02403846153846154 0.02403846153846154
0 0.6658653846153847 0.1466346153846154 0.02403846153846154 0.02403846153846154
0 0.5552884615384616 0.021634615384615384 0.02403846153846154 0.02403846153846154
0 0.9711538461538463 0.5721153846153847 0.02403846153846154 0.02403846153846154
