0 0.9711538461538463 0.9278846153846154 0.02403846153846154 0.02403846153846154
0 0.65625 0.9230769230769231 0.02403846153846154 0.02403846153846154
0 0.24759615384615385 0.9471153846153847 0.02403846153846154 0.02403846153846154
0 0.12980769230769232 0.9014423076923077 0.02403846153846154 0.02403846153846154
0 0.7908653846153847 0.9182692307692308 0.02403846153846154 0.02403846153846154
0 0.7091346153846154 0.8605769230769231 0.02403846153846154 0.02403846153846154
0 0.71875 0.826923076923077 0.02403846153846154 0.02403846153846154
0 0.9230769230769231 0.7692307692307693 0.02403846153846154 0.02403846153846154
0 0.9591346153846154 0.7572115384615385 0.02403846153846154 0.02403846153846154
0 0.4447115384615385 0.7259615384615385 0.02403846153846154 0.02403846153846154
0 0.4447115384615385 0.6923076923076923 0.02403846153846154 0.02403846153846154
0 0.6610576923076923 0.5961538461538461 0.02403846153846154 0.02403846153846154
0 0.4182692307692308 0.5384615384615385 0.02403846153846154 0.02403846153846154
0 0.03125 0.5072115384615384 0.02403846153846154 0.02403846153846154
0 0.4014423076923077 0.4639423076923077 0.02403846153846154 0.02403846153846154
0 0.6850961538461539 0.2139423076923077 0.02403846153846154 0.02403846153846154
0 0.9639423076923077 0.040865384615384616 0.02403846153846154 0.02403846153846154
0 0.47355769230769235 0.3942307692307693 0.02403846153846154 0.02403846153846154
