0 0.670673076923077 0.9711538461538463 0.02403846153846154 0.02403846153846154
0 0.6033653846153847 0.9326923076923077 0.02403846153846154 0.02403846153846154
0 0.7572115384615385 0.9230769230769231 0.02403846153846154 0.02403846153846154
0 0.41586538461538464 0.8725961538461539 0.02403846153846154 0.02403846153846154
0 0.06490384615384616 0.8677884615384616 0.02403846153846154 0.02403846153846154
0 0.5120192307692308 0.8653846153846154 0.02403846153846154 0.02403846153846154
0 0.7067307692307693 0.8004807692307693 0.02403846153846154 0.02403846153846154
0 0.4951923076923077 0.7836538461538461 0.02403846153846154 0.02403846153846154
0 0.670673076923077 0.7403846153846154 0.02403846153846154 0.02403846153846154
0 0.34375 0.6947115384615385 0.02403846153846154 0.02403846153846154
0 0.4903846153846154 0.6610576923076923 0.02403846153846154 0.02403846153846154
0 0.7764423076923077 0.6057692307692308 0.02403846153846154 0.02403846153846154
0 0.8798076923076924 0.5961538461538461 0.02403846153846154 0.02403846153846154
0 0.7764423076923077 0.49759615384615385 0.02403846153846154 0.02403846153846154
0 0.3774038461538462 0.47355769230769235 0.02403846153846154 0.02403846153846154
0 0.5048076923076923 0.46153846153846156 0.02403846153846154 0.02403846153846154
0 0.41586538461538464 0.4399038461538462 0.02403846153846154 0.02403846153846154
0 0.4278846153846154 0.4134615384615385 0.02403846153846154 0.02403846153846154
0 0.125 0.4086538461538462 0.02403846153846154 0.02403846153846154
0 0.6466346153846154 0.37980769230769235 0.02403846153846154 0.02403846153846154
0 0.8052884615384616 0.3581730769230769 0.02403846153846154 0.02403846153846154
0 0.49278846153846156 0.34855769230769235 0.02403846153846154 0.02403846153846154
0 0.8052884615384616 0.3004807692307693 0.02403846153846154 0.02403846153846154
0 0.9230769230769231 0.27403846153846156 0.02403846153846154 0.02403846153846154
0 0.4759615384615385 0.2668269230769231 0.02403846153846154 0.02403846153846154
0 0.71875 0.25961538461538464 0.02403846153846154 0.02403846153846154
0 0.6971153846153847 0.2572115384615385 0.02403846153846154 0.02403846153846154
0 0.41105769230769235 0.2572115384615385 0.02403846153846154 0.02403846153846154
0 0.5360576923076923 0.1201923076923077 0.02403846153846154 0.02403846153846154
0 0.11057692307692309 0.040865384615384616 0.02403846153846154 0.02403846153846154
0 0.43509615384615385 0.920673076923077 0.02403846153846154 0.02403846153846154
0 0.48557692307692313 0.545673076923077 0.02403846153846154 0.02403846153846154
0 0.4519230769230769 0.5024038461538461 0.02403846153846154 0.02403846153846154
0 0.5649038461538461 0.41586538461538464 0.02403846153846154 0.02403846153846154
0 0.5625 0.3317307692307693 0.02403846153846154 0.02403846153846154
0 0.4134615384615385 0.3245192307692308 0.02403846153846154 0.02403846153846154
0 0.3028846153846154 0.19951923076923078 0.02403846153846154 0.02403846153846154
0 0.2043269230769231 0.12259615384615385 0.02403846153846154 0.02403846153846154
0 0.37980769230769235 0.06730769230769232 0.02403846153846154 0.02403846153846154
0 0.9038461538461539 0.12259615384615385 0.02403846153846154 0.02403846153846154
0 0.920673076923077 0.1826923076923077 0.02403846153846154 0.02403846153846154
0 0.6153846153846154 0.19230769230769232 0.02403846153846154 0.02403846153846154
0 0.5865384615384616 0.15865384615384617 0.02403846153846154 0.02403846153846154
0 0.5673076923076923 0.19471153846153846 0.02403846153846154 0.02403846153846154
0 0.7259615384615385 0.3076923076923077 0.02403846153846154 0.02403846153846154
0 0.71875 0.75 0.02403846153846154 0.02403846153846154
0 0.7740384615384616 0.7091346153846154 0.02403846153846154 0.02403846153846154
0 0.795673076923077 0.6442307692307693 0.02403846153846154 0.02403846153846154
0 0.8173076923076924 0.8389423076923077 0.02403846153846154 0.02403846153846154
0 0.8100961538461539 0.8461538461538463 0.02403846153846154 0.02403846153846154
0 0.9158653846153847 0.7620192307692308 0.02403846153846154 0.02403846153846154
0 0.9447115384615385 0.8100961538461539 0.02403846153846154 0.02403846153846154
