0 0.36778846153846156 0.9423076923076924 0.02403846153846154 0.02403846153846154
0 0.05048076923076923 0.9350961538461539 0.02403846153846154 0.02403846153846154
0 0.07932692307692309 0.795673076923077 0.02403846153846154 0.02403846153846154
0 0.7067307692307693 0.7524038461538461 0.02403846153846154 0.02403846153846154
0 0.07932692307692309 0.7379807692307693 0.02403846153846154 0.02403846153846154
0 0.19711538461538464 0.7115384615384616 0.02403846153846154 0.02403846153846154
0 0.2644230769230769 0.6322115384615385 0.02403846153846154 0.02403846153846154
0 0.34615384615384615 0.6274038461538461 0.02403846153846154 0.02403846153846154
0 0.7524038461538461 0.5576923076923077 0.02403846153846154 0.02403846153846154
0 0.43509615384615385 0.5480769230769231 0.02403846153846154 0.02403846153846154
0 0.514423076923077 0.545673076923077 0.02403846153846154 0.02403846153846154
0 0.3557692307692308 0.5384615384615385 0.02403846153846154 0.02403846153846154
0 0.7307692307692308 0.3942307692307693 0.02403846153846154 0.02403846153846154
0 0.3870192307692308 0.3918269230769231 0.02403846153846154 0.02403846153846154
0 0.19471153846153846 0.3918269230769231 0.02403846153846154 0.02403846153846154
0 0.11538461538461539 0.375 0.02403846153846154 0.02403846153846154
0 0.06730769230769232 0.2043269230769231 0.02403846153846154 0.02403846153846154
0 0.1514423076923077 0.1826923076923077 0.02403846153846154 0.02403846153846154
0 0.65625 0.14423076923076925 0.02403846153846154 0.02403846153846154
0 0.2932692307692308 0.11778846153846155 0.02403846153846154 0.02403846153846154
0 0.10576923076923078 0.06971153846153846 0.02403846153846154 0.02403846153846154
0 0.24278846153846156 0.04567307692307693 0.02403846153846154 0.02403846153846154
0 0.2980769230769231 0.021634615384615384 0.02403846153846154 0.02403846153846154
0 0.3653846153846154 0.11298076923076923 0.02403846153846154 0.02403846153846154
0 0.2620192307692308 0.13701923076923078 0.02403846153846154 0.02403846153846154
0 0.0625 0.25 0.02403846153846154 0.02403846153846154
0 0.05528846153846154 0.2668269230769231 0.02403846153846154 0.02403846153846154
0 0.21875 0.43509615384615385 0.02403846153846154 0.02403846153846154
0 0.2716346153846154 0.3822115384615385 0.02403846153846154 0.02403846153846154
0 0.28365384615384615 0.4567307692307693 0.02403846153846154 0.02403846153846154
0 0.4086538461538462 0.3269230769230769 0.02403846153846154 0.02403846153846154
0 0.5360576923076923 0.40384615384615385 0.02403846153846154 0.02403846153846154
0 0.5384615384615385 0.4879807692307693 0.02403846153846154 0.02403846153846154
0 0.6298076923076923 0.38461538461538464 0.02403846153846154 0.02403846153846154
0 0.5673076923076923 0.3076923076923077 0.02403846153846154 0.02403846153846154
0 0.5072115384615384 0.12259615384615385 0.02403846153846154 0.02403846153846154
0 0.6057692307692308 0.02403846153846154 0.02403846153846154 0.02403846153846154
0 0.6754807692307693 0.15384615384615385 0.02403846153846154 0.02403846153846154
0 0.7572115384615385 0.2139423076923077 0.02403846153846154 0.02403846153846154
0 0.8461538461538463 0.16586538461538464 0.02403846153846154 0.02403846153846154
0 0.8341346153846154 0.25480769230769235 0.02403846153846154 0.02403846153846154
0 0.8677884615384616 0.07932692307692309 0.02403846153846154 0.02403846153846154
0 0.9591346153846154 0.14423076923076925 0.02403846153846154 0.02403846153846154
0 0.9230769230769231 0.14182692307692307 0.02403846153846154 0.02403846153846154
0 0.9447115384615385 0.2139423076923077 0.02403846153846154 0.02403846153846154
0 0.875 0.3197115384615385 0.02403846153846154 0.02403846153846154
0 0.8125 0.15865384615384617 0.02403846153846154 0.02403846153846154
0 0.8245192307692308 0.12259615384615385 0.02403846153846154 0.02403846153846154
0 0.8100961538461539 0.04567307692307693 0.02403846153846154 0.02403846153846154
0 0.7163461538461539 0.18509615384615385 0.02403846153846154 0.02403846153846154
0 0.6322115384615385 0.2716346153846154 0.02403846153846154 0.02403846153846154
0 0.6754807692307693 0.2572115384615385 0.02403846153846154 0.02403846153846154
0 0.6658653846153847 0.31490384615384615 0.02403846153846154 0.02403846153846154
0 0.65625 0.3557692307692308 0.02403846153846154 0.02403846153846154
0 0.6947115384615385 0.3557692307692308 0.02403846153846154 0.02403846153846154
0 0.7692307692307693 0.3894230769230769 0.02403846153846154 0.02403846153846154
0 0.8533653846153847 0.3894230769230769 0.02403846153846154 0.02403846153846154
0 0.8509615384615385 0.44230769230769235 0.02403846153846154 0.02403846153846154
0 0.889423076923077 0.49759615384615385 0.02403846153846154 0.02403846153846154
0 0.9158653846153847 0.5432692307692308 0.02403846153846154 0.02403846153846154
0 0.7860576923076924 0.5913461538461539 0.02403846153846154 0.02403846153846154
0 0.7259615384615385 0.6370192307692308 0.02403846153846154 0.02403846153846154
0 0.7115384615384616 0.6875 0.02403846153846154 0.02403846153846154
0 0.5048076923076923 0.6658653846153847 0.02403846153846154 0.02403846153846154
0 0.1778846153846154 0.5600961538461539 0.02403846153846154 0.02403846153846154
0 0.19471153846153846 0.6201923076923077 0.02403846153846154 0.02403846153846154
0 0.29086538461538464 0.9711538461538463 0.02403846153846154 0.02403846153846154
0 0.90625 0.951923076923077 0.02403846153846154 0.02403846153846154
0 0.9038461538461539 0.7764423076923077 0.02403846153846154 0.02403846153846154
0 0.858173076923077 0.7668269230769231 0.02403846153846154 0.02403846153846154
0 0.7548076923076924 0.9350961538461539 0.02403846153846154 0.02403846153846154
0 0.5552884615384616 0.733173076923077 0.02403846153846154 0.02403846153846154
0 0.3870192307692308 0.6923076923076923 0.02403846153846154 0.02403846153846154
0 0.5432692307692308 0.8846153846153847 0.02403846153846154 0.02403846153846154
