0 0.14182692307692307 0.9567307692307693 0.02403846153846154 0.02403846153846154
0 0.4807692307692308 0.8966346153846154 0.02403846153846154 0.02403846153846154
0 0.25480769230769235 0.7860576923076924 0.02403846153846154 0.02403846153846154
0 0.3701923076923077 0.75 0.02403846153846154 0.02403846153846154
0 0.4711538461538462 0.7307692307692308 0.02403846153846154 0.02403846153846154
0 0.45432692307692313 0.7283653846153847 0.02403846153846154 0.02403846153846154
0 0.3389423076923077 0.7139423076923077 0.02403846153846154 0.02403846153846154
0 0.9663461538461539 0.6995192307692308 0.02403846153846154 0.02403846153846154
0 0.49278846153846156 0.6826923076923077 0.02403846153846154 0.02403846153846154
0 0.5336538461538461 0.6730769230769231 0.02403846153846154 0.02403846153846154
0 0.14903846153846154 0.6682692307692308 0.02403846153846154 0.02403846153846154
0 0.3870192307692308 0.6754807692307693 0.02403846153846154 0.02403846153846154
0 0.9471153846153847 0.5817307692307693 0.02403846153846154 0.02403846153846154
0 0.5384615384615385 0.6057692307692308 0.02403846153846154 0.02403846153846154
0 0.4206730769230769 0.5600961538461539 0.02403846153846154 0.02403846153846154
0 0.7355769230769231 0.38461538461538464 0.02403846153846154 0.02403846153846154
0 0.7355769230769231 0.3509615384615385 0.02403846153846154 0.02403846153846154
0 0.951923076923077 0.25480769230769235 0.02403846153846154 0.02403846153846154
0 0.7091346153846154 0.19711538461538464 0.02403846153846154 0.02403846153846154
0 0.32211538461538464 0.16586538461538464 0.02403846153846154 0.02403846153846154
0 0.6923076923076923 0.12259615384615385 0.02403846153846154 0.02403846153846154
0 0.764423076923077 0.05288461538461539 0.02403846153846154 0.02403846153846154
