0 0.49278846153846156 0.9543269230769231 0.02403846153846154 0.02403846153846154
0 0.08413461538461539 0.8990384615384616 0.02403846153846154 0.02403846153846154
0 0.8509615384615385 0.8918269230769231 0.02403846153846154 0.02403846153846154
0 0.4567307692307693 0.858173076923077 0.02403846153846154 0.02403846153846154
0 0.8413461538461539 0.8533653846153847 0.02403846153846154 0.02403846153846154
0 0.639423076923077 0.8100961538461539 0.02403846153846154 0.02403846153846154
0 0.13461538461538464 0.7884615384615385 0.02403846153846154 0.02403846153846154
0 0.5745192307692308 0.7620192307692308 0.02403846153846154 0.02403846153846154
0 0.875 0.7524038461538461 0.02403846153846154 0.02403846153846154
0 0.4831730769230769 0.75 0.02403846153846154 0.02403846153846154
0 0.057692307692307696 0.7475961538461539 0.02403846153846154 0.02403846153846154
0 0.03125 0.7451923076923077 0.02403846153846154 0.02403846153846154
0 0.8004807692307693 0.733173076923077 0.02403846153846154 0.02403846153846154
0 0.026442307692307696 0.7259615384615385 0.02403846153846154 0.02403846153846154
0 0.5216346153846154 0.6802884615384616 0.02403846153846154 0.02403846153846154
0 0.7451923076923077 0.5985576923076923 0.02403846153846154 0.02403846153846154
0 0.764423076923077 0.5793269230769231 0.02403846153846154 0.02403846153846154
0 0.08413461538461539 0.5697115384615385 0.02403846153846154 0.02403846153846154
0 0.9423076923076924 0.5432692307692308 0.02403846153846154 0.02403846153846154
0 0.8990384615384616 0.5360576923076923 0.02403846153846154 0.02403846153846154
0 0.4951923076923077 0.49759615384615385 0.02403846153846154 0.02403846153846154
0 0.7764423076923077 0.4495192307692308 0.02403846153846154 0.02403846153846154
0 0.46634615384615385 0.4254807692307693 0.02403846153846154 0.02403846153846154
0 0.3894230769230769 0.40384615384615385 0.02403846153846154 0.02403846153846154
0 0.27884615384615385 0.40625 0.02403846153846154 0.02403846153846154
0 0.8052884615384616 0.31730769230769235 0.02403846153846154 0.02403846153846154
0 0.8076923076923077 0.24759615384615385 0.02403846153846154 0.02403846153846154
0 0.8870192307692308 0.2091346153846154 0.02403846153846154 0.02403846153846154
0 0.6730769230769231 0.16105769230769232 0.02403846153846154 0.02403846153846154
0 0.9495192307692308 0.1201923076923077 0.02403846153846154 0.02403846153846154
0 0.7932692307692308 0.11538461538461539 0.02403846153846154 0.02403846153846154
0 0.6177884615384616 0.10817307692307693 0.02403846153846154 0.02403846153846154
0 0.1514423076923077 0.04807692307692308 0.02403846153846154 0.02403846153846154
0 0.20673076923076925 0.14423076923076925 0.02403846153846154 0.02403846153846154
0 0.08173076923076923 0.10096153846153846 0.02403846153846154 0.02403846153846154
0 0.71875 0.5192307692307693 0.02403846153846154 0.02403846153846154
0 0.8221153846153847 0.5120192307692308 0.02403846153846154 0.02403846153846154
0 0.5168269230769231 0.4399038461538462 0.02403846153846154 0.02403846153846154
0 0.27884615384615385 0.4375 0.02403846153846154 0.02403846153846154
0 0.6057692307692308 0.9014423076923077 0.02403846153846154 0.02403846153846154
0 0.12980769230769232 0.59375 0.02403846153846154 0.02403846153846154
0 0.5048076923076923 0.608173076923077 0.02403846153846154 0.02403846153846154
0 0.31490384615384615 0.6442307692307693 0.02403846153846154 0.02403846153846154
0 0.1466346153846154 0.65625 0.02403846153846154 0.02403846153846154
0 0.13701923076923078 0.75 0.02403846153846154 0.02403846153846154
