0 0.2644230769230769 0.9326923076923077 0.02403846153846154 0.02403846153846154
0 0.7524038461538461 0.9110576923076924 0.02403846153846154 0.02403846153846154
0 0.46153846153846156 0.8966346153846154 0.02403846153846154 0.02403846153846154
0 0.36778846153846156 0.8918269230769231 0.02403846153846154 0.02403846153846154
0 0.5288461538461539 0.8822115384615385 0.02403846153846154 0.02403846153846154
0 0.3942307692307693 0.8509615384615385 0.02403846153846154 0.02403846153846154
0 0.2620192307692308 0.8341346153846154 0.02403846153846154 0.02403846153846154
0 0.5817307692307693 0.8173076923076924 0.02403846153846154 0.02403846153846154
0 0.25240384615384615 0.7379807692307693 0.02403846153846154 0.02403846153846154
0 0.4182692307692308 0.7355769230769231 0.02403846153846154 0.02403846153846154
0 0.78125 0.7283653846153847 0.02403846153846154 0.02403846153846154
0 0.8557692307692308 0.6947115384615385 0.02403846153846154 0.02403846153846154
0 0.4399038461538462 0.6466346153846154 0.02403846153846154 0.02403846153846154
0 0.5096153846153847 0.6322115384615385 0.02403846153846154 0.02403846153846154
0 0.06490384615384616 0.6009615384615385 0.02403846153846154 0.02403846153846154
0 0.5288461538461539 0.5504807692307693 0.02403846153846154 0.02403846153846154
0 0.09375 0.5048076923076923 0.02403846153846154 0.02403846153846154
0 0.3701923076923077 0.4951923076923077 0.02403846153846154 0.02403846153846154
0 0.5600961538461539 0.46634615384615385 0.02403846153846154 0.02403846153846154
0 0.4014423076923077 0.4447115384615385 0.02403846153846154 0.02403846153846154
0 0.05528846153846154 0.44230769230769235 0.02403846153846154 0.02403846153846154
0 0.08653846153846154 0.4326923076923077 0.02403846153846154 0.02403846153846154
0 0.34855769230769235 0.4134615384615385 0.02403846153846154 0.02403846153846154
0 0.25 0.4134615384615385 0.02403846153846154 0.02403846153846154
0 0.03125 0.41586538461538464 0.02403846153846154 0.02403846153846154
0 0.6995192307692308 0.3918269230769231 0.02403846153846154 0.02403846153846154
0 0.16105769230769232 0.38461538461538464 0.02403846153846154 0.02403846153846154
0 0.4182692307692308 0.3774038461538462 0.02403846153846154 0.02403846153846154
0 0.5408653846153847 0.3653846153846154 0.02403846153846154 0.02403846153846154
0 0.3701923076923077 0.3605769230769231 0.02403846153846154 0.02403846153846154
0 0.23317307692307693 0.3605769230769231 0.02403846153846154 0.02403846153846154
0 0.38461538461538464 0.3245192307692308 0.02403846153846154 0.02403846153846154
0 0.5697115384615385 0.3125 0.02403846153846154 0.02403846153846154
0 0.38461538461538464 0.2644230769230769 0.02403846153846154 0.02403846153846154
0 0.15625 0.2644230769230769 0.02403846153846154 0.02403846153846154
0 0.34375 0.2451923076923077 0.02403846153846154 0.02403846153846154
0 0.53125 0.23798076923076925 0.02403846153846154 0.02403846153846154
0 0.15384615384615385 0.22355769230769232 0.02403846153846154 0.02403846153846154
0 0.5721153846153847 0.21875 0.02403846153846154 0.02403846153846154
0 0.22355769230769232 0.19951923076923078 0.02403846153846154 0.02403846153846154
0 0.3389423076923077 0.19230769230769232 0.02403846153846154 0.02403846153846154
0 0.37259615384615385 0.18509615384615385 0.02403846153846154 0.02403846153846154
0 0.08653846153846154 0.16826923076923078 0.02403846153846154 0.02403846153846154
0 0.2980769230769231 0.13942307692307693 0.02403846153846154 0.02403846153846154
0 0.8125 0.1201923076923077 0.02403846153846154 0.02403846153846154
0 0.22115384615384617 0.11057692307692309 0.02403846153846154 0.02403846153846154
0 0.6177884615384616 0.09375 0.02403846153846154 0.02403846153846154
0 0.3894230769230769 0.09134615384615385 0.02403846153846154 0.02403846153846154
0 0.07932692307692309 0.7932692307692308 0.02403846153846154 0.02403846153846154
0 0.9038461538461539 0.22596153846153846 0.02403846153846154 0.02403846153846154
0 0.9639423076923077 0.2355769230769231 0.02403846153846154 0.02403846153846154
0 0.9639423076923077 0.1778846153846154 0.02403846153846154 0.02403846153846154
0 0.8389423076923077 0.23317307692307693 0.02403846153846154 0.02403846153846154
0 0.8461538461538463 0.20673076923076925 0.02403846153846154 0.02403846153846154
0 0.6730769230769231 0.17548076923076925 0.02403846153846154 0.02403846153846154
0 0.514423076923077 0.10817307692307693 0.02403846153846154 0.02403846153846154
0 0.12740384615384617 0.17548076923076925 0.02403846153846154 0.02403846153846154
0 0.2980769230769231 0.5865384615384616 0.02403846153846154 0.02403846153846154
0 0.7596153846153847 0.6057692307692308 0.02403846153846154 0.02403846153846154
0 0.5576923076923077 0.701923076923077 0.02403846153846154 0.02403846153846154
0 0.40384615384615385 0.3509615384615385 0.02403846153846154 0.02403846153846154
0 0.7980769230769231 0.09855769230769232 0.02403846153846154 0.02403846153846154
0 0.7692307692307693 0.11057692307692309 0.02403846153846154 0.02403846153846154
0 0.5528846153846154 0.16586538461538464 0.02403846153846154 0.02403846153846154
0 0.45432692307692313 0.040865384615384616 0.02403846153846154 0.02403846153846154
0 0.5 0.9182692307692308 0.02403846153846154 0.02403846153846154
0 0.2980769230769231 0.8653846153846154 0.02403846153846154 0.02403846153846154
0 0.4326923076923077 0.6225961538461539 0.02403846153846154 0.02403846153846154
0 0.5721153846153847 0.4807692307692308 0.02403846153846154 0.02403846153846154
