0 0.09615384615384616 0.9447115384615385 0.02403846153846154 0.02403846153846154
0 0.9230769230769231 0.9278846153846154 0.02403846153846154 0.02403846153846154
0 0.7235576923076924 0.9134615384615385 0.02403846153846154 0.02403846153846154
0 0.8822115384615385 0.8461538461538463 0.02403846153846154 0.02403846153846154
0 0.6201923076923077 0.8389423076923077 0.02403846153846154 0.02403846153846154
0 0.8990384615384616 0.8197115384615385 0.02403846153846154 0.02403846153846154
0 0.625 0.6682692307692308 0.02403846153846154 0.02403846153846154
0 0.545673076923077 0.6610576923076923 0.02403846153846154 0.02403846153846154
0 0.7475961538461539 0.6586538461538461 0.02403846153846154 0.02403846153846154
0 0.5889423076923077 0.6490384615384616 0.02403846153846154 0.02403846153846154
0 0.9278846153846154 0.6418269230769231 0.02403846153846154 0.02403846153846154
0 0.4495192307692308 0.6225961538461539 0.02403846153846154 0.02403846153846154
0 0.15865384615384617 0.6009615384615385 0.02403846153846154 0.02403846153846154
0 0.6466346153846154 0.5961538461538461 0.02403846153846154 0.02403846153846154
0 0.7932692307692308 0.5865384615384616 0.02403846153846154 0.02403846153846154
0 0.24759615384615385 0.5576923076923077 0.02403846153846154 0.02403846153846154
0 0.5120192307692308 0.5240384615384616 0.02403846153846154 0.02403846153846154
0 0.545673076923077 0.5168269230769231 0.02403846153846154 0.02403846153846154
0 0.2980769230769231 0.5072115384615384 0.02403846153846154 0.02403846153846154
0 0.5384615384615385 0.49759615384615385 0.02403846153846154 0.02403846153846154
0 0.6490384615384616 0.46634615384615385 0.02403846153846154 0.02403846153846154
0 0.37259615384615385 0.4326923076923077 0.02403846153846154 0.02403846153846154
0 0.8533653846153847 0.4254807692307693 0.02403846153846154 0.02403846153846154
0 0.8389423076923077 0.2956730769230769 0.02403846153846154 0.02403846153846154
0 0.9495192307692308 0.2692307692307693 0.02403846153846154 0.02403846153846154
0 0.7620192307692308 0.2716346153846154 0.02403846153846154 0.02403846153846154
0 0.40625 0.24759615384615385 0.02403846153846154 0.02403846153846154
0 0.7764423076923077 0.2355769230769231 0.02403846153846154 0.02403846153846154
0 0.20192307692307693 0.2355769230769231 0.02403846153846154 0.02403846153846154
0 0.8822115384615385 0.21153846153846156 0.02403846153846154 0.02403846153846154
0 0.28125 0.17067307692307693 0.02403846153846154 0.02403846153846154
0 0.2451923076923077 0.13942307692307693 0.02403846153846154 0.02403846153846154
0 0.6658653846153847 0.13221153846153846 0.02403846153846154 0.02403846153846154
0 0.4639423076923077 0.11778846153846155 0.02403846153846154 0.02403846153846154
0 0.8052884615384616 0.08653846153846154 0.02403846153846154 0.02403846153846154
0 0.7115384615384616 0.08653846153846154 0.02403846153846154 0.02403846153846154
0 0.7572115384615385 0.057692307692307696 0.02403846153846154 0.02403846153846154
0 0.7908653846153847 0.04326923076923077 0.02403846153846154 0.02403846153846154
0 0.04807692307692308 0.12259615384615385 0.02403846153846154 0.02403846153846154
0 0.1514423076923077 0.03605769230769231 0.02403846153846154 0.02403846153846154
0 0.2091346153846154 0.11298076923076923 0.02403846153846154 0.02403846153846154
0 0.8149038461538461 0.1514423076923077 0.02403846153846154 0.02403846153846154
0 0.2451923076923077 0.1826923076923077 0.02403846153846154 0.02403846153846154
0 0.30528846153846156 0.11298076923076923 0.02403846153846154 0.02403846153846154
0 0.8197115384615385 0.19230769230769232 0.02403846153846154 0.02403846153846154
0 0.9182692307692308 0.11538461538461539 0.02403846153846154 0.02403846153846154
0 0.7211538461538461 0.3245192307692308 0.02403846153846154 0.02403846153846154
0 0.40384615384615385 0.7067307692307693 0.02403846153846154 0.02403846153846154
0 0.36778846153846156 0.9350961538461539 0.02403846153846154 0.02403846153846154
0 0.2091346153846154 0.6802884615384616 0.02403846153846154 0.02403846153846154
0 0.3653846153846154 0.6225961538461539 0.02403846153846154 0.02403846153846154
0 0.33653846153846156 0.6105769230769231 0.02403846153846154 0.02403846153846154
0 0.2668269230769231 0.6370192307692308 0.02403846153846154 0.02403846153846154
0 0.3076923076923077 0.5673076923076923 0.02403846153846154 0.02403846153846154
0 0.7427884615384616 0.5889423076923077 0.02403846153846154 0.02403846153846154
0 0.1201923076923077 0.46634615384615385 0.02403846153846154 0.02403846153846154
0 0.125 0.375 0.02403846153846154 0.02403846153846154
0 0.13701923076923078 0.33653846153846156 0.02403846153846154 0.02403846153846154
0 0.3076923076923077 0.37980769230769235 0.02403846153846154 0.02403846153846154
0 0.4879807692307693 0.4014423076923077 0.02403846153846154 0.02403846153846154
0 0.5745192307692308 0.47836538461538464 0.02403846153846154 0.02403846153846154
0 0.5841346153846154 0.5264423076923077 0.02403846153846154 0.02403846153846154
0 0.10096153846153846 0.6826923076923077 0.02403846153846154 0.02403846153846154
