0 0.8293269230769231 0.9615384615384616 0.02403846153846154 0.02403846153846154
0 0.7355769230769231 0.9567307692307693 0.02403846153846154 0.02403846153846154
0 0.8966346153846154 0.9471153846153847 0.02403846153846154 0.02403846153846154
0 0.7620192307692308 0.9158653846153847 0.02403846153846154 0.02403846153846154
0 0.12980769230769232 0.90625 0.02403846153846154 0.02403846153846154
0 0.03125 0.9110576923076924 0.02403846153846154 0.02403846153846154
0 0.6298076923076923 0.8990384615384616 0.02403846153846154 0.02403846153846154
0 0.9495192307692308 0.8822115384615385 0.02403846153846154 0.02403846153846154
0 0.15384615384615385 0.8125 0.02403846153846154 0.02403846153846154
0 0.6201923076923077 0.8028846153846154 0.02403846153846154 0.02403846153846154
0 0.7860576923076924 0.8004807692307693 0.02403846153846154 0.02403846153846154
0 0.3269230769230769 0.733173076923077 0.02403846153846154 0.02403846153846154
0 0.8076923076923077 0.7115384615384616 0.02403846153846154 0.02403846153846154
0 0.8774038461538463 0.6971153846153847 0.02403846153846154 0.02403846153846154
0 0.13701923076923078 0.6971153846153847 0.02403846153846154 0.02403846153846154
0 0.18509615384615385 0.6899038461538461 0.02403846153846154 0.02403846153846154
0 0.4326923076923077 0.6658653846153847 0.02403846153846154 0.02403846153846154
0 0.06971153846153846 0.6466346153846154 0.02403846153846154 0.02403846153846154
0 0.8966346153846154 0.6153846153846154 0.02403846153846154 0.02403846153846154
0 0.46153846153846156 0.5697115384615385 0.02403846153846154 0.02403846153846154
0 0.7379807692307693 0.5600961538461539 0.02403846153846154 0.02403846153846154
0 0.31490384615384615 0.5432692307692308 0.02403846153846154 0.02403846153846154
0 0.9278846153846154 0.53125 0.02403846153846154 0.02403846153846154
0 0.7692307692307693 0.5096153846153847 0.02403846153846154 0.02403846153846154
0 0.42307692307692313 0.5072115384615384 0.02403846153846154 0.02403846153846154
0 0.12740384615384617 0.5072115384615384 0.02403846153846154 0.02403846153846154
0 0.45432692307692313 0.49759615384615385 0.02403846153846154 0.02403846153846154
0 0.3605769230769231 0.4807692307692308 0.02403846153846154 0.02403846153846154
0 0.7163461538461539 0.47836538461538464 0.02403846153846154 0.02403846153846154
0 0.6177884615384616 0.47836538461538464 0.02403846153846154 0.02403846153846154
0 0.39903846153846156 0.4807692307692308 0.02403846153846154 0.02403846153846154
0 0.18028846153846154 0.4567307692307693 0.02403846153846154 0.02403846153846154
0 0.5288461538461539 0.4495192307692308 0.02403846153846154 0.02403846153846154
0 0.7860576923076924 0.44230769230769235 0.02403846153846154 0.02403846153846154
0 0.3245192307692308 0.4399038461538462 0.02403846153846154 0.02403846153846154
0 0.9086538461538463 0.43028846153846156 0.02403846153846154 0.02403846153846154
0 0.7379807692307693 0.4254807692307693 0.02403846153846154 0.02403846153846154
0 0.6009615384615385 0.4254807692307693 0.02403846153846154 0.02403846153846154
0 0.3389423076923077 0.4134615384615385 0.02403846153846154 0.02403846153846154
0 0.7524038461538461 0.3894230769230769 0.02403846153846154 0.02403846153846154
0 0.9375 0.3774038461538462 0.02403846153846154 0.02403846153846154
0 0.03365384615384616 0.3774038461538462 0.02403846153846154 0.02403846153846154
0 0.3197115384615385 0.3629807692307693 0.02403846153846154 0.02403846153846154
0 0.10096153846153846 0.3341346153846154 0.02403846153846154 0.02403846153846154
0 0.7524038461538461 0.3293269230769231 0.02403846153846154 0.02403846153846154
0 0.5240384615384616 0.3293269230769231 0.02403846153846154 0.02403846153846154
0 0.7115384615384616 0.31009615384615385 0.02403846153846154 0.02403846153846154
0 0.8990384615384616 0.3028846153846154 0.02403846153846154 0.02403846153846154
0 0.5216346153846154 0.2884615384615385 0.02403846153846154 0.02403846153846154
0 0.08413461538461539 0.28605769230769235 0.02403846153846154 0.02403846153846154
0 0.9399038461538463 0.28365384615384615 0.02403846153846154 0.02403846153846154
0 0.5913461538461539 0.2644230769230769 0.02403846153846154 0.02403846153846154
0 0.7067307692307693 0.2572115384615385 0.02403846153846154 0.02403846153846154
0 0.7403846153846154 0.25 0.02403846153846154 0.02403846153846154
0 0.14423076923076925 0.2403846153846154 0.02403846153846154 0.02403846153846154
0 0.45432692307692313 0.23317307692307693 0.02403846153846154 0.02403846153846154
0 0.03125 0.2091346153846154 0.02403846153846154 0.02403846153846154
0 0.6658653846153847 0.2043269230769231 0.02403846153846154 0.02403846153846154
0 0.31730769230769235 0.19711538461538464 0.02403846153846154 0.02403846153846154
0 0.5889423076923077 0.17548076923076925 0.02403846153846154 0.02403846153846154
0 0.7572115384615385 0.15625 0.02403846153846154 0.02403846153846154
0 0.09855769230769232 0.09615384615384616 0.02403846153846154 0.02403846153846154
0 0.84375 0.08173076923076923 0.02403846153846154 0.02403846153846154
0 0.22115384615384617 0.07932692307692309 0.02403846153846154 0.02403846153846154
0 0.28605769230769235 0.8293269230769231 0.02403846153846154 0.02403846153846154
0 0.44711538461538464 0.858173076923077 0.02403846153846154 0.02403846153846154
0 0.8822115384615385 0.17307692307692307 0.02403846153846154 0.02403846153846154
0 0.4951923076923077 0.2403846153846154 0.02403846153846154 0.02403846153846154
0 0.11538461538461539 0.858173076923077 0.02403846153846154 0.02403846153846154
0 0.04567307692307693 0.8004807692307693 0.02403846153846154 0.02403846153846154
0 0.6658653846153847 0.6514423076923077 0.02403846153846154 0.02403846153846154
0 0.9254807692307693 0.7668269230769231 0.02403846153846154 0.02403846153846154
0 0.7716346153846154 0.41586538461538464 0.02403846153846154 0.02403846153846154
0 0.920673076923077 0.23076923076923078 0.02403846153846154 0.02403846153846154
0 0.8221153846153847 0.10576923076923078 0.02403846153846154 0.02403846153846154
0 0.6658653846153847 0.9302884615384616 0.02403846153846154 0.02403846153846154
0 0.8004807692307693 0.6875 0.02403846153846154 0.02403846153846154
0 0.9399038461538463 0.545673076923077 0.02403846153846154 0.02403846153846154
0 0.19951923076923078 0.5600961538461539 0.02403846153846154 0.02403846153846154
