0 0.22596153846153846 0.9591346153846154 0.02403846153846154 0.02403846153846154
0 0.5192307692307693 0.9615384615384616 0.02403846153846154 0.02403846153846154
0 0.4759615384615385 0.7740384615384616 0.02403846153846154 0.02403846153846154
0 0.3774038461538462 0.7788461538461539 0.02403846153846154 0.02403846153846154
0 0.20673076923076925 0.7475961538461539 0.02403846153846154 0.02403846153846154
0 0.3317307692307693 0.7283653846153847 0.02403846153846154 0.02403846153846154
0 0.19711538461538464 0.7091346153846154 0.02403846153846154 0.02403846153846154
0 0.5 0.6802884615384616 0.02403846153846154 0.02403846153846154
0 0.9663461538461539 0.670673076923077 0.02403846153846154 0.02403846153846154
0 0.23076923076923078 0.608173076923077 0.02403846153846154 0.02403846153846154
0 0.6730769230769231 0.6009615384615385 0.02403846153846154 0.02403846153846154
0 0.15625 0.5889423076923077 0.02403846153846154 0.02403846153846154
0 0.4831730769230769 0.5649038461538461 0.02403846153846154 0.02403846153846154
0 0.53125 0.5576923076923077 0.02403846153846154 0.02403846153846154
0 0.7788461538461539 0.5336538461538461 0.02403846153846154 0.02403846153846154
0 0.41586538461538464 0.514423076923077 0.02403846153846154 0.02403846153846154
0 0.3605769230769231 0.4807692307692308 0.02403846153846154 0.02403846153846154
0 0.10096153846153846 0.45432692307692313 0.02403846153846154 0.02403846153846154
0 0.8076923076923077 0.4375 0.02403846153846154 0.02403846153846154
0 0.34855769230769235 0.4375 0.02403846153846154 0.02403846153846154
0 0.1201923076923077 0.43509615384615385 0.02403846153846154 0.02403846153846154
0 0.6610576923076923 0.41105769230769235 0.02403846153846154 0.02403846153846154
0 0.2980769230769231 0.39903846153846156 0.02403846153846154 0.02403846153846154
0 0.25480769230769235 0.3918269230769231 0.02403846153846154 0.02403846153846154
0 0.7692307692307693 0.375 0.02403846153846154 0.02403846153846154
0 0.47355769230769235 0.375 0.02403846153846154 0.02403846153846154
0 0.8004807692307693 0.3653846153846154 0.02403846153846154 0.02403846153846154
0 0.7067307692307693 0.34855769230769235 0.02403846153846154 0.02403846153846154
0 0.9639423076923077 0.34615384615384615 0.02403846153846154 0.02403846153846154
0 0.7451923076923077 0.34855769230769235 0.02403846153846154 0.02403846153846154
0 0.5264423076923077 0.3245192307692308 0.02403846153846154 0.02403846153846154
0 0.875 0.31730769230769235 0.02403846153846154 0.02403846153846154
0 0.670673076923077 0.3076923076923077 0.02403846153846154 0.02403846153846154
0 0.13221153846153846 0.30528846153846156 0.02403846153846154 0.02403846153846154
0 0.9471153846153847 0.2932692307692308 0.02403846153846154 0.02403846153846154
0 0.6850961538461539 0.28125 0.02403846153846154 0.02403846153846154
0 0.37980769230769235 0.2451923076923077 0.02403846153846154 0.02403846153846154
0 0.6658653846153847 0.23076923076923078 0.02403846153846154 0.02403846153846154
0 0.44711538461538464 0.20192307692307693 0.02403846153846154 0.02403846153846154
0 0.8701923076923077 0.19711538461538464 0.02403846153846154 0.02403846153846154
0 0.16105769230769232 0.17307692307692307 0.02403846153846154 0.02403846153846154
0 0.8677884615384616 0.15625 0.02403846153846154 0.02403846153846154
0 0.43028846153846156 0.15384615384615385 0.02403846153846154 0.02403846153846154
0 0.9375 0.13221153846153846 0.02403846153846154 0.02403846153846154
0 0.4903846153846154 0.10817307692307693 0.02403846153846154 0.02403846153846154
0 0.16346153846153846 0.10336538461538462 0.02403846153846154 0.02403846153846154
0 0.8004807692307693 0.10096153846153846 0.02403846153846154 0.02403846153846154
0 0.3774038461538462 0.07692307692307693 0.02403846153846154 0.02403846153846154
0 0.6634615384615385 0.06490384615384616 0.02403846153846154 0.02403846153846154
0 0.24278846153846156 0.06490384615384616 0.02403846153846154 0.02403846153846154
0 0.9350961538461539 0.04326923076923077 0.02403846153846154 0.02403846153846154
0 0.07451923076923077 0.375 0.02403846153846154 0.02403846153846154
0 0.1778846153846154 0.36778846153846156 0.02403846153846154 0.02403846153846154
0 0.6322115384615385 0.6971153846153847 0.02403846153846154 0.02403846153846154
0 0.7932692307692308 0.7259615384615385 0.02403846153846154 0.02403846153846154
0 0.6370192307692308 0.8485576923076924 0.02403846153846154 0.02403846153846154
0 0.8413461538461539 0.10817307692307693 0.02403846153846154 0.02403846153846154
0 0.15625 0.96875 0.02403846153846154 0.02403846153846154
0 0.46153846153846156 0.7259615384615385 0.02403846153846154 0.02403846153846154
0 0.3918269230769231 0.6682692307692308 0.02403846153846154 0.02403846153846154
0 0.545673076923077 0.4278846153846154 0.02403846153846154 0.02403846153846154
