0 0.9591346153846154 0.9567307692307693 0.02403846153846154 0.02403846153846154
0 0.4014423076923077 0.9375 0.02403846153846154 0.02403846153846154
0 0.5504807692307693 0.9326923076923077 0.02403846153846154 0.02403846153846154
0 0.11778846153846155 0.8822115384615385 0.02403846153846154 0.02403846153846154
0 0.7139423076923077 0.858173076923077 0.02403846153846154 0.02403846153846154
0 0.9375 0.8293269230769231 0.02403846153846154 0.02403846153846154
0 0.8774038461538463 0.7692307692307693 0.02403846153846154 0.02403846153846154
0 0.13701923076923078 0.7620192307692308 0.02403846153846154 0.02403846153846154
0 0.10576923076923078 0.764423076923077 0.02403846153846154 0.02403846153846154
0 0.06009615384615385 0.7211538461538461 0.02403846153846154 0.02403846153846154
0 0.4134615384615385 0.7043269230769231 0.02403846153846154 0.02403846153846154
0 0.17307692307692307 0.6995192307692308 0.02403846153846154 0.02403846153846154
0 0.8918269230769231 0.6899038461538461 0.02403846153846154 0.02403846153846154
0 0.15865384615384617 0.6850961538461539 0.02403846153846154 0.02403846153846154
0 0.7475961538461539 0.6610576923076923 0.02403846153846154 0.02403846153846154
0 0.3389423076923077 0.6057692307692308 0.02403846153846154 0.02403846153846154
0 0.7115384615384616 0.5649038461538461 0.02403846153846154 0.02403846153846154
0 0.8942307692307693 0.5168269230769231 0.02403846153846154 0.02403846153846154
0 0.14182692307692307 0.5 0.02403846153846154 0.02403846153846154
0 0.3894230769230769 0.4951923076923077 0.02403846153846154 0.02403846153846154
0 0.8293269230769231 0.46875 0.02403846153846154 0.02403846153846154
0 0.7379807692307693 0.4567307692307693 0.02403846153846154 0.02403846153846154
0 0.3125 0.45432692307692313 0.02403846153846154 0.02403846153846154
0 0.28605769230769235 0.4519230769230769 0.02403846153846154 0.02403846153846154
0 0.28125 0.4326923076923077 0.02403846153846154 0.02403846153846154
0 0.7764423076923077 0.3870192307692308 0.02403846153846154 0.02403846153846154
0 0.3389423076923077 0.2764423076923077 0.02403846153846154 0.02403846153846154
0 0.75 0.2043269230769231 0.02403846153846154 0.02403846153846154
0 0.7211538461538461 0.13221153846153846 0.02403846153846154 0.02403846153846154
0 0.6442307692307693 0.11057692307692309 0.02403846153846154 0.02403846153846154
0 0.5336538461538461 0.11298076923076923 0.02403846153846154 0.02403846153846154
0 0.7716346153846154 0.1466346153846154 0.02403846153846154 0.02403846153846154
0 0.5336538461538461 0.14423076923076925 0.02403846153846154 0.02403846153846154
0 0.8605769230769231 0.608173076923077 0.02403846153846154 0.02403846153846154
0 0.38461538461538464 0.3004807692307693 0.02403846153846154 0.02403846153846154
0 0.2043269230769231 0.639423076923077 0.02403846153846154 0.02403846153846154
0 0.4639423076923077 0.8798076923076924 0.02403846153846154 0.02403846153846154
0 0.8341346153846154 0.9543269230769231 0.02403846153846154 0.02403846153846154
0 0.7596153846153847 0.31490384615384615 0.02403846153846154 0.02403846153846154
0 0.5697115384615385 0.3509615384615385 0.02403846153846154 0.02403846153846154
0 0.4014423076923077 0.3629807692307693 0.02403846153846154 0.02403846153846154
0 0.3918269230769231 0.4567307692307693 0.02403846153846154 0.02403846153846154
0 0.17067307692307693 0.25480769230769235 0.02403846153846154 0.02403846153846154
0 0.9158653846153847 0.7836538461538461 0.02403846153846154 0.02403846153846154
0 0.7355769230769231 0.8052884615384616 0.02403846153846154 0.02403846153846154
