0 0.08413461538461539 0.9230769230769231 0.02403846153846154 0.02403846153846154
0 0.9399038461538463 0.7163461538461539 0.02403846153846154 0.02403846153846154
0 0.47355769230769235 0.65625 0.02403846153846154 0.02403846153846154
0 0.41105769230769235 0.5841346153846154 0.02403846153846154 0.02403846153846154
0 0.22596153846153846 0.5745192307692308 0.02403846153846154 0.02403846153846154
0 0.9350961538461539 0.47836538461538464 0.02403846153846154 0.02403846153846154
0 0.9399038461538463 0.3076923076923077 0.02403846153846154 0.02403846153846154
0 0.8605769230769231 0.3004807692307693 0.02403846153846154 0.02403846153846154
0 0.9038461538461539 0.2884615384615385 0.02403846153846154 0.02403846153846154
0 0.764423076923077 0.2620192307692308 0.02403846153846154 0.02403846153846154
0 0.47355769230769235 0.2403846153846154 0.02403846153846154 0.02403846153846154
0 0.9615384615384616 0.2355769230769231 0.02403846153846154 0.02403846153846154
0 0.5625 0.19711538461538464 0.02403846153846154 0.02403846153846154
0 0.826923076923077 0.16346153846153846 0.02403846153846154 0.02403846153846154
0 0.8605769230769231 0.15625 0.02403846153846154 0.02403846153846154
0 0.6129807692307693 0.1466346153846154 0.02403846153846154 0.02403846153846154
0 0.8533653846153847 0.13701923076923078 0.02403846153846154 0.02403846153846154
0 0.9639423076923077 0.10576923076923078 0.02403846153846154 0.02403846153846154
0 0.6875 0.07211538461538462 0.02403846153846154 0.02403846153846154
0 0.71875 0.34615384615384615 0.02403846153846154 0.02403846153846154
0 0.6826923076923077 0.5745192307692308 0.02403846153846154 0.02403846153846154
0 0.5288461538461539 0.7524038461538461 0.02403846153846154 0.02403846153846154
0 0.34134615384615385 0.7259615384615385 0.02403846153846154 0.02403846153846154
0 0.40384615384615385 0.7091346153846154 0.02403846153846154 0.02403846153846154
0 0.2980769230769231 0.24278846153846156 0.02403846153846154 0.02403846153846154
0 0.5240384615384616 0.3197115384615385 0.02403846153846154 0.02403846153846154
0 0.6802884615384616 0.2620192307692308 0.02403846153846154 0.02403846153846154
0 0.6514423076923077 0.25 0.02403846153846154 0.02403846153846154
0 0.5817307692307693 0.2764423076923077 0.02403846153846154 0.02403846153846154
0 0.6225961538461539 0.20673076923076925 0.02403846153846154 0.02403846153846154
0 0.43509615384615385 0.10576923076923078 0.02403846153846154 0.02403846153846154
0 0.8028846153846154 0.040865384615384616 0.02403846153846154 0.02403846153846154
0 0.889423076923077 0.11778846153846155 0.02403846153846154 0.02403846153846154
0 0.8990384615384616 0.16586538461538464 0.02403846153846154 0.02403846153846154
0 0.2355769230769231 0.3125 0.02403846153846154 0.02403846153846154
0 0.22596153846153846 0.2091346153846154 0.02403846153846154 0.02403846153846154
0 0.41586538461538464 0.32211538461538464 0.02403846153846154 0.02403846153846154
