0 0.35336538461538464 0.9567307692307693 0.02403846153846154 0.02403846153846154
0 0.2355769230769231 0.858173076923077 0.02403846153846154 0.02403846153846154
0 0.057692307692307696 0.8245192307692308 0.02403846153846154 0.02403846153846154
0 0.31490384615384615 0.8245192307692308 0.02403846153846154 0.02403846153846154
0 0.5552884615384616 0.8028846153846154 0.02403846153846154 0.02403846153846154
0 0.14903846153846154 0.8076923076923077 0.02403846153846154 0.02403846153846154
0 0.6322115384615385 0.7884615384615385 0.02403846153846154 0.02403846153846154
0 0.3894230769230769 0.7716346153846154 0.02403846153846154 0.02403846153846154
0 0.8413461538461539 0.764423076923077 0.02403846153846154 0.02403846153846154
0 0.7548076923076924 0.764423076923077 0.02403846153846154 0.02403846153846154
0 0.2620192307692308 0.7475961538461539 0.02403846153846154 0.02403846153846154
0 0.1778846153846154 0.733173076923077 0.02403846153846154 0.02403846153846154
0 0.9423076923076924 0.7259615384615385 0.02403846153846154 0.02403846153846154
0 0.03365384615384616 0.7163461538461539 0.02403846153846154 0.02403846153846154
0 0.23076923076923078 0.6850961538461539 0.02403846153846154 0.02403846153846154
0 0.22836538461538464 0.6610576923076923 0.02403846153846154 0.02403846153846154
0 0.5024038461538461 0.5504807692307693 0.02403846153846154 0.02403846153846154
0 0.0625 0.5384615384615385 0.02403846153846154 0.02403846153846154
0 0.2644230769230769 0.49759615384615385 0.02403846153846154 0.02403846153846154
0 0.3341346153846154 0.4254807692307693 0.02403846153846154 0.02403846153846154
0 0.375 0.4182692307692308 0.02403846153846154 0.02403846153846154
0 0.6274038461538461 0.3509615384615385 0.02403846153846154 0.02403846153846154
0 0.4519230769230769 0.3293269230769231 0.02403846153846154 0.02403846153846154
0 0.84375 0.31730769230769235 0.02403846153846154 0.02403846153846154
0 0.15625 0.30528846153846156 0.02403846153846154 0.02403846153846154
0 0.96875 0.2451923076923077 0.02403846153846154 0.02403846153846154
0 0.9086538461538463 0.22115384615384617 0.02403846153846154 0.02403846153846154
0 0.18028846153846154 0.21634615384615385 0.02403846153846154 0.02403846153846154
0 0.3341346153846154 0.1826923076923077 0.02403846153846154 0.02403846153846154
0 0.19471153846153846 0.1826923076923077 0.02403846153846154 0.02403846153846154
0 0.08413461538461539 0.16586538461538464 0.02403846153846154 0.02403846153846154
0 0.8605769230769231 0.16346153846153846 0.02403846153846154 0.02403846153846154
0 0.3966346153846154 0.14903846153846154 0.02403846153846154 0.02403846153846154
0 0.1875 0.14423076923076925 0.02403846153846154 0.02403846153846154
0 0.9375 0.13461538461538464 0.02403846153846154 0.02403846153846154
0 0.5576923076923077 0.12980769230769232 0.02403846153846154 0.02403846153846154
0 0.4399038461538462 0.125 0.02403846153846154 0.02403846153846154
0 0.7836538461538461 0.12259615384615385 0.02403846153846154 0.02403846153846154
0 0.5913461538461539 0.11057692307692309 0.02403846153846154 0.02403846153846154
0 0.5096153846153847 0.10096153846153846 0.02403846153846154 0.02403846153846154
0 0.5264423076923077 0.09134615384615385 0.02403846153846154 0.02403846153846154
0 0.3894230769230769 0.06971153846153846 0.02403846153846154 0.02403846153846154
0 0.3822115384615385 0.05048076923076923 0.02403846153846154 0.02403846153846154
0 0.6875 0.040865384615384616 0.02403846153846154 0.02403846153846154
0 0.7524038461538461 0.038461538461538464 0.02403846153846154 0.02403846153846154
0 0.5817307692307693 0.03125 0.02403846153846154 0.02403846153846154
0 0.889423076923077 0.6610576923076923 0.02403846153846154 0.02403846153846154
0 0.858173076923077 0.5168269230769231 0.02403846153846154 0.02403846153846154
0 0.5625 0.5961538461538461 0.02403846153846154 0.02403846153846154
0 0.4254807692307693 0.6370192307692308 0.02403846153846154 0.02403846153846154
