0 0.6153846153846154 0.9663461538461539 0.02403846153846154 0.02403846153846154
0 0.9014423076923077 0.951923076923077 0.02403846153846154 0.02403846153846154
0 0.6826923076923077 0.9230769230769231 0.02403846153846154 0.02403846153846154
0 0.3966346153846154 0.8942307692307693 0.02403846153846154 0.02403846153846154
0 0.6658653846153847 0.875 0.02403846153846154 0.02403846153846154
0 0.7259615384615385 0.8293269230769231 0.02403846153846154 0.02403846153846154
0 0.39903846153846156 0.8245192307692308 0.02403846153846154 0.02403846153846154
0 0.6129807692307693 0.7980769230769231 0.02403846153846154 0.02403846153846154
0 0.8990384615384616 0.7860576923076924 0.02403846153846154 0.02403846153846154
0 0.47836538461538464 0.7860576923076924 0.02403846153846154 0.02403846153846154
0 0.2644230769230769 0.7379807692307693 0.02403846153846154 0.02403846153846154
0 0.5408653846153847 0.6971153846153847 0.02403846153846154 0.02403846153846154
0 0.38461538461538464 0.6923076923076923 0.02403846153846154 0.02403846153846154
0 0.6802884615384616 0.6850961538461539 0.02403846153846154 0.02403846153846154
0 0.2091346153846154 0.6850961538461539 0.02403846153846154 0.02403846153846154
0 0.8028846153846154 0.6682692307692308 0.02403846153846154 0.02403846153846154
0 0.6850961538461539 0.5697115384615385 0.02403846153846154 0.02403846153846154
0 0.5072115384615384 0.5360576923076923 0.02403846153846154 0.02403846153846154
0 0.764423076923077 0.5360576923076923 0.02403846153846154 0.02403846153846154
0 0.3076923076923077 0.5216346153846154 0.02403846153846154 0.02403846153846154
0 0.5985576923076923 0.5192307692307693 0.02403846153846154 0.02403846153846154
0 0.8389423076923077 0.4831730769230769 0.02403846153846154 0.02403846153846154
0 0.7115384615384616 0.4591346153846154 0.02403846153846154 0.02403846153846154
0 0.46634615384615385 0.45432692307692313 0.02403846153846154 0.02403846153846154
0 0.6274038461538461 0.4447115384615385 0.02403846153846154 0.02403846153846154
0 0.2043269230769231 0.44711538461538464 0.02403846153846154 0.02403846153846154
0 0.4831730769230769 0.4278846153846154 0.02403846153846154 0.02403846153846154
0 0.6802884615384616 0.3966346153846154 0.02403846153846154 0.02403846153846154
0 0.6778846153846154 0.37259615384615385 0.02403846153846154 0.02403846153846154
0 0.2091346153846154 0.2764423076923077 0.02403846153846154 0.02403846153846154
0 0.12980769230769232 0.2692307692307693 0.02403846153846154 0.02403846153846154
0 0.3317307692307693 0.2668269230769231 0.02403846153846154 0.02403846153846154
0 0.951923076923077 0.2620192307692308 0.02403846153846154 0.02403846153846154
0 0.17307692307692307 0.2572115384615385 0.02403846153846154 0.02403846153846154
0 0.5120192307692308 0.25 0.02403846153846154 0.02403846153846154
0 0.03365384615384616 0.23076923076923078 0.02403846153846154 0.02403846153846154
0 0.7139423076923077 0.2091346153846154 0.02403846153846154 0.02403846153846154
0 0.23076923076923078 0.2043269230769231 0.02403846153846154 0.02403846153846154
0 0.3774038461538462 0.19471153846153846 0.02403846153846154 0.02403846153846154
0 0.7836538461538461 0.13701923076923078 0.02403846153846154 0.02403846153846154
0 0.8245192307692308 0.12980769230769232 0.02403846153846154 0.02403846153846154
0 0.09615384615384616 0.13221153846153846 0.02403846153846154 0.02403846153846154
0 0.12980769230769232 0.125 0.02403846153846154 0.02403846153846154
0 0.12259615384615385 0.10576923076923078 0.02403846153846154 0.02403846153846154
0 0.23317307692307693 0.07451923076923077 0.02403846153846154 0.02403846153846154
0 0.9014423076923077 0.040865384615384616 0.02403846153846154 0.02403846153846154
0 0.4375 0.03365384615384616 0.02403846153846154 0.02403846153846154
0 0.875 0.34855769230769235 0.02403846153846154 0.02403846153846154
0 0.3269230769230769 0.19711538461538464 0.02403846153846154 0.02403846153846154
0 0.15865384615384617 0.08653846153846154 0.02403846153846154 0.02403846153846154
0 0.16826923076923078 0.13461538461538464 0.02403846153846154 0.02403846153846154
