0 0.19471153846153846 0.9110576923076924 0.02403846153846154 0.02403846153846154
0 0.27403846153846156 0.8774038461538463 0.02403846153846154 0.02403846153846154
0 0.514423076923077 0.8557692307692308 0.02403846153846154 0.02403846153846154
0 0.10817307692307693 0.8605769230769231 0.02403846153846154 0.02403846153846154
0 0.5913461538461539 0.8413461538461539 0.02403846153846154 0.02403846153846154
0 0.34855769230769235 0.8245192307692308 0.02403846153846154 0.02403846153846154
0 0.8004807692307693 0.8173076923076924 0.02403846153846154 0.02403846153846154
0 0.7139423076923077 0.8173076923076924 0.02403846153846154 0.02403846153846154
0 0.22115384615384617 0.8004807692307693 0.02403846153846154 0.02403846153846154
0 0.13701923076923078 0.7860576923076924 0.02403846153846154 0.02403846153846154
0 0.9014423076923077 0.7788461538461539 0.02403846153846154 0.02403846153846154
0 0.18990384615384617 0.7379807692307693 0.02403846153846154 0.02403846153846154
0 0.1875 0.7139423076923077 0.02403846153846154 0.02403846153846154
0 0.46153846153846156 0.6033653846153847 0.02403846153846154 0.02403846153846154
0 0.22355769230769232 0.5504807692307693 0.02403846153846154 0.02403846153846154
0 0.2932692307692308 0.47836538461538464 0.02403846153846154 0.02403846153846154
0 0.3341346153846154 0.4711538461538462 0.02403846153846154 0.02403846153846154
0 0.5865384615384616 0.40384615384615385 0.02403846153846154 0.02403846153846154
0 0.41105769230769235 0.3822115384615385 0.02403846153846154 0.02403846153846154
0 0.8028846153846154 0.3701923076923077 0.02403846153846154 0.02403846153846154
0 0.11538461538461539 0.3581730769230769 0.02403846153846154 0.02403846153846154
0 0.9278846153846154 0.2980769230769231 0.02403846153846154 0.02403846153846154
0 0.8677884615384616 0.27403846153846156 0.02403846153846154 0.02403846153846154
0 0.13942307692307693 0.2692307692307693 0.02403846153846154 0.02403846153846154
0 0.951923076923077 0.23798076923076925 0.02403846153846154 0.02403846153846154
0 0.2932692307692308 0.2355769230769231 0.02403846153846154 0.02403846153846154
0 0.15384615384615385 0.2355769230769231 0.02403846153846154 0.02403846153846154
0 0.04326923076923077 0.21875 0.02403846153846154 0.02403846153846154
0 0.8197115384615385 0.21634615384615385 0.02403846153846154 0.02403846153846154
0 0.3557692307692308 0.20192307692307693 0.02403846153846154 0.02403846153846154
0 0.1466346153846154 0.19711538461538464 0.02403846153846154 0.02403846153846154
0 0.8966346153846154 0.1875 0.02403846153846154 0.02403846153846154
0 0.5168269230769231 0.1826923076923077 0.02403846153846154 0.02403846153846154
0 0.39903846153846156 0.1778846153846154 0.02403846153846154 0.02403846153846154
0 0.7427884615384616 0.17548076923076925 0.02403846153846154 0.02403846153846154
0 0.5504807692307693 0.16346153846153846 0.02403846153846154 0.02403846153846154
0 0.46875 0.15384615384615385 0.02403846153846154 0.02403846153846154
0 0.48557692307692313 0.14423076923076925 0.02403846153846154 0.02403846153846154
0 0.34855769230769235 0.12259615384615385 0.02403846153846154 0.02403846153846154
0 0.34134615384615385 0.10336538461538462 0.02403846153846154 0.02403846153846154
0 0.6466346153846154 0.09375 0.02403846153846154 0.02403846153846154
0 0.7115384615384616 0.09134615384615385 0.02403846153846154 0.02403846153846154
0 0.5408653846153847 0.08413461538461539 0.02403846153846154 0.02403846153846154
0 0.920673076923077 0.03605769230769231 0.02403846153846154 0.02403846153846154
0 0.4182692307692308 0.026442307692307696 0.02403846153846154 0.02403846153846154
0 0.6490384615384616 0.02403846153846154 0.02403846153846154 0.02403846153846154
0 0.31009615384615385 0.04807692307692308 0.02403846153846154 0.02403846153846154
0 0.8485576923076924 0.7139423076923077 0.02403846153846154 0.02403846153846154
0 0.8173076923076924 0.5697115384615385 0.02403846153846154 0.02403846153846154
0 0.5216346153846154 0.6490384615384616 0.02403846153846154 0.02403846153846154
0 0.38461538461538464 0.6899038461538461 0.02403846153846154 0.02403846153846154
