0 0.8197115384615385 0.951923076923077 0.02403846153846154 0.02403846153846154
0 0.3028846153846154 0.9350961538461539 0.02403846153846154 0.02403846153846154
0 0.7379807692307693 0.9182692307692308 0.02403846153846154 0.02403846153846154
0 0.5649038461538461 0.9110576923076924 0.02403846153846154 0.02403846153846154
0 0.4951923076923077 0.8942307692307693 0.02403846153846154 0.02403846153846154
0 0.4375 0.8774038461538463 0.02403846153846154 0.02403846153846154
0 0.34855769230769235 0.8076923076923077 0.02403846153846154 0.02403846153846154
0 0.36778846153846156 0.7692307692307693 0.02403846153846154 0.02403846153846154
0 0.6778846153846154 0.75 0.02403846153846154 0.02403846153846154
0 0.31009615384615385 0.6875 0.02403846153846154 0.02403846153846154
0 0.2403846153846154 0.6490384615384616 0.02403846153846154 0.02403846153846154
0 0.28605769230769235 0.514423076923077 0.02403846153846154 0.02403846153846154
0 0.6346153846153847 0.47355769230769235 0.02403846153846154 0.02403846153846154
0 0.25240384615384615 0.45432692307692313 0.02403846153846154 0.02403846153846154
0 0.6153846153846154 0.4399038461538462 0.02403846153846154 0.02403846153846154
0 0.4903846153846154 0.41105769230769235 0.02403846153846154 0.02403846153846154
0 0.9326923076923077 0.40625 0.02403846153846154 0.02403846153846154
0 0.10576923076923078 0.3389423076923077 0.02403846153846154 0.02403846153846154
0 0.5625 0.3245192307692308 0.02403846153846154 0.02403846153846154
0 0.8341346153846154 0.3028846153846154 0.02403846153846154 0.02403846153846154
0 0.53125 0.28605769230769235 0.02403846153846154 0.02403846153846154
0 0.639423076923077 0.25240384615384615 0.02403846153846154 0.02403846153846154
0 0.49278846153846156 0.21875 0.02403846153846154 0.02403846153846154
0 0.7548076923076924 0.18509615384615385 0.02403846153846154 0.02403846153846154
0 0.16105769230769232 0.10096153846153846 0.02403846153846154 0.02403846153846154
0 0.7235576923076924 0.08413461538461539 0.02403846153846154 0.02403846153846154
0 0.2692307692307693 0.05048076923076923 0.02403846153846154 0.02403846153846154
0 0.8870192307692308 0.1826923076923077 0.02403846153846154 0.02403846153846154
0 0.021634615384615384 0.4254807692307693 0.02403846153846154 0.02403846153846154
0 0.5841346153846154 0.6826923076923077 0.02403846153846154 0.02403846153846154
0 0.8485576923076924 0.13701923076923078 0.02403846153846154 0.02403846153846154
0 0.6923076923076923 0.06971153846153846 0.02403846153846154 0.02403846153846154
0 0.5817307692307693 0.18990384615384617 0.02403846153846154 0.02403846153846154
