0 0.5721153846153847 0.9254807692307693 0.02403846153846154 0.02403846153846154
0 0.920673076923077 0.8846153846153847 0.02403846153846154 0.02403846153846154
0 0.5384615384615385 0.8653846153846154 0.02403846153846154 0.02403846153846154
0 0.9014423076923077 0.8509615384615385 0.02403846153846154 0.02403846153846154
0 0.7764423076923077 0.8221153846153847 0.02403846153846154 0.02403846153846154
0 0.25240384615384615 0.7596153846153847 0.02403846153846154 0.02403846153846154
0 0.3918269230769231 0.75 0.02403846153846154 0.02403846153846154
0 0.8485576923076924 0.7355769230769231 0.02403846153846154 0.02403846153846154
0 0.8173076923076924 0.6971153846153847 0.02403846153846154 0.02403846153846154
0 0.9254807692307693 0.6634615384615385 0.02403846153846154 0.02403846153846154
0 0.7788461538461539 0.6298076923076923 0.02403846153846154 0.02403846153846154
0 0.44711538461538464 0.5120192307692308 0.02403846153846154 0.02403846153846154
0 0.5552884615384616 0.46153846153846156 0.02403846153846154 0.02403846153846154
0 0.8822115384615385 0.3822115384615385 0.02403846153846154 0.02403846153846154
0 0.9134615384615385 0.21153846153846156 0.02403846153846154 0.02403846153846154
0 0.4879807692307693 0.2043269230769231 0.02403846153846154 0.02403846153846154
0 0.608173076923077 0.06730769230769232 0.02403846153846154 0.02403846153846154
0 0.21875 0.2980769230769231 0.02403846153846154 0.02403846153846154
0 0.2884615384615385 0.34855769230769235 0.02403846153846154 0.02403846153846154
0 0.36778846153846156 0.3701923076923077 0.02403846153846154 0.02403846153846154
0 0.34615384615384615 0.2620192307692308 0.02403846153846154 0.02403846153846154
0 0.42307692307692313 0.15384615384615385 0.02403846153846154 0.02403846153846154
0 0.7740384615384616 0.11298076923076923 0.02403846153846154 0.02403846153846154
0 0.9591346153846154 0.05288461538461539 0.02403846153846154 0.02403846153846154
0 0.96875 0.34375 0.02403846153846154 0.02403846153846154
0 0.3076923076923077 0.8365384615384616 0.02403846153846154 0.02403846153846154
0 0.05528846153846154 0.65625 0.02403846153846154 0.02403846153846154
0 0.14182692307692307 0.733173076923077 0.02403846153846154 0.02403846153846154
0 0.8677884615384616 0.6009615384615385 0.02403846153846154 0.02403846153846154
