0 0.9302884615384616 0.9254807692307693 0.02403846153846154 0.02403846153846154
0 0.11538461538461539 0.8653846153846154 0.02403846153846154 0.02403846153846154
0 0.4639423076923077 0.8245192307692308 0.02403846153846154 0.02403846153846154
0 0.08173076923076923 0.8052884615384616 0.02403846153846154 0.02403846153846154
0 0.4447115384615385 0.7908653846153847 0.02403846153846154 0.02403846153846154
0 0.3197115384615385 0.7620192307692308 0.02403846153846154 0.02403846153846154
0 0.7620192307692308 0.7572115384615385 0.02403846153846154 0.02403846153846154
0 0.3918269230769231 0.6754807692307693 0.02403846153846154 0.02403846153846154
0 0.8725961538461539 0.6730769230769231 0.02403846153846154 0.02403846153846154
0 0.6634615384615385 0.6538461538461539 0.02403846153846154 0.02403846153846154
0 0.3605769230769231 0.6370192307692308 0.02403846153846154 0.02403846153846154
0 0.46875 0.6033653846153847 0.02403846153846154 0.02403846153846154
0 0.32211538461538464 0.5697115384615385 0.02403846153846154 0.02403846153846154
0 0.5841346153846154 0.5360576923076923 0.02403846153846154 0.02403846153846154
0 0.8629807692307693 0.5240384615384616 0.02403846153846154 0.02403846153846154
0 0.9423076923076924 0.5 0.02403846153846154 0.02403846153846154
0 0.5528846153846154 0.43509615384615385 0.02403846153846154 0.02403846153846154
0 0.09855769230769232 0.4014423076923077 0.02403846153846154 0.02403846153846154
0 0.4254807692307693 0.32211538461538464 0.02403846153846154 0.02403846153846154
0 0.608173076923077 0.3028846153846154 0.02403846153846154 0.02403846153846154
0 0.7668269230769231 0.25 0.02403846153846154 0.02403846153846154
0 0.4567307692307693 0.1514423076923077 0.02403846153846154 0.02403846153846154
0 0.03125 0.14423076923076925 0.02403846153846154 0.02403846153846154
0 0.7836538461538461 0.10817307692307693 0.02403846153846154 0.02403846153846154
0 0.8485576923076924 0.06730769230769232 0.02403846153846154 0.02403846153846154
0 0.795673076923077 0.05528846153846154 0.02403846153846154 0.02403846153846154
0 0.5408653846153847 0.02403846153846154 0.02403846153846154 0.02403846153846154
0 0.31730769230769235 0.05288461538461539 0.02403846153846154 0.02403846153846154
0 0.5120192307692308 0.28365384615384615 0.02403846153846154 0.02403846153846154
0 0.8028846153846154 0.33653846153846156 0.02403846153846154 0.02403846153846154
0 0.6778846153846154 0.34134615384615385 0.02403846153846154 0.02403846153846154
0 0.7163461538461539 0.5336538461538461 0.02403846153846154 0.02403846153846154
0 0.6778846153846154 0.4879807692307693 0.02403846153846154 0.02403846153846154
0 0.5216346153846154 0.4206730769230769 0.02403846153846154 0.02403846153846154
0 0.41105769230769235 0.5408653846153847 0.02403846153846154 0.02403846153846154
