0 0.96875 0.96875 0.02403846153846154 0.02403846153846154
0 0.9350961538461539 0.9086538461538463 0.02403846153846154 0.02403846153846154
0 0.6490384615384616 0.8028846153846154 0.02403846153846154 0.02403846153846154
0 0.7884615384615385 0.7932692307692308 0.02403846153846154 0.02403846153846154
0 0.84375 0.5552884615384616 0.02403846153846154 0.02403846153846154
0 0.951923076923077 0.5048076923076923 0.02403846153846154 0.02403846153846154
0 0.24278846153846156 0.3581730769230769 0.02403846153846154 0.02403846153846154
0 0.8846153846153847 0.24759615384615385 0.02403846153846154 0.02403846153846154
0 0.9254807692307693 0.03125 0.02403846153846154 0.02403846153846154
0 0.6153846153846154 0.03125 0.02403846153846154 0.02403846153846154
0 0.6153846153846154 0.34134615384615385 0.02403846153846154 0.02403846153846154
0 0.6850961538461539 0.3918269230769231 0.02403846153846154 0.02403846153846154
0 0.764423076923077 0.4134615384615385 0.02403846153846154 0.02403846153846154
0 0.7427884615384616 0.30528846153846156 0.02403846153846154 0.02403846153846154
0 0.8197115384615385 0.19711538461538464 0.02403846153846154 0.02403846153846154
0 0.7043269230769231 0.8798076923076924 0.02403846153846154 0.02403846153846154
0 0.3942307692307693 0.7932692307692308 0.02403846153846154 0.02403846153846154
0 0.2572115384615385 0.8629807692307693 0.02403846153846154 0.02403846153846154
0 0.1875 0.8485576923076924 0.02403846153846154 0.02403846153846154
0 0.09375 0.9134615384615385 0.02403846153846154 0.02403846153846154
0 0.4519230769230769 0.6995192307692308 0.02403846153846154 0.02403846153846154
0 0.5384615384615385 0.7764423076923077 0.02403846153846154 0.02403846153846154
