0 0.5961538461538461 0.9399038461538463 0.02403846153846154 0.02403846153846154
0 0.1826923076923077 0.9134615384615385 0.02403846153846154 0.02403846153846154
0 0.13701923076923078 0.9134615384615385 0.02403846153846154 0.02403846153846154
0 0.09855769230769232 0.9110576923076924 0.02403846153846154 0.02403846153846154
0 0.6658653846153847 0.9038461538461539 0.02403846153846154 0.02403846153846154
0 0.3822115384615385 0.8990384615384616 0.02403846153846154 0.02403846153846154
0 0.13701923076923078 0.8822115384615385 0.02403846153846154 0.02403846153846154
0 0.3076923076923077 0.8485576923076924 0.02403846153846154 0.02403846153846154
0 0.7403846153846154 0.8293269230769231 0.02403846153846154 0.02403846153846154
0 0.41586538461538464 0.8173076923076924 0.02403846153846154 0.02403846153846154
0 0.3389423076923077 0.8173076923076924 0.02403846153846154 0.02403846153846154
0 0.7932692307692308 0.7716346153846154 0.02403846153846154 0.02403846153846154
0 0.8918269230769231 0.7524038461538461 0.02403846153846154 0.02403846153846154
0 0.6418269230769231 0.7355769230769231 0.02403846153846154 0.02403846153846154
0 0.125 0.71875 0.02403846153846154 0.02403846153846154
0 0.5600961538461539 0.701923076923077 0.02403846153846154 0.02403846153846154
0 0.3870192307692308 0.6947115384615385 0.02403846153846154 0.02403846153846154
0 0.31730769230769235 0.6778846153846154 0.02403846153846154 0.02403846153846154
0 0.25961538461538464 0.6610576923076923 0.02403846153846154 0.02403846153846154
0 0.17067307692307693 0.5913461538461539 0.02403846153846154 0.02403846153846154
0 0.18990384615384617 0.5528846153846154 0.02403846153846154 0.02403846153846154
0 0.5 0.5336538461538461 0.02403846153846154 0.02403846153846154
0 0.13221153846153846 0.4711538461538462 0.02403846153846154 0.02403846153846154
0 0.8317307692307693 0.4639423076923077 0.02403846153846154 0.02403846153846154
0 0.0625 0.4326923076923077 0.02403846153846154 0.02403846153846154
0 0.9230769230769231 0.3581730769230769 0.02403846153846154 0.02403846153846154
0 0.10817307692307693 0.2980769230769231 0.02403846153846154 0.02403846153846154
0 0.4567307692307693 0.2572115384615385 0.02403846153846154 0.02403846153846154
0 0.07451923076923077 0.23798076923076925 0.02403846153846154 0.02403846153846154
0 0.4375 0.22355769230769232 0.02403846153846154 0.02403846153846154
0 0.3125 0.19471153846153846 0.02403846153846154 0.02403846153846154
0 0.7548076923076924 0.18990384615384617 0.02403846153846154 0.02403846153846154
0 0.38461538461538464 0.10817307692307693 0.02403846153846154 0.02403846153846154
0 0.8653846153846154 0.10576923076923078 0.02403846153846154 0.02403846153846154
0 0.65625 0.08653846153846154 0.02403846153846154 0.02403846153846154
0 0.35336538461538464 0.06971153846153846 0.02403846153846154 0.02403846153846154
0 0.46153846153846156 0.03605769230769231 0.02403846153846154 0.02403846153846154
0 0.40625 0.46634615384615385 0.02403846153846154 0.02403846153846154
