0 0.14423076923076925 0.9375 0.02403846153846154 0.02403846153846154
0 0.28365384615384615 0.9278846153846154 0.02403846153846154 0.02403846153846154
0 0.7403846153846154 0.9134615384615385 0.02403846153846154 0.02403846153846154
0 0.7091346153846154 0.875 0.02403846153846154 0.02403846153846154
0 0.8173076923076924 0.8413461538461539 0.02403846153846154 0.02403846153846154
0 0.670673076923077 0.8076923076923077 0.02403846153846154 0.02403846153846154
0 0.9326923076923077 0.7740384615384616 0.02403846153846154 0.02403846153846154
0 0.3389423076923077 0.6899038461538461 0.02403846153846154 0.02403846153846154
0 0.9014423076923077 0.6730769230769231 0.02403846153846154 0.02403846153846154
0 0.44711538461538464 0.639423076923077 0.02403846153846154 0.02403846153846154
0 0.7740384615384616 0.5600961538461539 0.02403846153846154 0.02403846153846154
0 0.9567307692307693 0.5408653846153847 0.02403846153846154 0.02403846153846154
0 0.8052884615384616 0.3894230769230769 0.02403846153846154 0.02403846153846154
0 0.37980769230769235 0.3822115384615385 0.02403846153846154 0.02403846153846154
0 0.889423076923077 0.2620192307692308 0.02403846153846154 0.02403846153846154
0 0.5 0.2451923076923077 0.02403846153846154 0.02403846153846154
0 0.5673076923076923 0.17548076923076925 0.02403846153846154 0.02403846153846154
0 0.5 0.17067307692307693 0.02403846153846154 0.02403846153846154
0 0.4206730769230769 0.16586538461538464 0.02403846153846154 0.02403846153846154
0 0.11057692307692309 0.16586538461538464 0.02403846153846154 0.02403846153846154
0 0.29086538461538464 0.14182692307692307 0.02403846153846154 0.02403846153846154
0 0.11057692307692309 0.4759615384615385 0.02403846153846154 0.02403846153846154
0 0.18028846153846154 0.5264423076923077 0.02403846153846154 0.02403846153846154
0 0.25961538461538464 0.5480769230769231 0.02403846153846154 0.02403846153846154
0 0.23798076923076925 0.4399038461538462 0.02403846153846154 0.02403846153846154
0 0.31490384615384615 0.3317307692307693 0.02403846153846154 0.02403846153846154
0 0.6658653846153847 0.29086538461538464 0.02403846153846154 0.02403846153846154
0 0.8509615384615385 0.23076923076923078 0.02403846153846154 0.02403846153846154
0 0.8605769230769231 0.5216346153846154 0.02403846153846154 0.02403846153846154
0 0.03365384615384616 0.9110576923076924 0.02403846153846154 0.02403846153846154
0 0.8701923076923077 0.6586538461538461 0.02403846153846154 0.02403846153846154
0 0.7596153846153847 0.7788461538461539 0.02403846153846154 0.02403846153846154
