0 0.37980769230769235 0.9711538461538463 0.02403846153846154 0.02403846153846154
0 0.10336538461538462 0.96875 0.02403846153846154 0.02403846153846154
0 0.3894230769230769 0.9567307692307693 0.02403846153846154 0.02403846153846154
0 0.5360576923076923 0.9447115384615385 0.02403846153846154 0.02403846153846154
0 0.13942307692307693 0.9567307692307693 0.02403846153846154 0.02403846153846154
0 0.7379807692307693 0.9326923076923077 0.02403846153846154 0.02403846153846154
0 0.8918269230769231 0.9399038461538463 0.02403846153846154 0.02403846153846154
0 0.44711538461538464 0.9230769230769231 0.02403846153846154 0.02403846153846154
0 0.41105769230769235 0.9278846153846154 0.02403846153846154 0.02403846153846154
0 0.16586538461538464 0.9278846153846154 0.02403846153846154 0.02403846153846154
0 0.03365384615384616 0.9134615384615385 0.02403846153846154 0.02403846153846154
0 0.5 0.8918269230769231 0.02403846153846154 0.02403846153846154
0 0.22355769230769232 0.889423076923077 0.02403846153846154 0.02403846153846154
0 0.2403846153846154 0.8725961538461539 0.02403846153846154 0.02403846153846154
0 0.13221153846153846 0.8725961538461539 0.02403846153846154 0.02403846153846154
0 0.7451923076923077 0.8557692307692308 0.02403846153846154 0.02403846153846154
0 0.03605769230769231 0.8293269230769231 0.02403846153846154 0.02403846153846154
0 0.7235576923076924 0.826923076923077 0.02403846153846154 0.02403846153846154
0 0.6177884615384616 0.8221153846153847 0.02403846153846154 0.02403846153846154
0 0.18028846153846154 0.8197115384615385 0.02403846153846154 0.02403846153846154
0 0.11298076923076923 0.8100961538461539 0.02403846153846154 0.02403846153846154
0 0.90625 0.795673076923077 0.02403846153846154 0.02403846153846154
0 0.31009615384615385 0.7836538461538461 0.02403846153846154 0.02403846153846154
0 0.3918269230769231 0.733173076923077 0.02403846153846154 0.02403846153846154
0 0.23317307692307693 0.7355769230769231 0.02403846153846154 0.02403846153846154
0 0.5264423076923077 0.6971153846153847 0.02403846153846154 0.02403846153846154
0 0.17067307692307693 0.6995192307692308 0.02403846153846154 0.02403846153846154
0 0.39903846153846156 0.6610576923076923 0.02403846153846154 0.02403846153846154
0 0.3701923076923077 0.625 0.02403846153846154 0.02403846153846154
0 0.8677884615384616 0.6105769230769231 0.02403846153846154 0.02403846153846154
0 0.3918269230769231 0.6105769230769231 0.02403846153846154 0.02403846153846154
0 0.8052884615384616 0.6057692307692308 0.02403846153846154 0.02403846153846154
0 0.7355769230769231 0.6105769230769231 0.02403846153846154 0.02403846153846154
0 0.34375 0.5985576923076923 0.02403846153846154 0.02403846153846154
0 0.2139423076923077 0.5985576923076923 0.02403846153846154 0.02403846153846154
0 0.25961538461538464 0.5961538461538461 0.02403846153846154 0.02403846153846154
0 0.37259615384615385 0.5865384615384616 0.02403846153846154 0.02403846153846154
0 0.12259615384615385 0.5889423076923077 0.02403846153846154 0.02403846153846154
0 0.23317307692307693 0.5817307692307693 0.02403846153846154 0.02403846153846154
0 0.7211538461538461 0.5793269230769231 0.02403846153846154 0.02403846153846154
0 0.040865384615384616 0.5697115384615385 0.02403846153846154 0.02403846153846154
0 0.7427884615384616 0.5673076923076923 0.02403846153846154 0.02403846153846154
0 0.670673076923077 0.5673076923076923 0.02403846153846154 0.02403846153846154
0 0.576923076923077 0.5673076923076923 0.02403846153846154 0.02403846153846154
0 0.7932692307692308 0.5528846153846154 0.02403846153846154 0.02403846153846154
0 0.3557692307692308 0.5504807692307693 0.02403846153846154 0.02403846153846154
0 0.22836538461538464 0.5504807692307693 0.02403846153846154 0.02403846153846154
0 0.13701923076923078 0.545673076923077 0.02403846153846154 0.02403846153846154
0 0.608173076923077 0.5408653846153847 0.02403846153846154 0.02403846153846154
0 0.2620192307692308 0.5336538461538461 0.02403846153846154 0.02403846153846154
0 0.8173076923076924 0.5264423076923077 0.02403846153846154 0.02403846153846154
0 0.7716346153846154 0.5240384615384616 0.02403846153846154 0.02403846153846154
0 0.05528846153846154 0.5216346153846154 0.02403846153846154 0.02403846153846154
0 0.23317307692307693 0.49278846153846156 0.02403846153846154 0.02403846153846154
0 0.16826923076923078 0.4807692307692308 0.02403846153846154 0.02403846153846154
0 0.5600961538461539 0.48557692307692313 0.02403846153846154 0.02403846153846154
0 0.34855769230769235 0.4639423076923077 0.02403846153846154 0.02403846153846154
0 0.5528846153846154 0.44711538461538464 0.02403846153846154 0.02403846153846154
0 0.6009615384615385 0.4399038461538462 0.02403846153846154 0.02403846153846154
0 0.19951923076923078 0.43028846153846156 0.02403846153846154 0.02403846153846154
0 0.31730769230769235 0.4254807692307693 0.02403846153846154 0.02403846153846154
0 0.23317307692307693 0.4086538461538462 0.02403846153846154 0.02403846153846154
0 0.2451923076923077 0.375 0.02403846153846154 0.02403846153846154
0 0.8461538461538463 0.35336538461538464 0.02403846153846154 0.02403846153846154
0 0.625 0.3557692307692308 0.02403846153846154 0.02403846153846154
0 0.2451923076923077 0.3341346153846154 0.02403846153846154 0.02403846153846154
0 0.6201923076923077 0.3293269230769231 0.02403846153846154 0.02403846153846154
0 0.05288461538461539 0.32211538461538464 0.02403846153846154 0.02403846153846154
0 0.8389423076923077 0.3245192307692308 0.02403846153846154 0.02403846153846154
0 0.22355769230769232 0.2956730769230769 0.02403846153846154 0.02403846153846154
0 0.6105769230769231 0.27884615384615385 0.02403846153846154 0.02403846153846154
0 0.057692307692307696 0.2716346153846154 0.02403846153846154 0.02403846153846154
0 0.2980769230769231 0.2644230769230769 0.02403846153846154 0.02403846153846154
0 0.8149038461538461 0.25961538461538464 0.02403846153846154 0.02403846153846154
0 0.19951923076923078 0.25 0.02403846153846154 0.02403846153846154
0 0.14182692307692307 0.24759615384615385 0.02403846153846154 0.02403846153846154
0 0.9399038461538463 0.2451923076923077 0.02403846153846154 0.02403846153846154
0 0.31009615384615385 0.2043269230769231 0.02403846153846154 0.02403846153846154
0 0.6274038461538461 0.19951923076923078 0.02403846153846154 0.02403846153846154
0 0.25 0.1778846153846154 0.02403846153846154 0.02403846153846154
0 0.6850961538461539 0.15384615384615385 0.02403846153846154 0.02403846153846154
0 0.6538461538461539 0.1514423076923077 0.02403846153846154 0.02403846153846154
0 0.3509615384615385 0.13701923076923078 0.02403846153846154 0.02403846153846154
0 0.21153846153846156 0.10576923076923078 0.02403846153846154 0.02403846153846154
0 0.03365384615384616 0.3942307692307693 0.02403846153846154 0.02403846153846154
0 0.920673076923077 0.6057692307692308 0.02403846153846154 0.02403846153846154
0 0.6730769230769231 0.6538461538461539 0.02403846153846154 0.02403846153846154
0 0.6274038461538461 0.608173076923077 0.02403846153846154 0.02403846153846154
0 0.5504807692307693 0.7091346153846154 0.02403846153846154 0.02403846153846154
0 0.5048076923076923 0.47355769230769235 0.02403846153846154 0.02403846153846154
0 0.43509615384615385 0.11538461538461539 0.02403846153846154 0.02403846153846154
0 0.2716346153846154 0.11298076923076923 0.02403846153846154 0.02403846153846154
0 0.0889423076923077 0.9399038461538463 0.02403846153846154 0.02403846153846154
0 0.8173076923076924 0.18509615384615385 0.02403846153846154 0.02403846153846154
0 0.9471153846153847 0.18990384615384617 0.02403846153846154 0.02403846153846154
0 0.9038461538461539 0.7451923076923077 0.02403846153846154 0.02403846153846154
