0 0.6538461538461539 0.9663461538461539 0.02403846153846154 0.02403846153846154
0 0.44711538461538464 0.9543269230769231 0.02403846153846154 0.02403846153846154
0 0.625 0.9254807692307693 0.02403846153846154 0.02403846153846154
0 0.5600961538461539 0.9134615384615385 0.02403846153846154 0.02403846153846154
0 0.951923076923077 0.9182692307692308 0.02403846153846154 0.02403846153846154
0 0.7403846153846154 0.8966346153846154 0.02403846153846154 0.02403846153846154
0 0.3197115384615385 0.8942307692307693 0.02403846153846154 0.02403846153846154
0 0.22115384615384617 0.889423076923077 0.02403846153846154 0.02403846153846154
0 0.9447115384615385 0.8798076923076924 0.02403846153846154 0.02403846153846154
0 0.5913461538461539 0.8629807692307693 0.02403846153846154 0.02403846153846154
0 0.7091346153846154 0.858173076923077 0.02403846153846154 0.02403846153846154
0 0.625 0.8413461538461539 0.02403846153846154 0.02403846153846154
0 0.3125 0.8365384615384616 0.02403846153846154 0.02403846153846154
0 0.13942307692307693 0.8341346153846154 0.02403846153846154 0.02403846153846154
0 0.28605769230769235 0.8293269230769231 0.02403846153846154 0.02403846153846154
0 0.040865384615384616 0.826923076923077 0.02403846153846154 0.02403846153846154
0 0.07211538461538462 0.8197115384615385 0.02403846153846154 0.02403846153846154
0 0.3125 0.8149038461538461 0.02403846153846154 0.02403846153846154
0 0.6370192307692308 0.8076923076923077 0.02403846153846154 0.02403846153846154
0 0.0625 0.7932692307692308 0.02403846153846154 0.02403846153846154
0 0.6370192307692308 0.7668269230769231 0.02403846153846154 0.02403846153846154
0 0.38461538461538464 0.7596153846153847 0.02403846153846154 0.02403846153846154
0 0.4447115384615385 0.7548076923076924 0.02403846153846154 0.02403846153846154
0 0.18028846153846154 0.7572115384615385 0.02403846153846154 0.02403846153846154
0 0.6153846153846154 0.7283653846153847 0.02403846153846154 0.02403846153846154
0 0.4495192307692308 0.7043269230769231 0.02403846153846154 0.02403846153846154
0 0.6899038461538461 0.6971153846153847 0.02403846153846154 0.02403846153846154
0 0.5913461538461539 0.6826923076923077 0.02403846153846154 0.02403846153846154
0 0.5336538461538461 0.6802884615384616 0.02403846153846154 0.02403846153846154
0 0.10576923076923078 0.6778846153846154 0.02403846153846154 0.02403846153846154
0 0.08653846153846154 0.6418269230769231 0.02403846153846154 0.02403846153846154
0 0.701923076923077 0.6370192307692308 0.02403846153846154 0.02403846153846154
0 0.05048076923076923 0.6370192307692308 0.02403846153846154 0.02403846153846154
0 0.6418269230769231 0.6105769230769231 0.02403846153846154 0.02403846153846154
0 0.3341346153846154 0.5745192307692308 0.02403846153846154 0.02403846153846154
0 0.7427884615384616 0.5697115384615385 0.02403846153846154 0.02403846153846154
0 0.14182692307692307 0.5600961538461539 0.02403846153846154 0.02403846153846154
0 0.6033653846153847 0.5384615384615385 0.02403846153846154 0.02403846153846154
0 0.18509615384615385 0.5288461538461539 0.02403846153846154 0.02403846153846154
0 0.6225961538461539 0.39903846153846156 0.02403846153846154 0.02403846153846154
0 0.576923076923077 0.39903846153846156 0.02403846153846154 0.02403846153846154
0 0.5384615384615385 0.3966346153846154 0.02403846153846154 0.02403846153846154
0 0.8221153846153847 0.38461538461538464 0.02403846153846154 0.02403846153846154
0 0.31009615384615385 0.3822115384615385 0.02403846153846154 0.02403846153846154
0 0.06730769230769232 0.3653846153846154 0.02403846153846154 0.02403846153846154
0 0.576923076923077 0.36778846153846156 0.02403846153846154 0.02403846153846154
0 0.4206730769230769 0.3581730769230769 0.02403846153846154 0.02403846153846154
0 0.3966346153846154 0.34375 0.02403846153846154 0.02403846153846154
0 0.7475961538461539 0.3341346153846154 0.02403846153846154 0.02403846153846154
0 0.3317307692307693 0.3125 0.02403846153846154 0.02403846153846154
0 0.8557692307692308 0.3028846153846154 0.02403846153846154 0.02403846153846154
0 0.7788461538461539 0.3028846153846154 0.02403846153846154 0.02403846153846154
0 0.28365384615384615 0.2884615384615385 0.02403846153846154 0.02403846153846154
0 0.3557692307692308 0.2692307692307693 0.02403846153846154 0.02403846153846154
0 0.22836538461538464 0.23798076923076925 0.02403846153846154 0.02403846153846154
0 0.2091346153846154 0.2043269230769231 0.02403846153846154 0.02403846153846154
0 0.5649038461538461 0.2043269230769231 0.02403846153846154 0.02403846153846154
0 0.826923076923077 0.18028846153846154 0.02403846153846154 0.02403846153846154
0 0.7572115384615385 0.16346153846153846 0.02403846153846154 0.02403846153846154
0 0.6995192307692308 0.1466346153846154 0.02403846153846154 0.02403846153846154
0 0.6105769230769231 0.07692307692307693 0.02403846153846154 0.02403846153846154
0 0.6298076923076923 0.038461538461538464 0.02403846153846154 0.02403846153846154
0 0.19711538461538464 0.34615384615384615 0.02403846153846154 0.02403846153846154
0 0.4254807692307693 0.826923076923077 0.02403846153846154 0.02403846153846154
0 0.8966346153846154 0.90625 0.02403846153846154 0.02403846153846154
0 0.826923076923077 0.5480769230769231 0.02403846153846154 0.02403846153846154
0 0.6634615384615385 0.545673076923077 0.02403846153846154 0.02403846153846154
0 0.3701923076923077 0.5649038461538461 0.02403846153846154 0.02403846153846154
0 0.34134615384615385 0.4711538461538462 0.02403846153846154 0.02403846153846154
0 0.13461538461538464 0.6586538461538461 0.02403846153846154 0.02403846153846154
