0 0.4495192307692308 0.9567307692307693 0.02403846153846154 0.02403846153846154
0 0.7524038461538461 0.9423076923076924 0.02403846153846154 0.02403846153846154
0 0.5793269230769231 0.9399038461538463 0.02403846153846154 0.02403846153846154
0 0.7259615384615385 0.9350961538461539 0.02403846153846154 0.02403846153846154
0 0.4807692307692308 0.9326923076923077 0.02403846153846154 0.02403846153846154
0 0.5120192307692308 0.9254807692307693 0.02403846153846154 0.02403846153846154
0 0.7524038461538461 0.920673076923077 0.02403846153846154 0.02403846153846154
0 0.20673076923076925 0.9158653846153847 0.02403846153846154 0.02403846153846154
0 0.5024038461538461 0.8990384615384616 0.02403846153846154 0.02403846153846154
0 0.8245192307692308 0.8653846153846154 0.02403846153846154 0.02403846153846154
0 0.8846153846153847 0.8605769230769231 0.02403846153846154 0.02403846153846154
0 0.6201923076923077 0.8629807692307693 0.02403846153846154 0.02403846153846154
0 0.889423076923077 0.8100961538461539 0.02403846153846154 0.02403846153846154
0 0.36778846153846156 0.795673076923077 0.02403846153846154 0.02403846153846154
0 0.545673076923077 0.7836538461538461 0.02403846153846154 0.02403846153846154
0 0.5264423076923077 0.7475961538461539 0.02403846153846154 0.02403846153846154
0 0.4903846153846154 0.7427884615384616 0.02403846153846154 0.02403846153846154
0 0.4447115384615385 0.7403846153846154 0.02403846153846154 0.02403846153846154
0 0.37259615384615385 0.7067307692307693 0.02403846153846154 0.02403846153846154
0 0.7740384615384616 0.6802884615384616 0.02403846153846154 0.02403846153846154
0 0.2403846153846154 0.6730769230769231 0.02403846153846154 0.02403846153846154
0 0.5817307692307693 0.6658653846153847 0.02403846153846154 0.02403846153846154
0 0.06009615384615385 0.6538461538461539 0.02403846153846154 0.02403846153846154
0 0.3918269230769231 0.6466346153846154 0.02403846153846154 0.02403846153846154
0 0.625 0.6346153846153847 0.02403846153846154 0.02403846153846154
0 0.43509615384615385 0.6153846153846154 0.02403846153846154 0.02403846153846154
0 0.057692307692307696 0.5673076923076923 0.02403846153846154 0.02403846153846154
0 0.4326923076923077 0.5024038461538461 0.02403846153846154 0.02403846153846154
0 0.75 0.4879807692307693 0.02403846153846154 0.02403846153846154
0 0.3870192307692308 0.4807692307692308 0.02403846153846154 0.02403846153846154
0 0.5072115384615384 0.4711538461538462 0.02403846153846154 0.02403846153846154
0 0.8605769230769231 0.4639423076923077 0.02403846153846154 0.02403846153846154
0 0.8365384615384616 0.4495192307692308 0.02403846153846154 0.02403846153846154
0 0.7716346153846154 0.4182692307692308 0.02403846153846154 0.02403846153846154
0 0.3629807692307693 0.3966346153846154 0.02403846153846154 0.02403846153846154
0 0.7235576923076924 0.3942307692307693 0.02403846153846154 0.02403846153846154
0 0.3076923076923077 0.3774038461538462 0.02403846153846154 0.02403846153846154
0 0.795673076923077 0.375 0.02403846153846154 0.02403846153846154
0 0.28605769230769235 0.3581730769230769 0.02403846153846154 0.02403846153846154
0 0.6682692307692308 0.34375 0.02403846153846154 0.02403846153846154
0 0.6490384615384616 0.31009615384615385 0.02403846153846154 0.02403846153846154
0 0.9423076923076924 0.02403846153846154 0.02403846153846154 0.02403846153846154
0 0.25 0.31009615384615385 0.02403846153846154 0.02403846153846154
0 0.25480769230769235 0.2668269230769231 0.02403846153846154 0.02403846153846154
0 0.19951923076923078 0.2884615384615385 0.02403846153846154 0.02403846153846154
0 0.18028846153846154 0.19230769230769232 0.02403846153846154 0.02403846153846154
0 0.05048076923076923 0.03605769230769231 0.02403846153846154 0.02403846153846154
0 0.06009615384615385 0.1826923076923077 0.02403846153846154 0.02403846153846154
0 0.20192307692307693 0.4447115384615385 0.02403846153846154 0.02403846153846154
0 0.1466346153846154 0.40625 0.02403846153846154 0.02403846153846154
0 0.15865384615384617 0.37259615384615385 0.02403846153846154 0.02403846153846154
0 0.07451923076923077 0.38461538461538464 0.02403846153846154 0.02403846153846154
0 0.057692307692307696 0.4639423076923077 0.02403846153846154 0.02403846153846154
0 0.057692307692307696 0.5120192307692308 0.02403846153846154 0.02403846153846154
0 0.1514423076923077 0.5288461538461539 0.02403846153846154 0.02403846153846154
0 0.3605769230769231 0.7475961538461539 0.02403846153846154 0.02403846153846154
0 0.3293269230769231 0.8293269230769231 0.02403846153846154 0.02403846153846154
0 0.3774038461538462 0.9326923076923077 0.02403846153846154 0.02403846153846154
0 0.3197115384615385 0.96875 0.02403846153846154 0.02403846153846154
0 0.04807692307692308 0.6177884615384616 0.02403846153846154 0.02403846153846154
0 0.15865384615384617 0.7716346153846154 0.02403846153846154 0.02403846153846154
0 0.21875 0.7283653846153847 0.02403846153846154 0.02403846153846154
0 0.2764423076923077 0.8966346153846154 0.02403846153846154 0.02403846153846154
0 0.6370192307692308 0.4519230769230769 0.02403846153846154 0.02403846153846154
0 0.8653846153846154 0.9326923076923077 0.02403846153846154 0.02403846153846154
0 0.8100961538461539 0.670673076923077 0.02403846153846154 0.02403846153846154
0 0.78125 0.576923076923077 0.02403846153846154 0.02403846153846154
0 0.5745192307692308 0.764423076923077 0.02403846153846154 0.02403846153846154
