0 0.34375 0.90625 0.02403846153846154 0.02403846153846154
0 0.47355769230769235 0.7836538461538461 0.02403846153846154 0.02403846153846154
0 0.17548076923076925 0.7379807692307693 0.02403846153846154 0.02403846153846154
0 0.4495192307692308 0.6658653846153847 0.02403846153846154 0.02403846153846154
0 0.28605769230769235 0.6538461538461539 0.02403846153846154 0.02403846153846154
0 0.07692307692307693 0.6346153846153847 0.02403846153846154 0.02403846153846154
0 0.6682692307692308 0.6129807692307693 0.02403846153846154 0.02403846153846154
0 0.6057692307692308 0.6105769230769231 0.02403846153846154 0.02403846153846154
0 0.4591346153846154 0.5480769230769231 0.02403846153846154 0.02403846153846154
0 0.2764423076923077 0.5048076923076923 0.02403846153846154 0.02403846153846154
0 0.6274038461538461 0.4807692307692308 0.02403846153846154 0.02403846153846154
0 0.3557692307692308 0.4807692307692308 0.02403846153846154 0.02403846153846154
0 0.670673076923077 0.46875 0.02403846153846154 0.02403846153846154
0 0.608173076923077 0.4254807692307693 0.02403846153846154 0.02403846153846154
0 0.5264423076923077 0.41105769230769235 0.02403846153846154 0.02403846153846154
0 0.9543269230769231 0.3629807692307693 0.02403846153846154 0.02403846153846154
0 0.514423076923077 0.3629807692307693 0.02403846153846154 0.02403846153846154
0 0.9134615384615385 0.3389423076923077 0.02403846153846154 0.02403846153846154
0 0.42307692307692313 0.29086538461538464 0.02403846153846154 0.02403846153846154
0 0.18028846153846154 0.23076923076923078 0.02403846153846154 0.02403846153846154
0 0.8461538461538463 0.2043269230769231 0.02403846153846154 0.02403846153846154
0 0.19711538461538464 0.0889423076923077 0.02403846153846154 0.02403846153846154
0 0.8870192307692308 0.05048076923076923 0.02403846153846154 0.02403846153846154
0 0.2620192307692308 0.04807692307692308 0.02403846153846154 0.02403846153846154
0 0.2091346153846154 0.03605769230769231 0.02403846153846154 0.02403846153846154
0 0.21634615384615385 0.31730769230769235 0.02403846153846154 0.02403846153846154
0 0.09134615384615385 0.32211538461538464 0.02403846153846154 0.02403846153846154
0 0.12980769230769232 0.514423076923077 0.02403846153846154 0.02403846153846154
0 0.5865384615384616 0.22596153846153846 0.02403846153846154 0.02403846153846154
0 0.7211538461538461 0.3341346153846154 0.02403846153846154 0.02403846153846154
0 0.7403846153846154 0.514423076923077 0.02403846153846154 0.02403846153846154
0 0.09134615384615385 0.46875 0.02403846153846154 0.02403846153846154
