0 0.5288461538461539 0.7379807692307693 0.02403846153846154 0.02403846153846154
0 0.7932692307692308 0.7307692307692308 0.02403846153846154 0.02403846153846154
0 0.6129807692307693 0.49278846153846156 0.02403846153846154 0.02403846153846154
0 0.49759615384615385 0.4014423076923077 0.02403846153846154 0.02403846153846154
0 0.78125 0.19951923076923078 0.02403846153846154 0.02403846153846154
0 0.8413461538461539 0.5697115384615385 0.02403846153846154 0.02403846153846154
0 0.9399038461538463 0.8485576923076924 0.02403846153846154 0.02403846153846154
0 0.5360576923076923 0.8461538461538463 0.02403846153846154 0.02403846153846154
0 0.5168269230769231 0.84375 0.02403846153846154 0.02403846153846154
0 0.3605769230769231 0.9254807692307693 0.02403846153846154 0.02403846153846154
0 0.34615384615384615 0.8028846153846154 0.02403846153846154 0.02403846153846154
0 0.28605769230769235 0.8100961538461539 0.02403846153846154 0.02403846153846154
0 0.28605769230769235 0.7283653846153847 0.02403846153846154 0.02403846153846154
0 0.6466346153846154 0.5192307692307693 0.02403846153846154 0.02403846153846154
0 0.5360576923076923 0.6129807692307693 0.02403846153846154 0.02403846153846154
0 0.46875 0.59375 0.02403846153846154 0.02403846153846154
0 0.17067307692307693 0.96875 0.02403846153846154 0.02403846153846154
0 0.09855769230769232 0.8966346153846154 0.02403846153846154 0.02403846153846154
0 0.07211538461538462 0.65625 0.02403846153846154 0.02403846153846154
0 0.17548076923076925 0.5576923076923077 0.02403846153846154 0.02403846153846154
0 0.11057692307692309 0.5264423076923077 0.02403846153846154 0.02403846153846154
0 0.2620192307692308 0.2620192307692308 0.02403846153846154 0.02403846153846154
0 0.4086538461538462 0.20673076923076925 0.02403846153846154 0.02403846153846154
0 0.5384615384615385 0.09375 0.02403846153846154 0.02403846153846154
