0 0.2716346153846154 0.9615384615384616 0.02403846153846154 0.02403846153846154
0 0.3557692307692308 0.951923076923077 0.02403846153846154 0.02403846153846154
0 0.21875 0.9471153846153847 0.02403846153846154 0.02403846153846154
0 0.9423076923076924 0.9399038461538463 0.02403846153846154 0.02403846153846154
0 0.9086538461538463 0.9230769230769231 0.02403846153846154 0.02403846153846154
0 0.9375 0.920673076923077 0.02403846153846154 0.02403846153846154
0 0.53125 0.920673076923077 0.02403846153846154 0.02403846153846154
0 0.46634615384615385 0.8966346153846154 0.02403846153846154 0.02403846153846154
0 0.4254807692307693 0.8942307692307693 0.02403846153846154 0.02403846153846154
0 0.9543269230769231 0.889423076923077 0.02403846153846154 0.02403846153846154
0 0.5600961538461539 0.8846153846153847 0.02403846153846154 0.02403846153846154
0 0.6971153846153847 0.8485576923076924 0.02403846153846154 0.02403846153846154
0 0.1875 0.84375 0.02403846153846154 0.02403846153846154
0 0.2139423076923077 0.8413461538461539 0.02403846153846154 0.02403846153846154
0 0.5865384615384616 0.8293269230769231 0.02403846153846154 0.02403846153846154
0 0.23076923076923078 0.826923076923077 0.02403846153846154 0.02403846153846154
0 0.8317307692307693 0.8125 0.02403846153846154 0.02403846153846154
0 0.3605769230769231 0.7692307692307693 0.02403846153846154 0.02403846153846154
0 0.84375 0.7427884615384616 0.02403846153846154 0.02403846153846154
0 0.8173076923076924 0.7163461538461539 0.02403846153846154 0.02403846153846154
0 0.7908653846153847 0.701923076923077 0.02403846153846154 0.02403846153846154
0 0.3341346153846154 0.7043269230769231 0.02403846153846154 0.02403846153846154
0 0.1466346153846154 0.6971153846153847 0.02403846153846154 0.02403846153846154
0 0.2668269230769231 0.6442307692307693 0.02403846153846154 0.02403846153846154
0 0.09375 0.6370192307692308 0.02403846153846154 0.02403846153846154
0 0.6418269230769231 0.6298076923076923 0.02403846153846154 0.02403846153846154
0 0.9423076923076924 0.6274038461538461 0.02403846153846154 0.02403846153846154
0 0.20673076923076925 0.6153846153846154 0.02403846153846154 0.02403846153846154
0 0.35336538461538464 0.5985576923076923 0.02403846153846154 0.02403846153846154
0 0.5961538461538461 0.5240384615384616 0.02403846153846154 0.02403846153846154
0 0.8461538461538463 0.4951923076923077 0.02403846153846154 0.02403846153846154
0 0.32211538461538464 0.4831730769230769 0.02403846153846154 0.02403846153846154
0 0.8918269230769231 0.4831730769230769 0.02403846153846154 0.02403846153846154
0 0.2403846153846154 0.4759615384615385 0.02403846153846154 0.02403846153846154
0 0.6875 0.4495192307692308 0.02403846153846154 0.02403846153846154
0 0.90625 0.44711538461538464 0.02403846153846154 0.02403846153846154
0 0.8100961538461539 0.4399038461538462 0.02403846153846154 0.02403846153846154
0 0.6610576923076923 0.4206730769230769 0.02403846153846154 0.02403846153846154
0 0.5673076923076923 0.4134615384615385 0.02403846153846154 0.02403846153846154
0 0.17067307692307693 0.4014423076923077 0.02403846153846154 0.02403846153846154
0 0.4903846153846154 0.3966346153846154 0.02403846153846154 0.02403846153846154
0 0.125 0.31490384615384615 0.02403846153846154 0.02403846153846154
0 0.8076923076923077 0.29086538461538464 0.02403846153846154 0.02403846153846154
0 0.8389423076923077 0.2403846153846154 0.02403846153846154 0.02403846153846154
0 0.53125 0.23798076923076925 0.02403846153846154 0.02403846153846154
0 0.8509615384615385 0.2043269230769231 0.02403846153846154 0.02403846153846154
0 0.795673076923077 0.12980769230769232 0.02403846153846154 0.02403846153846154
0 0.514423076923077 0.12259615384615385 0.02403846153846154 0.02403846153846154
0 0.2043269230769231 0.10817307692307693 0.02403846153846154 0.02403846153846154
0 0.4399038461538462 0.03125 0.02403846153846154 0.02403846153846154
0 0.9134615384615385 0.07692307692307693 0.02403846153846154 0.02403846153846154
0 0.2716346153846154 0.17067307692307693 0.02403846153846154 0.02403846153846154
0 0.18509615384615385 0.17548076923076925 0.02403846153846154 0.02403846153846154
0 0.06971153846153846 0.5 0.02403846153846154 0.02403846153846154
0 0.3918269230769231 0.4278846153846154 0.02403846153846154 0.02403846153846154
0 0.4879807692307693 0.5288461538461539 0.02403846153846154 0.02403846153846154
0 0.6514423076923077 0.47355769230769235 0.02403846153846154 0.02403846153846154
0 0.6105769230769231 0.2956730769230769 0.02403846153846154 0.02403846153846154
0 0.5817307692307693 0.14423076923076925 0.02403846153846154 0.02403846153846154
0 0.4206730769230769 0.34615384615384615 0.02403846153846154 0.02403846153846154
0 0.07932692307692309 0.7908653846153847 0.02403846153846154 0.02403846153846154
0 0.31490384615384615 0.875 0.02403846153846154 0.02403846153846154
0 0.16105769230769232 0.8028846153846154 0.02403846153846154 0.02403846153846154
0 0.16105769230769232 0.8389423076923077 0.02403846153846154 0.02403846153846154
0 0.9302884615384616 0.7475961538461539 0.02403846153846154 0.02403846153846154
0 0.6225961538461539 0.9591346153846154 0.02403846153846154 0.02403846153846154
0 0.1466346153846154 0.06490384615384616 0.02403846153846154 0.02403846153846154
