0 0.9086538461538463 0.9495192307692308 0.02403846153846154 0.02403846153846154
0 0.2716346153846154 0.8725961538461539 0.02403846153846154 0.02403846153846154
0 0.5408653846153847 0.7211538461538461 0.02403846153846154 0.02403846153846154
0 0.5504807692307693 0.6947115384615385 0.02403846153846154 0.02403846153846154
0 0.6995192307692308 0.6586538461538461 0.02403846153846154 0.02403846153846154
0 0.951923076923077 0.6346153846153847 0.02403846153846154 0.02403846153846154
0 0.8990384615384616 0.5745192307692308 0.02403846153846154 0.02403846153846154
0 0.4639423076923077 0.3269230769230769 0.02403846153846154 0.02403846153846154
0 0.7283653846153847 0.3197115384615385 0.02403846153846154 0.02403846153846154
0 0.9302884615384616 0.25240384615384615 0.02403846153846154 0.02403846153846154
0 0.5480769230769231 0.08173076923076923 0.02403846153846154 0.02403846153846154
0 0.7764423076923077 0.15865384615384617 0.02403846153846154 0.02403846153846154
0 0.875 0.4375 0.02403846153846154 0.02403846153846154
0 0.8846153846153847 0.7283653846153847 0.02403846153846154 0.02403846153846154
0 0.9663461538461539 0.7403846153846154 0.02403846153846154 0.02403846153846154
0 0.9663461538461539 0.7764423076923077 0.02403846153846154 0.02403846153846154
0 0.7980769230769231 0.6610576923076923 0.02403846153846154 0.02403846153846154
0 0.7620192307692308 0.6466346153846154 0.02403846153846154 0.02403846153846154
0 0.7980769230769231 0.7788461538461539 0.02403846153846154 0.02403846153846154
0 0.7620192307692308 0.7884615384615385 0.02403846153846154 0.02403846153846154
0 0.7740384615384616 0.764423076923077 0.02403846153846154 0.02403846153846154
0 0.7908653846153847 0.858173076923077 0.02403846153846154 0.02403846153846154
0 0.75 0.8918269230769231 0.02403846153846154 0.02403846153846154
0 0.6129807692307693 0.8341346153846154 0.02403846153846154 0.02403846153846154
0 0.5793269230769231 0.8701923076923077 0.02403846153846154 0.02403846153846154
0 0.5336538461538461 0.9423076923076924 0.02403846153846154 0.02403846153846154
0 0.4278846153846154 0.8341346153846154 0.02403846153846154 0.02403846153846154
0 0.4879807692307693 0.7764423076923077 0.02403846153846154 0.02403846153846154
0 0.5841346153846154 0.764423076923077 0.02403846153846154 0.02403846153846154
0 0.22115384615384617 0.9134615384615385 0.02403846153846154 0.02403846153846154
0 0.11057692307692309 0.9543269230769231 0.02403846153846154 0.02403846153846154
0 0.021634615384615384 0.9423076923076924 0.02403846153846154 0.02403846153846154
0 0.2572115384615385 0.8293269230769231 0.02403846153846154 0.02403846153846154
0 0.45432692307692313 0.576923076923077 0.02403846153846154 0.02403846153846154
0 0.4711538461538462 0.43509615384615385 0.02403846153846154 0.02403846153846154
0 0.4519230769230769 0.4326923076923077 0.02403846153846154 0.02403846153846154
0 0.2956730769230769 0.514423076923077 0.02403846153846154 0.02403846153846154
0 0.28125 0.3918269230769231 0.02403846153846154 0.02403846153846154
0 0.22115384615384617 0.39903846153846156 0.02403846153846154 0.02403846153846154
0 0.22115384615384617 0.31730769230769235 0.02403846153846154 0.02403846153846154
0 0.5817307692307693 0.10817307692307693 0.02403846153846154 0.02403846153846154
0 0.4711538461538462 0.20192307692307693 0.02403846153846154 0.02403846153846154
0 0.40384615384615385 0.1826923076923077 0.02403846153846154 0.02403846153846154
0 0.10576923076923078 0.5576923076923077 0.02403846153846154 0.02403846153846154
0 0.03365384615384616 0.48557692307692313 0.02403846153846154 0.02403846153846154
0 0.11057692307692309 0.1466346153846154 0.02403846153846154 0.02403846153846154
0 0.04567307692307693 0.11538461538461539 0.02403846153846154 0.02403846153846154
