0 0.31730769230769235 0.951923076923077 0.02403846153846154 0.02403846153846154
0 0.040865384615384616 0.9543269230769231 0.02403846153846154 0.02403846153846154
0 0.7524038461538461 0.9471153846153847 0.02403846153846154 0.02403846153846154
0 0.9134615384615385 0.9423076923076924 0.02403846153846154 0.02403846153846154
0 0.4879807692307693 0.9423076923076924 0.02403846153846154 0.02403846153846154
0 0.20192307692307693 0.9254807692307693 0.02403846153846154 0.02403846153846154
0 0.6057692307692308 0.9182692307692308 0.02403846153846154 0.02403846153846154
0 0.8173076923076924 0.9158653846153847 0.02403846153846154 0.02403846153846154
0 0.6586538461538461 0.9182692307692308 0.02403846153846154 0.02403846153846154
0 0.8317307692307693 0.9038461538461539 0.02403846153846154 0.02403846153846154
0 0.2764423076923077 0.8990384615384616 0.02403846153846154 0.02403846153846154
0 0.6682692307692308 0.8918269230769231 0.02403846153846154 0.02403846153846154
0 0.5408653846153847 0.889423076923077 0.02403846153846154 0.02403846153846154
0 0.026442307692307696 0.8774038461538463 0.02403846153846154 0.02403846153846154
0 0.5673076923076923 0.875 0.02403846153846154 0.02403846153846154
0 0.3653846153846154 0.8677884615384616 0.02403846153846154 0.02403846153846154
0 0.8341346153846154 0.8629807692307693 0.02403846153846154 0.02403846153846154
0 0.6899038461538461 0.8485576923076924 0.02403846153846154 0.02403846153846154
0 0.8293269230769231 0.8365384615384616 0.02403846153846154 0.02403846153846154
0 0.8846153846153847 0.8293269230769231 0.02403846153846154 0.02403846153846154
0 0.7980769230769231 0.8293269230769231 0.02403846153846154 0.02403846153846154
0 0.6754807692307693 0.8245192307692308 0.02403846153846154 0.02403846153846154
0 0.6153846153846154 0.8221153846153847 0.02403846153846154 0.02403846153846154
0 0.5528846153846154 0.8149038461538461 0.02403846153846154 0.02403846153846154
0 0.7692307692307693 0.8125 0.02403846153846154 0.02403846153846154
0 0.35336538461538464 0.7980769230769231 0.02403846153846154 0.02403846153846154
0 0.7860576923076924 0.7836538461538461 0.02403846153846154 0.02403846153846154
0 0.49278846153846156 0.7836538461538461 0.02403846153846154 0.02403846153846154
0 0.6754807692307693 0.7764423076923077 0.02403846153846154 0.02403846153846154
0 0.4326923076923077 0.7764423076923077 0.02403846153846154 0.02403846153846154
0 0.2572115384615385 0.7716346153846154 0.02403846153846154 0.02403846153846154
0 0.1875 0.7716346153846154 0.02403846153846154 0.02403846153846154
0 0.7043269230769231 0.7668269230769231 0.02403846153846154 0.02403846153846154
0 0.576923076923077 0.7596153846153847 0.02403846153846154 0.02403846153846154
0 0.32211538461538464 0.7548076923076924 0.02403846153846154 0.02403846153846154
0 0.3557692307692308 0.7451923076923077 0.02403846153846154 0.02403846153846154
0 0.8365384615384616 0.7379807692307693 0.02403846153846154 0.02403846153846154
0 0.5673076923076923 0.7355769230769231 0.02403846153846154 0.02403846153846154
0 0.3966346153846154 0.733173076923077 0.02403846153846154 0.02403846153846154
0 0.07451923076923077 0.7139423076923077 0.02403846153846154 0.02403846153846154
0 0.7524038461538461 0.701923076923077 0.02403846153846154 0.02403846153846154
0 0.4951923076923077 0.701923076923077 0.02403846153846154 0.02403846153846154
0 0.6225961538461539 0.6947115384615385 0.02403846153846154 0.02403846153846154
0 0.6826923076923077 0.6899038461538461 0.02403846153846154 0.02403846153846154
0 0.29086538461538464 0.6850961538461539 0.02403846153846154 0.02403846153846154
0 0.16826923076923078 0.6850961538461539 0.02403846153846154 0.02403846153846154
0 0.6778846153846154 0.6634615384615385 0.02403846153846154 0.02403846153846154
0 0.3918269230769231 0.6634615384615385 0.02403846153846154 0.02403846153846154
0 0.19711538461538464 0.6442307692307693 0.02403846153846154 0.02403846153846154
0 0.6658653846153847 0.6346153846153847 0.02403846153846154 0.02403846153846154
0 0.701923076923077 0.6346153846153847 0.02403846153846154 0.02403846153846154
0 0.48557692307692313 0.6298076923076923 0.02403846153846154 0.02403846153846154
0 0.5384615384615385 0.625 0.02403846153846154 0.02403846153846154
0 0.6129807692307693 0.6201923076923077 0.02403846153846154 0.02403846153846154
0 0.5673076923076923 0.6153846153846154 0.02403846153846154 0.02403846153846154
0 0.6899038461538461 0.6105769230769231 0.02403846153846154 0.02403846153846154
0 0.46875 0.608173076923077 0.02403846153846154 0.02403846153846154
0 0.16346153846153846 0.5913461538461539 0.02403846153846154 0.02403846153846154
0 0.8365384615384616 0.5865384615384616 0.02403846153846154 0.02403846153846154
0 0.6298076923076923 0.5817307692307693 0.02403846153846154 0.02403846153846154
0 0.2884615384615385 0.5841346153846154 0.02403846153846154 0.02403846153846154
0 0.7451923076923077 0.576923076923077 0.02403846153846154 0.02403846153846154
0 0.40384615384615385 0.5697115384615385 0.02403846153846154 0.02403846153846154
0 0.34375 0.5649038461538461 0.02403846153846154 0.02403846153846154
0 0.28605769230769235 0.5528846153846154 0.02403846153846154 0.02403846153846154
0 0.7716346153846154 0.5432692307692308 0.02403846153846154 0.02403846153846154
0 0.16105769230769232 0.5408653846153847 0.02403846153846154 0.02403846153846154
0 0.3966346153846154 0.5288461538461539 0.02403846153846154 0.02403846153846154
0 0.3293269230769231 0.4903846153846154 0.02403846153846154 0.02403846153846154
0 0.4134615384615385 0.4807692307692308 0.02403846153846154 0.02403846153846154
0 0.2764423076923077 0.4759615384615385 0.02403846153846154 0.02403846153846154
0 0.9663461538461539 0.4519230769230769 0.02403846153846154 0.02403846153846154
0 0.5889423076923077 0.4495192307692308 0.02403846153846154 0.02403846153846154
0 0.5240384615384616 0.4254807692307693 0.02403846153846154 0.02403846153846154
0 0.4831730769230769 0.42307692307692313 0.02403846153846154 0.02403846153846154
0 0.6177884615384616 0.4134615384615385 0.02403846153846154 0.02403846153846154
0 0.7548076923076924 0.3774038461538462 0.02403846153846154 0.02403846153846154
0 0.2451923076923077 0.37259615384615385 0.02403846153846154 0.02403846153846154
0 0.2716346153846154 0.3701923076923077 0.02403846153846154 0.02403846153846154
0 0.6442307692307693 0.3581730769230769 0.02403846153846154 0.02403846153846154
0 0.2884615384615385 0.3557692307692308 0.02403846153846154 0.02403846153846154
0 0.889423076923077 0.34134615384615385 0.02403846153846154 0.02403846153846154
0 0.4182692307692308 0.2980769230769231 0.02403846153846154 0.02403846153846154
0 0.9014423076923077 0.2716346153846154 0.02403846153846154 0.02403846153846154
0 0.875 0.2451923076923077 0.02403846153846154 0.02403846153846154
0 0.8485576923076924 0.23076923076923078 0.02403846153846154 0.02403846153846154
0 0.3918269230769231 0.23317307692307693 0.02403846153846154 0.02403846153846154
0 0.2043269230769231 0.22596153846153846 0.02403846153846154 0.02403846153846154
0 0.3245192307692308 0.17307692307692307 0.02403846153846154 0.02403846153846154
0 0.1514423076923077 0.16586538461538464 0.02403846153846154 0.02403846153846154
0 0.6995192307692308 0.15865384615384617 0.02403846153846154 0.02403846153846154
0 0.2644230769230769 0.14423076923076925 0.02403846153846154 0.02403846153846154
0 0.41105769230769235 0.12740384615384617 0.02403846153846154 0.02403846153846154
0 0.6538461538461539 0.05288461538461539 0.02403846153846154 0.02403846153846154
0 0.9038461538461539 0.02403846153846154 0.02403846153846154 0.02403846153846154
0 0.12740384615384617 0.028846153846153848 0.02403846153846154 0.02403846153846154
0 0.545673076923077 0.057692307692307696 0.02403846153846154 0.02403846153846154
0 0.13701923076923078 0.3197115384615385 0.02403846153846154 0.02403846153846154
0 0.37259615384615385 0.40384615384615385 0.02403846153846154 0.02403846153846154
0 0.21875 0.3317307692307693 0.02403846153846154 0.02403846153846154
0 0.21875 0.36778846153846156 0.02403846153846154 0.02403846153846154
0 0.05048076923076923 0.25240384615384615 0.02403846153846154 0.02403846153846154
0 0.05048076923076923 0.3701923076923077 0.02403846153846154 0.02403846153846154
0 0.026442307692307696 0.3557692307692308 0.02403846153846154 0.02403846153846154
0 0.04326923076923077 0.4495192307692308 0.02403846153846154 0.02403846153846154
0 0.2644230769230769 0.6995192307692308 0.02403846153846154 0.02403846153846154
0 0.21634615384615385 0.6754807692307693 0.02403846153846154 0.02403846153846154
0 0.21153846153846156 0.6490384615384616 0.02403846153846154 0.02403846153846154
0 0.06009615384615385 0.5697115384615385 0.02403846153846154 0.02403846153846154
0 0.6971153846153847 0.9399038461538463 0.02403846153846154 0.02403846153846154
0 0.639423076923077 0.8870192307692308 0.02403846153846154 0.02403846153846154
0 0.6802884615384616 0.4879807692307693 0.02403846153846154 0.02403846153846154
