0 0.5264423076923077 0.9543269230769231 0.02403846153846154 0.02403846153846154
0 0.06009615384615385 0.90625 0.02403846153846154 0.02403846153846154
0 0.9567307692307693 0.8870192307692308 0.02403846153846154 0.02403846153846154
0 0.5 0.889423076923077 0.02403846153846154 0.02403846153846154
0 0.3125 0.8822115384615385 0.02403846153846154 0.02403846153846154
0 0.4326923076923077 0.8293269230769231 0.02403846153846154 0.02403846153846154
0 0.25961538461538464 0.8221153846153847 0.02403846153846154 0.02403846153846154
0 0.8076923076923077 0.8149038461538461 0.02403846153846154 0.02403846153846154
0 0.37259615384615385 0.8004807692307693 0.02403846153846154 0.02403846153846154
0 0.5192307692307693 0.7836538461538461 0.02403846153846154 0.02403846153846154
0 0.7620192307692308 0.7091346153846154 0.02403846153846154 0.02403846153846154
0 0.4879807692307693 0.6682692307692308 0.02403846153846154 0.02403846153846154
0 0.40625 0.6610576923076923 0.02403846153846154 0.02403846153846154
0 0.8533653846153847 0.6346153846153847 0.02403846153846154 0.02403846153846154
0 0.826923076923077 0.6057692307692308 0.02403846153846154 0.02403846153846154
0 0.733173076923077 0.5985576923076923 0.02403846153846154 0.02403846153846154
0 0.33653846153846156 0.5865384615384616 0.02403846153846154 0.02403846153846154
0 0.65625 0.5817307692307693 0.02403846153846154 0.02403846153846154
0 0.0889423076923077 0.5673076923076923 0.02403846153846154 0.02403846153846154
0 0.29086538461538464 0.5 0.02403846153846154 0.02403846153846154
0 0.6971153846153847 0.42307692307692313 0.02403846153846154 0.02403846153846154
0 0.9615384615384616 0.31490384615384615 0.02403846153846154 0.02403846153846154
0 0.6802884615384616 0.3076923076923077 0.02403846153846154 0.02403846153846154
0 0.3701923076923077 0.2932692307692308 0.02403846153846154 0.02403846153846154
0 0.6057692307692308 0.21634615384615385 0.02403846153846154 0.02403846153846154
0 0.5024038461538461 0.14423076923076925 0.02403846153846154 0.02403846153846154
0 0.6177884615384616 0.13942307692307693 0.02403846153846154 0.02403846153846154
0 0.7139423076923077 0.040865384615384616 0.02403846153846154 0.02403846153846154
0 0.07692307692307693 0.03605769230769231 0.02403846153846154 0.02403846153846154
0 0.3629807692307693 0.040865384615384616 0.02403846153846154 0.02403846153846154
0 0.6658653846153847 0.1826923076923077 0.02403846153846154 0.02403846153846154
0 0.4375 0.3557692307692308 0.02403846153846154 0.02403846153846154
0 0.3509615384615385 0.3605769230769231 0.02403846153846154 0.02403846153846154
0 0.13701923076923078 0.40625 0.02403846153846154 0.02403846153846154
0 0.2355769230769231 0.6850961538461539 0.02403846153846154 0.02403846153846154
0 0.5576923076923077 0.6129807692307693 0.02403846153846154 0.02403846153846154
0 0.6538461538461539 0.7139423076923077 0.02403846153846154 0.02403846153846154
0 0.8173076923076924 0.6586538461538461 0.02403846153846154 0.02403846153846154
0 0.7764423076923077 0.4807692307692308 0.02403846153846154 0.02403846153846154
0 0.7475961538461539 0.3293269230769231 0.02403846153846154 0.02403846153846154
0 0.5865384615384616 0.53125 0.02403846153846154 0.02403846153846154
0 0.15865384615384617 0.9086538461538463 0.02403846153846154 0.02403846153846154
0 0.12259615384615385 0.8942307692307693 0.02403846153846154 0.02403846153846154
0 0.3125 0.25 0.02403846153846154 0.02403846153846154
