0 0.6418269230769231 0.9711538461538463 0.02403846153846154 0.02403846153846154
0 0.2451923076923077 0.9591346153846154 0.02403846153846154 0.02403846153846154
0 0.5649038461538461 0.9543269230769231 0.02403846153846154 0.02403846153846154
0 0.19951923076923078 0.8725961538461539 0.02403846153846154 0.02403846153846154
0 0.8822115384615385 0.8485576923076924 0.02403846153846154 0.02403846153846154
0 0.9134615384615385 0.7980769230769231 0.02403846153846154 0.02403846153846154
0 0.6057692307692308 0.795673076923077 0.02403846153846154 0.02403846153846154
0 0.9254807692307693 0.7620192307692308 0.02403846153846154 0.02403846153846154
0 0.8701923076923077 0.6875 0.02403846153846154 0.02403846153846154
0 0.5889423076923077 0.6802884615384616 0.02403846153846154 0.02403846153846154
0 0.27884615384615385 0.6658653846153847 0.02403846153846154 0.02403846153846154
0 0.514423076923077 0.5889423076923077 0.02403846153846154 0.02403846153846154
0 0.90625 0.5697115384615385 0.02403846153846154 0.02403846153846154
0 0.41105769230769235 0.5168269230769231 0.02403846153846154 0.02403846153846154
0 0.5264423076923077 0.5120192307692308 0.02403846153846154 0.02403846153846154
0 0.6225961538461539 0.4134615384615385 0.02403846153846154 0.02403846153846154
0 0.7475961538461539 0.1778846153846154 0.02403846153846154 0.02403846153846154
0 0.9110576923076924 0.12980769230769232 0.02403846153846154 0.02403846153846154
0 0.9543269230769231 0.05288461538461539 0.02403846153846154 0.02403846153846154
0 0.8221153846153847 0.0625 0.02403846153846154 0.02403846153846154
0 0.7692307692307693 0.08173076923076923 0.02403846153846154 0.02403846153846154
0 0.2403846153846154 0.04326923076923077 0.02403846153846154 0.02403846153846154
0 0.07692307692307693 0.02403846153846154 0.02403846153846154 0.02403846153846154
0 0.545673076923077 0.31490384615384615 0.02403846153846154 0.02403846153846154
0 0.2716346153846154 0.4134615384615385 0.02403846153846154 0.02403846153846154
0 0.5745192307692308 0.5552884615384616 0.02403846153846154 0.02403846153846154
0 0.34615384615384615 0.7283653846153847 0.02403846153846154 0.02403846153846154
0 0.25961538461538464 0.733173076923077 0.02403846153846154 0.02403846153846154
0 0.04567307692307693 0.7788461538461539 0.02403846153846154 0.02403846153846154
0 0.6850961538461539 0.8533653846153847 0.02403846153846154 0.02403846153846154
0 0.65625 0.701923076923077 0.02403846153846154 0.02403846153846154
0 0.4951923076923077 0.9038461538461539 0.02403846153846154 0.02403846153846154
0 0.34375 0.13461538461538464 0.02403846153846154 0.02403846153846154
0 0.22115384615384617 0.6225961538461539 0.02403846153846154 0.02403846153846154
