0 0.576923076923077 0.96875 0.02403846153846154 0.02403846153846154
0 0.29086538461538464 0.951923076923077 0.02403846153846154 0.02403846153846154
0 0.6947115384615385 0.9447115384615385 0.02403846153846154 0.02403846153846154
0 0.90625 0.9423076923076924 0.02403846153846154 0.02403846153846154
0 0.7475961538461539 0.9447115384615385 0.02403846153846154 0.02403846153846154
0 0.920673076923077 0.9302884615384616 0.02403846153846154 0.02403846153846154
0 0.3653846153846154 0.9254807692307693 0.02403846153846154 0.02403846153846154
0 0.7572115384615385 0.9182692307692308 0.02403846153846154 0.02403846153846154
0 0.6298076923076923 0.9158653846153847 0.02403846153846154 0.02403846153846154
0 0.11538461538461539 0.9038461538461539 0.02403846153846154 0.02403846153846154
0 0.65625 0.9014423076923077 0.02403846153846154 0.02403846153846154
0 0.45432692307692313 0.8942307692307693 0.02403846153846154 0.02403846153846154
0 0.9230769230769231 0.889423076923077 0.02403846153846154 0.02403846153846154
0 0.11057692307692309 0.8774038461538463 0.02403846153846154 0.02403846153846154
0 0.7788461538461539 0.875 0.02403846153846154 0.02403846153846154
0 0.9182692307692308 0.8629807692307693 0.02403846153846154 0.02403846153846154
0 0.8870192307692308 0.8557692307692308 0.02403846153846154 0.02403846153846154
0 0.764423076923077 0.8509615384615385 0.02403846153846154 0.02403846153846154
0 0.7043269230769231 0.8485576923076924 0.02403846153846154 0.02403846153846154
0 0.6418269230769231 0.8413461538461539 0.02403846153846154 0.02403846153846154
0 0.858173076923077 0.8389423076923077 0.02403846153846154 0.02403846153846154
0 0.44230769230769235 0.8245192307692308 0.02403846153846154 0.02403846153846154
0 0.875 0.8100961538461539 0.02403846153846154 0.02403846153846154
0 0.5817307692307693 0.8100961538461539 0.02403846153846154 0.02403846153846154
0 0.764423076923077 0.8028846153846154 0.02403846153846154 0.02403846153846154
0 0.5216346153846154 0.8028846153846154 0.02403846153846154 0.02403846153846154
0 0.34615384615384615 0.7980769230769231 0.02403846153846154 0.02403846153846154
0 0.2764423076923077 0.7980769230769231 0.02403846153846154 0.02403846153846154
0 0.7932692307692308 0.7932692307692308 0.02403846153846154 0.02403846153846154
0 0.6658653846153847 0.7860576923076924 0.02403846153846154 0.02403846153846154
0 0.41105769230769235 0.78125 0.02403846153846154 0.02403846153846154
0 0.4447115384615385 0.7716346153846154 0.02403846153846154 0.02403846153846154
0 0.9254807692307693 0.764423076923077 0.02403846153846154 0.02403846153846154
0 0.65625 0.7620192307692308 0.02403846153846154 0.02403846153846154
0 0.48557692307692313 0.7596153846153847 0.02403846153846154 0.02403846153846154
0 0.16346153846153846 0.7403846153846154 0.02403846153846154 0.02403846153846154
0 0.8413461538461539 0.7283653846153847 0.02403846153846154 0.02403846153846154
0 0.5841346153846154 0.7283653846153847 0.02403846153846154 0.02403846153846154
0 0.7115384615384616 0.7211538461538461 0.02403846153846154 0.02403846153846154
0 0.7716346153846154 0.7163461538461539 0.02403846153846154 0.02403846153846154
0 0.37980769230769235 0.7115384615384616 0.02403846153846154 0.02403846153846154
0 0.2572115384615385 0.7115384615384616 0.02403846153846154 0.02403846153846154
0 0.7668269230769231 0.6899038461538461 0.02403846153846154 0.02403846153846154
0 0.4807692307692308 0.6899038461538461 0.02403846153846154 0.02403846153846154
0 0.28605769230769235 0.670673076923077 0.02403846153846154 0.02403846153846154
0 0.7548076923076924 0.6610576923076923 0.02403846153846154 0.02403846153846154
0 0.7908653846153847 0.6610576923076923 0.02403846153846154 0.02403846153846154
0 0.5745192307692308 0.65625 0.02403846153846154 0.02403846153846154
0 0.6274038461538461 0.6514423076923077 0.02403846153846154 0.02403846153846154
0 0.701923076923077 0.6466346153846154 0.02403846153846154 0.02403846153846154
0 0.65625 0.6418269230769231 0.02403846153846154 0.02403846153846154
0 0.7788461538461539 0.6370192307692308 0.02403846153846154 0.02403846153846154
0 0.5576923076923077 0.6346153846153847 0.02403846153846154 0.02403846153846154
0 0.25240384615384615 0.6177884615384616 0.02403846153846154 0.02403846153846154
0 0.9254807692307693 0.6129807692307693 0.02403846153846154 0.02403846153846154
0 0.71875 0.608173076923077 0.02403846153846154 0.02403846153846154
0 0.3774038461538462 0.6105769230769231 0.02403846153846154 0.02403846153846154
0 0.8341346153846154 0.6033653846153847 0.02403846153846154 0.02403846153846154
0 0.49278846153846156 0.5961538461538461 0.02403846153846154 0.02403846153846154
0 0.4326923076923077 0.5913461538461539 0.02403846153846154 0.02403846153846154
0 0.375 0.5793269230769231 0.02403846153846154 0.02403846153846154
0 0.8605769230769231 0.5697115384615385 0.02403846153846154 0.02403846153846154
0 0.25 0.5673076923076923 0.02403846153846154 0.02403846153846154
0 0.48557692307692313 0.5552884615384616 0.02403846153846154 0.02403846153846154
0 0.4182692307692308 0.5168269230769231 0.02403846153846154 0.02403846153846154
0 0.5024038461538461 0.5072115384615384 0.02403846153846154 0.02403846153846154
0 0.3653846153846154 0.5024038461538461 0.02403846153846154 0.02403846153846154
0 0.6778846153846154 0.4759615384615385 0.02403846153846154 0.02403846153846154
0 0.6129807692307693 0.4519230769230769 0.02403846153846154 0.02403846153846154
0 0.5721153846153847 0.4495192307692308 0.02403846153846154 0.02403846153846154
0 0.7067307692307693 0.4399038461538462 0.02403846153846154 0.02403846153846154
0 0.84375 0.40384615384615385 0.02403846153846154 0.02403846153846154
0 0.3341346153846154 0.39903846153846156 0.02403846153846154 0.02403846153846154
0 0.3605769230769231 0.3966346153846154 0.02403846153846154 0.02403846153846154
0 0.733173076923077 0.38461538461538464 0.02403846153846154 0.02403846153846154
0 0.3774038461538462 0.3822115384615385 0.02403846153846154 0.02403846153846154
0 0.5072115384615384 0.3245192307692308 0.02403846153846154 0.02403846153846154
0 0.9639423076923077 0.2716346153846154 0.02403846153846154 0.02403846153846154
0 0.040865384615384616 0.2764423076923077 0.02403846153846154 0.02403846153846154
0 0.9375 0.2572115384615385 0.02403846153846154 0.02403846153846154
0 0.4807692307692308 0.25961538461538464 0.02403846153846154 0.02403846153846154
0 0.2932692307692308 0.25240384615384615 0.02403846153846154 0.02403846153846154
0 0.4134615384615385 0.19951923076923078 0.02403846153846154 0.02403846153846154
0 0.2403846153846154 0.19230769230769232 0.02403846153846154 0.02403846153846154
0 0.7884615384615385 0.18509615384615385 0.02403846153846154 0.02403846153846154
0 0.35336538461538464 0.17067307692307693 0.02403846153846154 0.02403846153846154
0 0.5 0.15384615384615385 0.02403846153846154 0.02403846153846154
0 0.7427884615384616 0.07932692307692309 0.02403846153846154 0.02403846153846154
0 0.46875 0.038461538461538464 0.02403846153846154 0.02403846153846154
0 0.3870192307692308 0.03125 0.02403846153846154 0.02403846153846154
0 0.21634615384615385 0.05528846153846154 0.02403846153846154 0.02403846153846154
0 0.6346153846153847 0.08413461538461539 0.02403846153846154 0.02403846153846154
0 0.7980769230769231 0.028846153846153848 0.02403846153846154 0.02403846153846154
0 0.22596153846153846 0.34615384615384615 0.02403846153846154 0.02403846153846154
0 0.46153846153846156 0.43028846153846156 0.02403846153846154 0.02403846153846154
0 0.3076923076923077 0.3581730769230769 0.02403846153846154 0.02403846153846154
0 0.3076923076923077 0.3942307692307693 0.02403846153846154 0.02403846153846154
0 0.13942307692307693 0.27884615384615385 0.02403846153846154 0.02403846153846154
0 0.10336538461538462 0.2644230769230769 0.02403846153846154 0.02403846153846154
0 0.13942307692307693 0.3966346153846154 0.02403846153846154 0.02403846153846154
0 0.10336538461538462 0.40625 0.02403846153846154 0.02403846153846154
0 0.11538461538461539 0.3822115384615385 0.02403846153846154 0.02403846153846154
0 0.13221153846153846 0.4759615384615385 0.02403846153846154 0.02403846153846154
0 0.35336538461538464 0.7259615384615385 0.02403846153846154 0.02403846153846154
0 0.30528846153846156 0.701923076923077 0.02403846153846154 0.02403846153846154
0 0.3004807692307693 0.6754807692307693 0.02403846153846154 0.02403846153846154
0 0.06490384615384616 0.7596153846153847 0.02403846153846154 0.02403846153846154
0 0.14903846153846154 0.5961538461538461 0.02403846153846154 0.02403846153846154
0 0.09134615384615385 0.5096153846153847 0.02403846153846154 0.02403846153846154
0 0.7860576923076924 0.9663461538461539 0.02403846153846154 0.02403846153846154
0 0.7283653846153847 0.9134615384615385 0.02403846153846154 0.02403846153846154
0 0.7692307692307693 0.514423076923077 0.02403846153846154 0.02403846153846154
