0 0.5192307692307693 0.9591346153846154 0.02403846153846154 0.02403846153846154
0 0.7451923076923077 0.9375 0.02403846153846154 0.02403846153846154
0 0.02403846153846154 0.90625 0.02403846153846154 0.02403846153846154
0 0.13942307692307693 0.9014423076923077 0.02403846153846154 0.02403846153846154
0 0.6754807692307693 0.8461538461538463 0.02403846153846154 0.02403846153846154
0 0.2355769230769231 0.8028846153846154 0.02403846153846154 0.02403846153846154
0 0.9326923076923077 0.7307692307692308 0.02403846153846154 0.02403846153846154
0 0.8341346153846154 0.6995192307692308 0.02403846153846154 0.02403846153846154
0 0.9038461538461539 0.6105769230769231 0.02403846153846154 0.02403846153846154
0 0.6850961538461539 0.59375 0.02403846153846154 0.02403846153846154
0 0.3605769230769231 0.5673076923076923 0.02403846153846154 0.02403846153846154
0 0.5240384615384616 0.5192307692307693 0.02403846153846154 0.02403846153846154
0 0.6225961538461539 0.33653846153846156 0.02403846153846154 0.02403846153846154
0 0.9158653846153847 0.2139423076923077 0.02403846153846154 0.02403846153846154
0 0.7572115384615385 0.20192307692307693 0.02403846153846154 0.02403846153846154
0 0.18990384615384617 0.07932692307692309 0.02403846153846154 0.02403846153846154
0 0.16105769230769232 0.06009615384615385 0.02403846153846154 0.02403846153846154
0 0.9375 0.05528846153846154 0.02403846153846154 0.02403846153846154
0 0.14423076923076925 0.02403846153846154 0.02403846153846154 0.02403846153846154
0 0.5673076923076923 0.44230769230769235 0.02403846153846154 0.02403846153846154
0 0.43509615384615385 0.4519230769230769 0.02403846153846154 0.02403846153846154
0 0.3822115384615385 0.4711538461538462 0.02403846153846154 0.02403846153846154
0 0.19711538461538464 0.3966346153846154 0.02403846153846154 0.02403846153846154
0 0.15865384615384617 0.7043269230769231 0.02403846153846154 0.02403846153846154
0 0.1875 0.9447115384615385 0.02403846153846154 0.02403846153846154
0 0.03365384615384616 0.21153846153846156 0.02403846153846154 0.02403846153846154
0 0.3509615384615385 0.07211538461538462 0.02403846153846154 0.02403846153846154
