0 0.858173076923077 0.9639423076923077 0.02403846153846154 0.02403846153846154
0 0.43509615384615385 0.9615384615384616 0.02403846153846154 0.02403846153846154
0 0.6658653846153847 0.9615384615384616 0.02403846153846154 0.02403846153846154
0 0.545673076923077 0.9591346153846154 0.02403846153846154 0.02403846153846154
0 0.3581730769230769 0.9567307692307693 0.02403846153846154 0.02403846153846154
0 0.29086538461538464 0.9567307692307693 0.02403846153846154 0.02403846153846154
0 0.12980769230769232 0.9567307692307693 0.02403846153846154 0.02403846153846154
0 0.7692307692307693 0.9471153846153847 0.02403846153846154 0.02403846153846154
0 0.30528846153846156 0.9447115384615385 0.02403846153846154 0.02403846153846154
0 0.8028846153846154 0.9423076923076924 0.02403846153846154 0.02403846153846154
0 0.6875 0.9423076923076924 0.02403846153846154 0.02403846153846154
0 0.8533653846153847 0.9350961538461539 0.02403846153846154 0.02403846153846154
0 0.43028846153846156 0.9350961538461539 0.02403846153846154 0.02403846153846154
0 0.3581730769230769 0.9350961538461539 0.02403846153846154 0.02403846153846154
0 0.9110576923076924 0.9326923076923077 0.02403846153846154 0.02403846153846154
0 0.7211538461538461 0.9254807692307693 0.02403846153846154 0.02403846153846154
0 0.545673076923077 0.9254807692307693 0.02403846153846154 0.02403846153846154
0 0.6346153846153847 0.9230769230769231 0.02403846153846154 0.02403846153846154
0 0.4086538461538462 0.9038461538461539 0.02403846153846154 0.02403846153846154
0 0.125 0.8966346153846154 0.02403846153846154 0.02403846153846154
0 0.05048076923076923 0.8846153846153847 0.02403846153846154 0.02403846153846154
0 0.8798076923076924 0.889423076923077 0.02403846153846154 0.02403846153846154
0 0.8341346153846154 0.8774038461538463 0.02403846153846154 0.02403846153846154
0 0.07451923076923077 0.875 0.02403846153846154 0.02403846153846154
0 0.34615384615384615 0.8653846153846154 0.02403846153846154 0.02403846153846154
0 0.8125 0.8653846153846154 0.02403846153846154 0.02403846153846154
0 0.5480769230769231 0.8533653846153847 0.02403846153846154 0.02403846153846154
0 0.1466346153846154 0.8509615384615385 0.02403846153846154 0.02403846153846154
0 0.9375 0.8485576923076924 0.02403846153846154 0.02403846153846154
0 0.951923076923077 0.8341346153846154 0.02403846153846154 0.02403846153846154
0 0.5649038461538461 0.826923076923077 0.02403846153846154 0.02403846153846154
0 0.4399038461538462 0.8197115384615385 0.02403846153846154 0.02403846153846154
0 0.3966346153846154 0.8173076923076924 0.02403846153846154 0.02403846153846154
0 0.8197115384615385 0.8052884615384616 0.02403846153846154 0.02403846153846154
0 0.7668269230769231 0.8004807692307693 0.02403846153846154 0.02403846153846154
0 0.53125 0.795673076923077 0.02403846153846154 0.02403846153846154
0 0.6322115384615385 0.7884615384615385 0.02403846153846154 0.02403846153846154
0 0.12740384615384617 0.78125 0.02403846153846154 0.02403846153846154
0 0.9302884615384616 0.7836538461538461 0.02403846153846154 0.02403846153846154
0 0.3293269230769231 0.7788461538461539 0.02403846153846154 0.02403846153846154
0 0.5192307692307693 0.7740384615384616 0.02403846153846154 0.02403846153846154
0 0.8557692307692308 0.7716346153846154 0.02403846153846154 0.02403846153846154
0 0.6466346153846154 0.764423076923077 0.02403846153846154 0.02403846153846154
0 0.6923076923076923 0.7620192307692308 0.02403846153846154 0.02403846153846154
0 0.0889423076923077 0.7572115384615385 0.02403846153846154 0.02403846153846154
0 0.16346153846153846 0.75 0.02403846153846154 0.02403846153846154
0 0.6298076923076923 0.7379807692307693 0.02403846153846154 0.02403846153846154
0 0.19711538461538464 0.7403846153846154 0.02403846153846154 0.02403846153846154
0 0.28125 0.7379807692307693 0.02403846153846154 0.02403846153846154
0 0.8990384615384616 0.7235576923076924 0.02403846153846154 0.02403846153846154
0 0.576923076923077 0.7211538461538461 0.02403846153846154 0.02403846153846154
0 0.8701923076923077 0.701923076923077 0.02403846153846154 0.02403846153846154
0 0.1466346153846154 0.7067307692307693 0.02403846153846154 0.02403846153846154
0 0.6105769230769231 0.6995192307692308 0.02403846153846154 0.02403846153846154
0 0.7740384615384616 0.6899038461538461 0.02403846153846154 0.02403846153846154
0 0.7259615384615385 0.6899038461538461 0.02403846153846154 0.02403846153846154
0 0.03125 0.6899038461538461 0.02403846153846154 0.02403846153846154
0 0.5432692307692308 0.6682692307692308 0.02403846153846154 0.02403846153846154
0 0.19230769230769232 0.6634615384615385 0.02403846153846154 0.02403846153846154
0 0.2692307692307693 0.6610576923076923 0.02403846153846154 0.02403846153846154
0 0.951923076923077 0.6466346153846154 0.02403846153846154 0.02403846153846154
0 0.7067307692307693 0.6322115384615385 0.02403846153846154 0.02403846153846154
0 0.17548076923076925 0.6177884615384616 0.02403846153846154 0.02403846153846154
0 0.4567307692307693 0.6057692307692308 0.02403846153846154 0.02403846153846154
0 0.5649038461538461 0.5961538461538461 0.02403846153846154 0.02403846153846154
0 0.2620192307692308 0.5793269230769231 0.02403846153846154 0.02403846153846154
0 0.8125 0.5625 0.02403846153846154 0.02403846153846154
0 0.10576923076923078 0.5552884615384616 0.02403846153846154 0.02403846153846154
0 0.3701923076923077 0.5504807692307693 0.02403846153846154 0.02403846153846154
0 0.6274038461538461 0.5384615384615385 0.02403846153846154 0.02403846153846154
0 0.5264423076923077 0.5384615384615385 0.02403846153846154 0.02403846153846154
0 0.07211538461538462 0.53125 0.02403846153846154 0.02403846153846154
0 0.20673076923076925 0.5336538461538461 0.02403846153846154 0.02403846153846154
0 0.951923076923077 0.5240384615384616 0.02403846153846154 0.02403846153846154
0 0.23317307692307693 0.5192307692307693 0.02403846153846154 0.02403846153846154
0 0.11057692307692309 0.514423076923077 0.02403846153846154 0.02403846153846154
0 0.6754807692307693 0.5 0.02403846153846154 0.02403846153846154
0 0.8389423076923077 0.49759615384615385 0.02403846153846154 0.02403846153846154
0 0.44711538461538464 0.4951923076923077 0.02403846153846154 0.02403846153846154
0 0.5048076923076923 0.4711538461538462 0.02403846153846154 0.02403846153846154
0 0.5745192307692308 0.46875 0.02403846153846154 0.02403846153846154
0 0.78125 0.4567307692307693 0.02403846153846154 0.02403846153846154
0 0.7596153846153847 0.4591346153846154 0.02403846153846154 0.02403846153846154
0 0.9230769230769231 0.44711538461538464 0.02403846153846154 0.02403846153846154
0 0.8004807692307693 0.4447115384615385 0.02403846153846154 0.02403846153846154
0 0.9639423076923077 0.4399038461538462 0.02403846153846154 0.02403846153846154
0 0.27884615384615385 0.4375 0.02403846153846154 0.02403846153846154
0 0.6875 0.43028846153846156 0.02403846153846154 0.02403846153846154
0 0.608173076923077 0.41105769230769235 0.02403846153846154 0.02403846153846154
0 0.5600961538461539 0.40625 0.02403846153846154 0.02403846153846154
0 0.8990384615384616 0.4014423076923077 0.02403846153846154 0.02403846153846154
0 0.07932692307692309 0.3966346153846154 0.02403846153846154 0.02403846153846154
0 0.6538461538461539 0.3894230769230769 0.02403846153846154 0.02403846153846154
0 0.05048076923076923 0.38461538461538464 0.02403846153846154 0.02403846153846154
0 0.4519230769230769 0.3629807692307693 0.02403846153846154 0.02403846153846154
0 0.07692307692307693 0.3605769230769231 0.02403846153846154 0.02403846153846154
0 0.057692307692307696 0.34855769230769235 0.02403846153846154 0.02403846153846154
0 0.4807692307692308 0.34134615384615385 0.02403846153846154 0.02403846153846154
0 0.733173076923077 0.3341346153846154 0.02403846153846154 0.02403846153846154
0 0.46875 0.3317307692307693 0.02403846153846154 0.02403846153846154
0 0.6899038461538461 0.3269230769230769 0.02403846153846154 0.02403846153846154
0 0.0889423076923077 0.3269230769230769 0.02403846153846154 0.02403846153846154
0 0.21634615384615385 0.31730769230769235 0.02403846153846154 0.02403846153846154
0 0.3317307692307693 0.31009615384615385 0.02403846153846154 0.02403846153846154
0 0.02403846153846154 0.3125 0.02403846153846154 0.02403846153846154
0 0.4567307692307693 0.28605769230769235 0.02403846153846154 0.02403846153846154
0 0.5384615384615385 0.2716346153846154 0.02403846153846154 0.02403846153846154
0 0.4567307692307693 0.24759615384615385 0.02403846153846154 0.02403846153846154
0 0.8125 0.2355769230769231 0.02403846153846154 0.02403846153846154
0 0.7740384615384616 0.23317307692307693 0.02403846153846154 0.02403846153846154
0 0.4254807692307693 0.23798076923076925 0.02403846153846154 0.02403846153846154
0 0.5625 0.22355769230769232 0.02403846153846154 0.02403846153846154
0 0.46153846153846156 0.21634615384615385 0.02403846153846154 0.02403846153846154
0 0.17067307692307693 0.2139423076923077 0.02403846153846154 0.02403846153846154
0 0.04567307692307693 0.2139423076923077 0.02403846153846154 0.02403846153846154
0 0.9639423076923077 0.18990384615384617 0.02403846153846154 0.02403846153846154
0 0.3389423076923077 0.1826923076923077 0.02403846153846154 0.02403846153846154
0 0.2403846153846154 0.17307692307692307 0.02403846153846154 0.02403846153846154
0 0.41586538461538464 0.1514423076923077 0.02403846153846154 0.02403846153846154
0 0.14423076923076925 0.11057692307692309 0.02403846153846154 0.02403846153846154
0 0.27403846153846156 0.10817307692307693 0.02403846153846154 0.02403846153846154
0 0.34134615384615385 0.09615384615384616 0.02403846153846154 0.02403846153846154
0 0.16826923076923078 0.09855769230769232 0.02403846153846154 0.02403846153846154
0 0.19230769230769232 0.08173076923076923 0.02403846153846154 0.02403846153846154
0 0.6538461538461539 0.07932692307692309 0.02403846153846154 0.02403846153846154
0 0.41105769230769235 0.07211538461538462 0.02403846153846154 0.02403846153846154
0 0.670673076923077 0.057692307692307696 0.02403846153846154 0.02403846153846154
0 0.96875 0.03605769230769231 0.02403846153846154 0.02403846153846154
0 0.0889423076923077 0.6322115384615385 0.02403846153846154 0.02403846153846154
0 0.028846153846153848 0.6346153846153847 0.02403846153846154 0.02403846153846154
0 0.3245192307692308 0.5480769230769231 0.02403846153846154 0.02403846153846154
0 0.4399038461538462 0.057692307692307696 0.02403846153846154 0.02403846153846154
0 0.0889423076923077 0.8341346153846154 0.02403846153846154 0.02403846153846154
0 0.06009615384615385 0.9158653846153847 0.02403846153846154 0.02403846153846154
0 0.9663461538461539 0.5889423076923077 0.02403846153846154 0.02403846153846154
0 0.5072115384615384 0.6346153846153847 0.02403846153846154 0.02403846153846154
0 0.11057692307692309 0.10817307692307693 0.02403846153846154 0.02403846153846154
0 0.35336538461538464 0.11298076923076923 0.02403846153846154 0.02403846153846154
0 0.3870192307692308 0.7668269230769231 0.02403846153846154 0.02403846153846154
0 0.6850961538461539 0.8605769230769231 0.02403846153846154 0.02403846153846154
