0 0.5360576923076923 0.96875 0.02403846153846154 0.02403846153846154
0 0.4375 0.96875 0.02403846153846154 0.02403846153846154
0 0.3509615384615385 0.9615384615384616 0.02403846153846154 0.02403846153846154
0 0.07451923076923077 0.9375 0.02403846153846154 0.02403846153846154
0 0.23798076923076925 0.9350961538461539 0.02403846153846154 0.02403846153846154
0 0.41586538461538464 0.9182692307692308 0.02403846153846154 0.02403846153846154
0 0.8822115384615385 0.8990384615384616 0.02403846153846154 0.02403846153846154
0 0.78125 0.9014423076923077 0.02403846153846154 0.02403846153846154
0 0.18028846153846154 0.8942307692307693 0.02403846153846154 0.02403846153846154
0 0.15865384615384617 0.8966346153846154 0.02403846153846154 0.02403846153846154
0 0.32211538461538464 0.8846153846153847 0.02403846153846154 0.02403846153846154
0 0.19951923076923078 0.8822115384615385 0.02403846153846154 0.02403846153846154
0 0.3629807692307693 0.8774038461538463 0.02403846153846154 0.02403846153846154
0 0.4447115384615385 0.8701923076923077 0.02403846153846154 0.02403846153846154
0 0.08653846153846154 0.8677884615384616 0.02403846153846154 0.02403846153846154
0 0.9158653846153847 0.8629807692307693 0.02403846153846154 0.02403846153846154
0 0.3870192307692308 0.8389423076923077 0.02403846153846154 0.02403846153846154
0 0.2980769230769231 0.8389423076923077 0.02403846153846154 0.02403846153846154
0 0.5649038461538461 0.8317307692307693 0.02403846153846154 0.02403846153846154
0 0.5432692307692308 0.826923076923077 0.02403846153846154 0.02403846153846154
0 0.05288461538461539 0.826923076923077 0.02403846153846154 0.02403846153846154
0 0.7235576923076924 0.7932692307692308 0.02403846153846154 0.02403846153846154
0 0.13221153846153846 0.7716346153846154 0.02403846153846154 0.02403846153846154
0 0.0889423076923077 0.764423076923077 0.02403846153846154 0.02403846153846154
0 0.6875 0.7548076923076924 0.02403846153846154 0.02403846153846154
0 0.826923076923077 0.7524038461538461 0.02403846153846154 0.02403846153846154
0 0.6538461538461539 0.7451923076923077 0.02403846153846154 0.02403846153846154
0 0.5408653846153847 0.7235576923076924 0.02403846153846154 0.02403846153846154
0 0.9134615384615385 0.7211538461538461 0.02403846153846154 0.02403846153846154
0 0.6177884615384616 0.7115384615384616 0.02403846153846154 0.02403846153846154
0 0.7427884615384616 0.6995192307692308 0.02403846153846154 0.02403846153846154
0 0.5528846153846154 0.6947115384615385 0.02403846153846154 0.02403846153846154
0 0.53125 0.6802884615384616 0.02403846153846154 0.02403846153846154
0 0.6610576923076923 0.6778846153846154 0.02403846153846154 0.02403846153846154
0 0.8221153846153847 0.6754807692307693 0.02403846153846154 0.02403846153846154
0 0.21153846153846156 0.6730769230769231 0.02403846153846154 0.02403846153846154
0 0.17307692307692307 0.670673076923077 0.02403846153846154 0.02403846153846154
0 0.3629807692307693 0.6274038461538461 0.02403846153846154 0.02403846153846154
0 0.639423076923077 0.6129807692307693 0.02403846153846154 0.02403846153846154
0 0.6778846153846154 0.5985576923076923 0.02403846153846154 0.02403846153846154
0 0.7740384615384616 0.5889423076923077 0.02403846153846154 0.02403846153846154
0 0.05288461538461539 0.5168269230769231 0.02403846153846154 0.02403846153846154
0 0.41586538461538464 0.5120192307692308 0.02403846153846154 0.02403846153846154
0 0.4951923076923077 0.49759615384615385 0.02403846153846154 0.02403846153846154
0 0.06971153846153846 0.4951923076923077 0.02403846153846154 0.02403846153846154
0 0.36778846153846156 0.47355769230769235 0.02403846153846154 0.02403846153846154
0 0.2572115384615385 0.43028846153846156 0.02403846153846154 0.02403846153846154
0 0.6009615384615385 0.4254807692307693 0.02403846153846154 0.02403846153846154
0 0.7355769230769231 0.39903846153846156 0.02403846153846154 0.02403846153846154
0 0.34855769230769235 0.3966346153846154 0.02403846153846154 0.02403846153846154
0 0.78125 0.3894230769230769 0.02403846153846154 0.02403846153846154
0 0.09855769230769232 0.3894230769230769 0.02403846153846154 0.02403846153846154
0 0.9615384615384616 0.35336538461538464 0.02403846153846154 0.02403846153846154
0 0.6634615384615385 0.31009615384615385 0.02403846153846154 0.02403846153846154
0 0.4375 0.2884615384615385 0.02403846153846154 0.02403846153846154
0 0.7692307692307693 0.28125 0.02403846153846154 0.02403846153846154
0 0.02403846153846154 0.27403846153846156 0.02403846153846154 0.02403846153846154
0 0.5504807692307693 0.25480769230769235 0.02403846153846154 0.02403846153846154
0 0.05528846153846154 0.25240384615384615 0.02403846153846154 0.02403846153846154
0 0.05048076923076923 0.22596153846153846 0.02403846153846154 0.02403846153846154
0 0.5697115384615385 0.2043269230769231 0.02403846153846154 0.02403846153846154
0 0.5865384615384616 0.17548076923076925 0.02403846153846154 0.02403846153846154
0 0.3942307692307693 0.17307692307692307 0.02403846153846154 0.02403846153846154
0 0.7259615384615385 0.1466346153846154 0.02403846153846154 0.02403846153846154
0 0.6899038461538461 0.08173076923076923 0.02403846153846154 0.02403846153846154
0 0.5360576923076923 0.08173076923076923 0.02403846153846154 0.02403846153846154
0 0.5096153846153847 0.04807692307692308 0.02403846153846154 0.02403846153846154
0 0.3966346153846154 0.03125 0.02403846153846154 0.02403846153846154
0 0.7524038461538461 0.8245192307692308 0.02403846153846154 0.02403846153846154
0 0.9038461538461539 0.25240384615384615 0.02403846153846154 0.02403846153846154
0 0.6346153846153847 0.8966346153846154 0.02403846153846154 0.02403846153846154
0 0.5865384615384616 0.8509615384615385 0.02403846153846154 0.02403846153846154
0 0.5048076923076923 0.8846153846153847 0.02403846153846154 0.02403846153846154
0 0.3269230769230769 0.2692307692307693 0.02403846153846154 0.02403846153846154
0 0.9495192307692308 0.96875 0.02403846153846154 0.02403846153846154
