0 0.9326923076923077 0.9711538461538463 0.02403846153846154 0.02403846153846154
0 0.5817307692307693 0.9663461538461539 0.02403846153846154 0.02403846153846154
0 0.6586538461538461 0.9639423076923077 0.02403846153846154 0.02403846153846154
0 0.5649038461538461 0.920673076923077 0.02403846153846154 0.02403846153846154
0 0.8461538461538463 0.9086538461538463 0.02403846153846154 0.02403846153846154
0 0.32211538461538464 0.9086538461538463 0.02403846153846154 0.02403846153846154
0 0.28125 0.90625 0.02403846153846154 0.02403846153846154
0 0.9543269230769231 0.8990384615384616 0.02403846153846154 0.02403846153846154
0 0.6514423076923077 0.8822115384615385 0.02403846153846154 0.02403846153846154
0 0.4951923076923077 0.858173076923077 0.02403846153846154 0.02403846153846154
0 0.7596153846153847 0.8533653846153847 0.02403846153846154 0.02403846153846154
0 0.2139423076923077 0.858173076923077 0.02403846153846154 0.02403846153846154
0 0.9158653846153847 0.8413461538461539 0.02403846153846154 0.02403846153846154
0 0.46153846153846156 0.8341346153846154 0.02403846153846154 0.02403846153846154
0 0.03365384615384616 0.8365384615384616 0.02403846153846154 0.02403846153846154
0 0.5961538461538461 0.8365384615384616 0.02403846153846154 0.02403846153846154
0 0.6225961538461539 0.8221153846153847 0.02403846153846154 0.02403846153846154
0 0.5 0.8173076923076924 0.02403846153846154 0.02403846153846154
0 0.3076923076923077 0.8052884615384616 0.02403846153846154 0.02403846153846154
0 0.17067307692307693 0.7980769230769231 0.02403846153846154 0.02403846153846154
0 0.8365384615384616 0.7980769230769231 0.02403846153846154 0.02403846153846154
0 0.8942307692307693 0.7740384615384616 0.02403846153846154 0.02403846153846154
0 0.9639423076923077 0.7716346153846154 0.02403846153846154 0.02403846153846154
0 0.31730769230769235 0.7427884615384616 0.02403846153846154 0.02403846153846154
0 0.6682692307692308 0.7403846153846154 0.02403846153846154 0.02403846153846154
0 0.25480769230769235 0.7283653846153847 0.02403846153846154 0.02403846153846154
0 0.9495192307692308 0.7091346153846154 0.02403846153846154 0.02403846153846154
0 0.46875 0.6995192307692308 0.02403846153846154 0.02403846153846154
0 0.4399038461538462 0.6875 0.02403846153846154 0.02403846153846154
0 0.8413461538461539 0.6658653846153847 0.02403846153846154 0.02403846153846154
0 0.46634615384615385 0.6634615384615385 0.02403846153846154 0.02403846153846154
0 0.44711538461538464 0.6514423076923077 0.02403846153846154 0.02403846153846154
0 0.8701923076923077 0.6442307692307693 0.02403846153846154 0.02403846153846154
0 0.858173076923077 0.6346153846153847 0.02403846153846154 0.02403846153846154
0 0.47836538461538464 0.6298076923076923 0.02403846153846154 0.02403846153846154
0 0.31490384615384615 0.6225961538461539 0.02403846153846154 0.02403846153846154
0 0.15625 0.6225961538461539 0.02403846153846154 0.02403846153846154
0 0.6057692307692308 0.6201923076923077 0.02403846153846154 0.02403846153846154
0 0.7211538461538461 0.6129807692307693 0.02403846153846154 0.02403846153846154
0 0.4134615384615385 0.6153846153846154 0.02403846153846154 0.02403846153846154
0 0.3629807692307693 0.59375 0.02403846153846154 0.02403846153846154
0 0.8461538461538463 0.5889423076923077 0.02403846153846154 0.02403846153846154
0 0.9278846153846154 0.5745192307692308 0.02403846153846154 0.02403846153846154
0 0.8461538461538463 0.5504807692307693 0.02403846153846154 0.02403846153846154
0 0.2139423076923077 0.5336538461538461 0.02403846153846154 0.02403846153846154
0 0.8149038461538461 0.5408653846153847 0.02403846153846154 0.02403846153846154
0 0.951923076923077 0.5264423076923077 0.02403846153846154 0.02403846153846154
0 0.8509615384615385 0.5192307692307693 0.02403846153846154 0.02403846153846154
0 0.5600961538461539 0.5168269230769231 0.02403846153846154 0.02403846153846154
0 0.43509615384615385 0.5168269230769231 0.02403846153846154 0.02403846153846154
0 0.7283653846153847 0.48557692307692313 0.02403846153846154 0.02403846153846154
0 0.6298076923076923 0.4759615384615385 0.02403846153846154 0.02403846153846154
0 0.040865384615384616 0.45432692307692313 0.02403846153846154 0.02403846153846154
0 0.8052884615384616 0.45432692307692313 0.02403846153846154 0.02403846153846154
0 0.25240384615384615 0.4399038461538462 0.02403846153846154 0.02403846153846154
0 0.5336538461538461 0.4134615384615385 0.02403846153846154 0.02403846153846154
0 0.6634615384615385 0.41105769230769235 0.02403846153846154 0.02403846153846154
0 0.7307692307692308 0.39903846153846156 0.02403846153846154 0.02403846153846154
0 0.5576923076923077 0.4014423076923077 0.02403846153846154 0.02403846153846154
0 0.5817307692307693 0.38461538461538464 0.02403846153846154 0.02403846153846154
0 0.8004807692307693 0.375 0.02403846153846154 0.02403846153846154
0 0.8173076923076924 0.31730769230769235 0.02403846153846154 0.02403846153846154
0 0.9038461538461539 0.2403846153846154 0.02403846153846154 0.02403846153846154
0 0.2764423076923077 0.2403846153846154 0.02403846153846154 0.02403846153846154
0 0.43028846153846156 0.18509615384615385 0.02403846153846154 0.02403846153846154
0 0.8629807692307693 0.08173076923076923 0.02403846153846154 0.02403846153846154
0 0.34855769230769235 0.06009615384615385 0.02403846153846154 0.02403846153846154
0 0.9302884615384616 0.05528846153846154 0.02403846153846154 0.02403846153846154
0 0.6658653846153847 0.05528846153846154 0.02403846153846154 0.02403846153846154
0 0.9110576923076924 0.05048076923076923 0.02403846153846154 0.02403846153846154
0 0.3317307692307693 0.30528846153846156 0.02403846153846154 0.02403846153846154
0 0.2091346153846154 0.43509615384615385 0.02403846153846154 0.02403846153846154
0 0.19711538461538464 0.25 0.02403846153846154 0.02403846153846154
0 0.3774038461538462 0.11298076923076923 0.02403846153846154 0.02403846153846154
0 0.13461538461538464 0.3870192307692308 0.02403846153846154 0.02403846153846154
0 0.06730769230769232 0.7475961538461539 0.02403846153846154 0.02403846153846154
0 0.02403846153846154 0.7379807692307693 0.02403846153846154 0.02403846153846154
0 0.09615384615384616 0.826923076923077 0.02403846153846154 0.02403846153846154
0 0.17548076923076925 0.5793269230769231 0.02403846153846154 0.02403846153846154
0 0.3942307692307693 0.7235576923076924 0.02403846153846154 0.02403846153846154
0 0.37259615384615385 0.6995192307692308 0.02403846153846154 0.02403846153846154
0 0.34855769230769235 0.7283653846153847 0.02403846153846154 0.02403846153846154
0 0.3581730769230769 0.78125 0.02403846153846154 0.02403846153846154
0 0.3918269230769231 0.858173076923077 0.02403846153846154 0.02403846153846154
0 0.3197115384615385 0.8557692307692308 0.02403846153846154 0.02403846153846154
0 0.47836538461538464 0.9350961538461539 0.02403846153846154 0.02403846153846154
0 0.4182692307692308 0.9375 0.02403846153846154 0.02403846153846154
0 0.7139423076923077 0.8509615384615385 0.02403846153846154 0.02403846153846154
0 0.8293269230769231 0.3605769230769231 0.02403846153846154 0.02403846153846154
0 0.14182692307692307 0.9591346153846154 0.02403846153846154 0.02403846153846154
0 0.08653846153846154 0.920673076923077 0.02403846153846154 0.02403846153846154
0 0.040865384615384616 0.8870192307692308 0.02403846153846154 0.02403846153846154
0 0.8966346153846154 0.9375 0.02403846153846154 0.02403846153846154
0 0.5 0.41105769230769235 0.02403846153846154 0.02403846153846154
0 0.7427884615384616 0.41586538461538464 0.02403846153846154 0.02403846153846154
