0 0.8100961538461539 0.9495192307692308 0.02403846153846154 0.02403846153846154
0 0.09375 0.9495192307692308 0.02403846153846154 0.02403846153846154
0 0.6658653846153847 0.8990384615384616 0.02403846153846154 0.02403846153846154
0 0.9302884615384616 0.8245192307692308 0.02403846153846154 0.02403846153846154
0 0.40625 0.7740384615384616 0.02403846153846154 0.02403846153846154
0 0.9110576923076924 0.764423076923077 0.02403846153846154 0.02403846153846154
0 0.625 0.7115384615384616 0.02403846153846154 0.02403846153846154
0 0.7524038461538461 0.7115384615384616 0.02403846153846154 0.02403846153846154
0 0.8557692307692308 0.65625 0.02403846153846154 0.02403846153846154
0 0.15384615384615385 0.6105769230769231 0.02403846153846154 0.02403846153846154
0 0.4375 0.5649038461538461 0.02403846153846154 0.02403846153846154
0 0.7379807692307693 0.5096153846153847 0.02403846153846154 0.02403846153846154
0 0.8004807692307693 0.45432692307692313 0.02403846153846154 0.02403846153846154
0 0.4951923076923077 0.3870192307692308 0.02403846153846154 0.02403846153846154
0 0.9663461538461539 0.33653846153846156 0.02403846153846154 0.02403846153846154
0 0.46875 0.27403846153846156 0.02403846153846154 0.02403846153846154
0 0.6033653846153847 0.22355769230769232 0.02403846153846154 0.02403846153846154
0 0.6346153846153847 0.028846153846153848 0.02403846153846154 0.02403846153846154
0 0.16586538461538464 0.9014423076923077 0.02403846153846154 0.02403846153846154
0 0.17307692307692307 0.5072115384615384 0.02403846153846154 0.02403846153846154
0 0.11298076923076923 0.6899038461538461 0.02403846153846154 0.02403846153846154
0 0.25480769230769235 0.6754807692307693 0.02403846153846154 0.02403846153846154
0 0.5288461538461539 0.4399038461538462 0.02403846153846154 0.02403846153846154
0 0.14182692307692307 0.34855769230769235 0.02403846153846154 0.02403846153846154
