0 0.9375 0.9711538461538463 0.02403846153846154 0.02403846153846154
0 0.7115384615384616 0.9495192307692308 0.02403846153846154 0.02403846153846154
0 0.2980769230769231 0.9350961538461539 0.02403846153846154 0.02403846153846154
0 0.8245192307692308 0.9158653846153847 0.02403846153846154 0.02403846153846154
0 0.3293269230769231 0.9134615384615385 0.02403846153846154 0.02403846153846154
0 0.3245192307692308 0.8870192307692308 0.02403846153846154 0.02403846153846154
0 0.1466346153846154 0.8774038461538463 0.02403846153846154 0.02403846153846154
0 0.84375 0.8653846153846154 0.02403846153846154 0.02403846153846154
0 0.2139423076923077 0.8509615384615385 0.02403846153846154 0.02403846153846154
0 0.19471153846153846 0.8461538461538463 0.02403846153846154 0.02403846153846154
0 0.8605769230769231 0.8365384615384616 0.02403846153846154 0.02403846153846154
0 0.6682692307692308 0.8341346153846154 0.02403846153846154 0.02403846153846154
0 0.9639423076923077 0.7427884615384616 0.02403846153846154 0.02403846153846154
0 0.8100961538461539 0.7427884615384616 0.02403846153846154 0.02403846153846154
0 0.7836538461538461 0.7091346153846154 0.02403846153846154 0.02403846153846154
0 0.670673076923077 0.6923076923076923 0.02403846153846154 0.02403846153846154
0 0.9663461538461539 0.6610576923076923 0.02403846153846154 0.02403846153846154
0 0.8822115384615385 0.6418269230769231 0.02403846153846154 0.02403846153846154
0 0.15625 0.6370192307692308 0.02403846153846154 0.02403846153846154
0 0.7692307692307693 0.6346153846153847 0.02403846153846154 0.02403846153846154
0 0.7764423076923077 0.5240384615384616 0.02403846153846154 0.02403846153846154
0 0.7283653846153847 0.5048076923076923 0.02403846153846154 0.02403846153846154
0 0.8317307692307693 0.4519230769230769 0.02403846153846154 0.02403846153846154
0 0.11538461538461539 0.4519230769230769 0.02403846153846154 0.02403846153846154
0 0.6875 0.4014423076923077 0.02403846153846154 0.02403846153846154
0 0.951923076923077 0.3269230769230769 0.02403846153846154 0.02403846153846154
0 0.4278846153846154 0.2764423076923077 0.02403846153846154 0.02403846153846154
0 0.9326923076923077 0.2668269230769231 0.02403846153846154 0.02403846153846154
0 0.6466346153846154 0.2139423076923077 0.02403846153846154 0.02403846153846154
0 0.7740384615384616 0.2139423076923077 0.02403846153846154 0.02403846153846154
0 0.8774038461538463 0.15865384615384617 0.02403846153846154 0.02403846153846154
0 0.17548076923076925 0.11298076923076923 0.02403846153846154 0.02403846153846154
0 0.4591346153846154 0.06730769230769232 0.02403846153846154 0.02403846153846154
0 0.09375 0.5721153846153847 0.02403846153846154 0.02403846153846154
0 0.2043269230769231 0.59375 0.02403846153846154 0.02403846153846154
0 0.2884615384615385 0.6995192307692308 0.02403846153846154 0.02403846153846154
0 0.1875 0.40384615384615385 0.02403846153846154 0.02403846153846154
0 0.6009615384615385 0.9302884615384616 0.02403846153846154 0.02403846153846154
0 0.13461538461538464 0.19230769230769232 0.02403846153846154 0.02403846153846154
0 0.2764423076923077 0.1778846153846154 0.02403846153846154 0.02403846153846154
