0 0.6730769230769231 0.7740384615384616 0.02403846153846154 0.02403846153846154
0 0.03605769230769231 0.7692307692307693 0.02403846153846154 0.02403846153846154
0 0.6514423076923077 0.7716346153846154 0.02403846153846154 0.02403846153846154
0 0.22596153846153846 0.7451923076923077 0.02403846153846154 0.02403846153846154
0 0.4831730769230769 0.6586538461538461 0.02403846153846154 0.02403846153846154
0 0.21634615384615385 0.6153846153846154 0.02403846153846154 0.02403846153846154
0 0.1826923076923077 0.48557692307692313 0.02403846153846154 0.02403846153846154
0 0.8125 0.46634615384615385 0.02403846153846154 0.02403846153846154
0 0.22836538461538464 0.4519230769230769 0.02403846153846154 0.02403846153846154
0 0.6442307692307693 0.35336538461538464 0.02403846153846154 0.02403846153846154
0 0.07211538461538462 0.28125 0.02403846153846154 0.02403846153846154
0 0.5625 0.22115384615384617 0.02403846153846154 0.02403846153846154
0 0.24278846153846156 0.16346153846153846 0.02403846153846154 0.02403846153846154
0 0.5600961538461539 0.7788461538461539 0.02403846153846154 0.02403846153846154
