0 0.7548076923076924 0.96875 0.02403846153846154 0.02403846153846154
0 0.20192307692307693 0.9543269230769231 0.02403846153846154 0.02403846153846154
0 0.4831730769230769 0.9278846153846154 0.02403846153846154 0.02403846153846154
0 0.6129807692307693 0.9254807692307693 0.02403846153846154 0.02403846153846154
0 0.6802884615384616 0.9134615384615385 0.02403846153846154 0.02403846153846154
0 0.5072115384615384 0.9158653846153847 0.02403846153846154 0.02403846153846154
0 0.53125 0.8990384615384616 0.02403846153846154 0.02403846153846154
0 0.75 0.889423076923077 0.02403846153846154 0.02403846153846154
0 0.7668269230769231 0.8317307692307693 0.02403846153846154 0.02403846153846154
0 0.8533653846153847 0.7548076923076924 0.02403846153846154 0.02403846153846154
0 0.22596153846153846 0.7548076923076924 0.02403846153846154 0.02403846153846154
0 0.37980769230769235 0.6995192307692308 0.02403846153846154 0.02403846153846154
0 0.9639423076923077 0.6538461538461539 0.02403846153846154 0.02403846153846154
0 0.8125 0.5961538461538461 0.02403846153846154 0.02403846153846154
0 0.2980769230769231 0.5745192307692308 0.02403846153846154 0.02403846153846154
0 0.8798076923076924 0.5697115384615385 0.02403846153846154 0.02403846153846154
0 0.6153846153846154 0.5697115384615385 0.02403846153846154 0.02403846153846154
0 0.8605769230769231 0.5649038461538461 0.02403846153846154 0.02403846153846154
0 0.6754807692307693 0.4711538461538462 0.02403846153846154 0.02403846153846154
0 0.5 0.4567307692307693 0.02403846153846154 0.02403846153846154
0 0.27403846153846156 0.37980769230769235 0.02403846153846154 0.02403846153846154
0 0.8221153846153847 0.3557692307692308 0.02403846153846154 0.02403846153846154
0 0.78125 0.17067307692307693 0.02403846153846154 0.02403846153846154
0 0.21875 0.07932692307692309 0.02403846153846154 0.02403846153846154
0 0.7596153846153847 0.29086538461538464 0.02403846153846154 0.02403846153846154
0 0.8701923076923077 0.3125 0.02403846153846154 0.02403846153846154
0 0.9543269230769231 0.4182692307692308 0.02403846153846154 0.02403846153846154
0 0.6778846153846154 0.22355769230769232 0.02403846153846154 0.02403846153846154
0 0.65625 0.18509615384615385 0.02403846153846154 0.02403846153846154
0 0.8533653846153847 0.12259615384615385 0.02403846153846154 0.02403846153846154
0 0.6009615384615385 0.3509615384615385 0.02403846153846154 0.02403846153846154
0 0.5552884615384616 0.19951923076923078 0.02403846153846154 0.02403846153846154
0 0.5360576923076923 0.15625 0.02403846153846154 0.02403846153846154
0 0.36778846153846156 0.32211538461538464 0.02403846153846154 0.02403846153846154
0 0.3870192307692308 0.4399038461538462 0.02403846153846154 0.02403846153846154
0 0.21634615384615385 0.5120192307692308 0.02403846153846154 0.02403846153846154
0 0.34134615384615385 0.4519230769230769 0.02403846153846154 0.02403846153846154
0 0.28125 0.8197115384615385 0.02403846153846154 0.02403846153846154
0 0.15865384615384617 0.9495192307692308 0.02403846153846154 0.02403846153846154
0 0.1466346153846154 0.764423076923077 0.02403846153846154 0.02403846153846154
0 0.3269230769230769 0.6274038461538461 0.02403846153846154 0.02403846153846154
0 0.08413461538461539 0.9014423076923077 0.02403846153846154 0.02403846153846154
0 0.7788461538461539 0.875 0.02403846153846154 0.02403846153846154
0 0.4495192307692308 0.9254807692307693 0.02403846153846154 0.02403846153846154
0 0.6923076923076923 0.9302884615384616 0.02403846153846154 0.02403846153846154
