0 0.2764423076923077 0.9663461538461539 0.02403846153846154 0.02403846153846154
0 0.40625 0.9639423076923077 0.02403846153846154 0.02403846153846154
0 0.47355769230769235 0.951923076923077 0.02403846153846154 0.02403846153846154
0 0.3004807692307693 0.9543269230769231 0.02403846153846154 0.02403846153846154
0 0.3245192307692308 0.9375 0.02403846153846154 0.02403846153846154
0 0.7860576923076924 0.9350961538461539 0.02403846153846154 0.02403846153846154
0 0.5432692307692308 0.9278846153846154 0.02403846153846154 0.02403846153846154
0 0.8028846153846154 0.9134615384615385 0.02403846153846154 0.02403846153846154
0 0.5600961538461539 0.8701923076923077 0.02403846153846154 0.02403846153846154
0 0.8317307692307693 0.8076923076923077 0.02403846153846154 0.02403846153846154
0 0.6466346153846154 0.7932692307692308 0.02403846153846154 0.02403846153846154
0 0.17307692307692307 0.7379807692307693 0.02403846153846154 0.02403846153846154
0 0.7572115384615385 0.6923076923076923 0.02403846153846154 0.02403846153846154
0 0.7884615384615385 0.670673076923077 0.02403846153846154 0.02403846153846154
0 0.7836538461538461 0.6442307692307693 0.02403846153846154 0.02403846153846154
0 0.6057692307692308 0.6346153846153847 0.02403846153846154 0.02403846153846154
0 0.09134615384615385 0.6129807692307693 0.02403846153846154 0.02403846153846154
0 0.6730769230769231 0.608173076923077 0.02403846153846154 0.02403846153846154
0 0.4086538461538462 0.608173076923077 0.02403846153846154 0.02403846153846154
0 0.6538461538461539 0.6033653846153847 0.02403846153846154 0.02403846153846154
0 0.46875 0.5096153846153847 0.02403846153846154 0.02403846153846154
0 0.2932692307692308 0.4951923076923077 0.02403846153846154 0.02403846153846154
0 0.06730769230769232 0.4182692307692308 0.02403846153846154 0.02403846153846154
0 0.6153846153846154 0.3942307692307693 0.02403846153846154 0.02403846153846154
0 0.5745192307692308 0.2091346153846154 0.02403846153846154 0.02403846153846154
0 0.8870192307692308 0.03365384615384616 0.02403846153846154 0.02403846153846154
0 0.5528846153846154 0.3293269230769231 0.02403846153846154 0.02403846153846154
0 0.6634615384615385 0.3509615384615385 0.02403846153846154 0.02403846153846154
0 0.7475961538461539 0.4567307692307693 0.02403846153846154 0.02403846153846154
0 0.4711538461538462 0.2620192307692308 0.02403846153846154 0.02403846153846154
0 0.4495192307692308 0.22355769230769232 0.02403846153846154 0.02403846153846154
0 0.6466346153846154 0.16105769230769232 0.02403846153846154 0.02403846153846154
0 0.3942307692307693 0.3894230769230769 0.02403846153846154 0.02403846153846154
0 0.34855769230769235 0.23798076923076925 0.02403846153846154 0.02403846153846154
0 0.3293269230769231 0.19471153846153846 0.02403846153846154 0.02403846153846154
0 0.16105769230769232 0.3605769230769231 0.02403846153846154 0.02403846153846154
0 0.18028846153846154 0.47836538461538464 0.02403846153846154 0.02403846153846154
0 0.13461538461538464 0.4903846153846154 0.02403846153846154 0.02403846153846154
0 0.07451923076923077 0.858173076923077 0.02403846153846154 0.02403846153846154
0 0.1201923076923077 0.6658653846153847 0.02403846153846154 0.02403846153846154
0 0.5721153846153847 0.9134615384615385 0.02403846153846154 0.02403846153846154
0 0.24278846153846156 0.9639423076923077 0.02403846153846154 0.02403846153846154
0 0.48557692307692313 0.96875 0.02403846153846154 0.02403846153846154
