0 0.5552884615384616 0.9639423076923077 0.02403846153846154 0.02403846153846154
0 0.4014423076923077 0.9639423076923077 0.02403846153846154 0.02403846153846154
0 0.375 0.9302884615384616 0.02403846153846154 0.02403846153846154
0 0.2620192307692308 0.9134615384615385 0.02403846153846154 0.02403846153846154
0 0.5576923076923077 0.8822115384615385 0.02403846153846154 0.02403846153846154
0 0.47355769230769235 0.8629807692307693 0.02403846153846154 0.02403846153846154
0 0.3605769230769231 0.8557692307692308 0.02403846153846154 0.02403846153846154
0 0.9158653846153847 0.8100961538461539 0.02403846153846154 0.02403846153846154
0 0.5817307692307693 0.8076923076923077 0.02403846153846154 0.02403846153846154
0 0.8942307692307693 0.7908653846153847 0.02403846153846154 0.02403846153846154
0 0.36778846153846156 0.7451923076923077 0.02403846153846154 0.02403846153846154
0 0.3197115384615385 0.7259615384615385 0.02403846153846154 0.02403846153846154
0 0.42307692307692313 0.6730769230769231 0.02403846153846154 0.02403846153846154
0 0.27884615384615385 0.6225961538461539 0.02403846153846154 0.02403846153846154
0 0.5432692307692308 0.5480769230769231 0.02403846153846154 0.02403846153846154
0 0.733173076923077 0.5240384615384616 0.02403846153846154 0.02403846153846154
0 0.5240384615384616 0.4879807692307693 0.02403846153846154 0.02403846153846154
0 0.23798076923076925 0.43509615384615385 0.02403846153846154 0.02403846153846154
0 0.3653846153846154 0.43509615384615385 0.02403846153846154 0.02403846153846154
0 0.7235576923076924 0.3942307692307693 0.02403846153846154 0.02403846153846154
0 0.46875 0.37980769230769235 0.02403846153846154 0.02403846153846154
0 0.05048076923076923 0.2884615384615385 0.02403846153846154 0.02403846153846154
0 0.6899038461538461 0.2644230769230769 0.02403846153846154 0.02403846153846154
0 0.3509615384615385 0.23317307692307693 0.02403846153846154 0.02403846153846154
0 0.7355769230769231 0.23076923076923078 0.02403846153846154 0.02403846153846154
0 0.4134615384615385 0.1778846153846154 0.02403846153846154 0.02403846153846154
0 0.10817307692307693 0.11057692307692309 0.02403846153846154 0.02403846153846154
0 0.5793269230769231 0.06009615384615385 0.02403846153846154 0.02403846153846154
0 0.14182692307692307 0.16346153846153846 0.02403846153846154 0.02403846153846154
