0 0.4014423076923077 0.9663461538461539 0.02403846153846154 0.02403846153846154
0 0.8413461538461539 0.9447115384615385 0.02403846153846154 0.02403846153846154
0 0.5817307692307693 0.9302884615384616 0.02403846153846154 0.02403846153846154
0 0.28365384615384615 0.8870192307692308 0.02403846153846154 0.02403846153846154
0 0.7524038461538461 0.8653846153846154 0.02403846153846154 0.02403846153846154
0 0.057692307692307696 0.8653846153846154 0.02403846153846154 0.02403846153846154
0 0.3894230769230769 0.858173076923077 0.02403846153846154 0.02403846153846154
0 0.17067307692307693 0.8317307692307693 0.02403846153846154 0.02403846153846154
0 0.18990384615384617 0.78125 0.02403846153846154 0.02403846153846154
0 0.20673076923076925 0.7524038461538461 0.02403846153846154 0.02403846153846154
0 0.7764423076923077 0.7259615384615385 0.02403846153846154 0.02403846153846154
0 0.34615384615384615 0.7235576923076924 0.02403846153846154 0.02403846153846154
0 0.31009615384615385 0.6586538461538461 0.02403846153846154 0.02403846153846154
0 0.15625 0.6586538461538461 0.02403846153846154 0.02403846153846154
0 0.12980769230769232 0.625 0.02403846153846154 0.02403846153846154
0 0.3125 0.576923076923077 0.02403846153846154 0.02403846153846154
0 0.22836538461538464 0.5576923076923077 0.02403846153846154 0.02403846153846154
0 0.11538461538461539 0.5504807692307693 0.02403846153846154 0.02403846153846154
0 0.670673076923077 0.5048076923076923 0.02403846153846154 0.02403846153846154
0 0.33653846153846156 0.5024038461538461 0.02403846153846154 0.02403846153846154
0 0.6490384615384616 0.48557692307692313 0.02403846153846154 0.02403846153846154
0 0.12259615384615385 0.4399038461538462 0.02403846153846154 0.02403846153846154
0 0.07451923076923077 0.4206730769230769 0.02403846153846154 0.02403846153846154
0 0.1778846153846154 0.36778846153846156 0.02403846153846154 0.02403846153846154
0 0.03365384615384616 0.31730769230769235 0.02403846153846154 0.02403846153846154
0 0.9350961538461539 0.24759615384615385 0.02403846153846154 0.02403846153846154
0 0.2980769230769231 0.24278846153846156 0.02403846153846154 0.02403846153846154
0 0.9134615384615385 0.2451923076923077 0.02403846153846154 0.02403846153846154
0 0.4879807692307693 0.21875 0.02403846153846154 0.02403846153846154
0 0.27884615384615385 0.1826923076923077 0.02403846153846154 0.02403846153846154
0 0.7451923076923077 0.13221153846153846 0.02403846153846154 0.02403846153846154
0 0.1201923076923077 0.12980769230769232 0.02403846153846154 0.02403846153846154
0 0.47836538461538464 0.0889423076923077 0.02403846153846154 0.02403846153846154
0 0.22355769230769232 0.07451923076923077 0.02403846153846154 0.02403846153846154
0 0.5240384615384616 0.8293269230769231 0.02403846153846154 0.02403846153846154
0 0.8774038461538463 0.6610576923076923 0.02403846153846154 0.02403846153846154
0 0.7427884615384616 0.9182692307692308 0.02403846153846154 0.02403846153846154
0 0.8221153846153847 0.25240384615384615 0.02403846153846154 0.02403846153846154
0 0.7884615384615385 0.49278846153846156 0.02403846153846154 0.02403846153846154
