0 0.6802884615384616 0.9663461538461539 0.02403846153846154 0.02403846153846154
0 0.3701923076923077 0.951923076923077 0.02403846153846154 0.02403846153846154
0 0.9302884615384616 0.9423076923076924 0.02403846153846154 0.02403846153846154
0 0.3293269230769231 0.9447115384615385 0.02403846153846154 0.02403846153846154
0 0.9711538461538463 0.9014423076923077 0.02403846153846154 0.02403846153846154
0 0.764423076923077 0.8990384615384616 0.02403846153846154 0.02403846153846154
0 0.8245192307692308 0.8942307692307693 0.02403846153846154 0.02403846153846154
0 0.4086538461538462 0.8846153846153847 0.02403846153846154 0.02403846153846154
0 0.22355769230769232 0.875 0.02403846153846154 0.02403846153846154
0 0.34615384615384615 0.858173076923077 0.02403846153846154 0.02403846153846154
0 0.875 0.8245192307692308 0.02403846153846154 0.02403846153846154
0 0.7596153846153847 0.8149038461538461 0.02403846153846154 0.02403846153846154
0 0.4519230769230769 0.8125 0.02403846153846154 0.02403846153846154
0 0.7403846153846154 0.7980769230769231 0.02403846153846154 0.02403846153846154
0 0.8197115384615385 0.7932692307692308 0.02403846153846154 0.02403846153846154
0 0.7692307692307693 0.7908653846153847 0.02403846153846154 0.02403846153846154
0 0.04567307692307693 0.7932692307692308 0.02403846153846154 0.02403846153846154
0 0.44711538461538464 0.7740384615384616 0.02403846153846154 0.02403846153846154
0 0.7620192307692308 0.7620192307692308 0.02403846153846154 0.02403846153846154
0 0.6274038461538461 0.7475961538461539 0.02403846153846154 0.02403846153846154
0 0.3822115384615385 0.7475961538461539 0.02403846153846154 0.02403846153846154
0 0.8317307692307693 0.7355769230769231 0.02403846153846154 0.02403846153846154
0 0.6057692307692308 0.7379807692307693 0.02403846153846154 0.02403846153846154
0 0.9134615384615385 0.733173076923077 0.02403846153846154 0.02403846153846154
0 0.96875 0.7259615384615385 0.02403846153846154 0.02403846153846154
0 0.7548076923076924 0.7139423076923077 0.02403846153846154 0.02403846153846154
0 0.9182692307692308 0.7115384615384616 0.02403846153846154 0.02403846153846154
0 0.8557692307692308 0.6490384615384616 0.02403846153846154 0.02403846153846154
0 0.6850961538461539 0.6201923076923077 0.02403846153846154 0.02403846153846154
0 0.5649038461538461 0.608173076923077 0.02403846153846154 0.02403846153846154
0 0.65625 0.608173076923077 0.02403846153846154 0.02403846153846154
0 0.7908653846153847 0.6033653846153847 0.02403846153846154 0.02403846153846154
0 0.545673076923077 0.5985576923076923 0.02403846153846154 0.02403846153846154
0 0.38461538461538464 0.5432692307692308 0.02403846153846154 0.02403846153846154
0 0.33653846153846156 0.5384615384615385 0.02403846153846154 0.02403846153846154
0 0.4639423076923077 0.5264423076923077 0.02403846153846154 0.02403846153846154
0 0.28125 0.5192307692307693 0.02403846153846154 0.02403846153846154
0 0.9639423076923077 0.5096153846153847 0.02403846153846154 0.02403846153846154
0 0.6538461538461539 0.4879807692307693 0.02403846153846154 0.02403846153846154
0 0.08413461538461539 0.4879807692307693 0.02403846153846154 0.02403846153846154
0 0.9230769230769231 0.46875 0.02403846153846154 0.02403846153846154
0 0.96875 0.4495192307692308 0.02403846153846154 0.02403846153846154
0 0.84375 0.43509615384615385 0.02403846153846154 0.02403846153846154
0 0.8100961538461539 0.3870192307692308 0.02403846153846154 0.02403846153846154
0 0.5504807692307693 0.34615384615384615 0.02403846153846154 0.02403846153846154
0 0.8533653846153847 0.32211538461538464 0.02403846153846154 0.02403846153846154
0 0.7115384615384616 0.3197115384615385 0.02403846153846154 0.02403846153846154
0 0.78125 0.3125 0.02403846153846154 0.02403846153846154
0 0.49759615384615385 0.2764423076923077 0.02403846153846154 0.02403846153846154
0 0.7740384615384616 0.2716346153846154 0.02403846153846154 0.02403846153846154
0 0.9567307692307693 0.2692307692307693 0.02403846153846154 0.02403846153846154
0 0.5985576923076923 0.2644230769230769 0.02403846153846154 0.02403846153846154
0 0.826923076923077 0.25240384615384615 0.02403846153846154 0.02403846153846154
0 0.4086538461538462 0.2355769230769231 0.02403846153846154 0.02403846153846154
0 0.3918269230769231 0.19471153846153846 0.02403846153846154 0.02403846153846154
0 0.9302884615384616 0.12980769230769232 0.02403846153846154 0.02403846153846154
0 0.858173076923077 0.11298076923076923 0.02403846153846154 0.02403846153846154
0 0.07932692307692309 0.09134615384615385 0.02403846153846154 0.02403846153846154
0 0.4278846153846154 0.06009615384615385 0.02403846153846154 0.02403846153846154
0 0.44230769230769235 0.13701923076923078 0.02403846153846154 0.02403846153846154
0 0.2692307692307693 0.17548076923076925 0.02403846153846154 0.02403846153846154
0 0.639423076923077 0.2355769230769231 0.02403846153846154 0.02403846153846154
0 0.2932692307692308 0.040865384615384616 0.02403846153846154 0.02403846153846154
0 0.9278846153846154 0.5360576923076923 0.02403846153846154 0.02403846153846154
0 0.27884615384615385 0.40625 0.02403846153846154 0.02403846153846154
0 0.25 0.5288461538461539 0.02403846153846154 0.02403846153846154
0 0.5793269230769231 0.5504807692307693 0.02403846153846154 0.02403846153846154
0 0.22836538461538464 0.5841346153846154 0.02403846153846154 0.02403846153846154
0 0.16105769230769232 0.6995192307692308 0.02403846153846154 0.02403846153846154
0 0.1466346153846154 0.7259615384615385 0.02403846153846154 0.02403846153846154
0 0.23076923076923078 0.8293269230769231 0.02403846153846154 0.02403846153846154
0 0.12740384615384617 0.9230769230769231 0.02403846153846154 0.02403846153846154
0 0.24759615384615385 0.9639423076923077 0.02403846153846154 0.02403846153846154
0 0.06009615384615385 0.7716346153846154 0.02403846153846154 0.02403846153846154
0 0.5168269230769231 0.78125 0.02403846153846154 0.02403846153846154
0 0.41586538461538464 0.8173076923076924 0.02403846153846154 0.02403846153846154
0 0.5528846153846154 0.8870192307692308 0.02403846153846154 0.02403846153846154
0 0.5745192307692308 0.920673076923077 0.02403846153846154 0.02403846153846154
0 0.7235576923076924 0.8918269230769231 0.02403846153846154 0.02403846153846154
0 0.8677884615384616 0.7379807692307693 0.02403846153846154 0.02403846153846154
