0 0.17548076923076925 0.9399038461538463 0.02403846153846154 0.02403846153846154
0 0.7692307692307693 0.8870192307692308 0.02403846153846154 0.02403846153846154
0 0.3341346153846154 0.8798076923076924 0.02403846153846154 0.02403846153846154
0 0.5745192307692308 0.8293269230769231 0.02403846153846154 0.02403846153846154
0 0.3028846153846154 0.7211538461538461 0.02403846153846154 0.02403846153846154
0 0.8629807692307693 0.6754807692307693 0.02403846153846154 0.02403846153846154
0 0.8509615384615385 0.6177884615384616 0.02403846153846154 0.02403846153846154
0 0.36778846153846156 0.6153846153846154 0.02403846153846154 0.02403846153846154
0 0.920673076923077 0.5721153846153847 0.02403846153846154 0.02403846153846154
0 0.7211538461538461 0.5721153846153847 0.02403846153846154 0.02403846153846154
0 0.8990384615384616 0.53125 0.02403846153846154 0.02403846153846154
0 0.18509615384615385 0.5192307692307693 0.02403846153846154 0.02403846153846154
0 0.5480769230769231 0.41586538461538464 0.02403846153846154 0.02403846153846154
0 0.3581730769230769 0.9302884615384616 0.02403846153846154 0.02403846153846154
0 0.2139423076923077 0.8725961538461539 0.02403846153846154 0.02403846153846154
0 0.2956730769230769 0.9038461538461539 0.02403846153846154 0.02403846153846154
0 0.3293269230769231 0.84375 0.02403846153846154 0.02403846153846154
0 0.40384615384615385 0.7932692307692308 0.02403846153846154 0.02403846153846154
0 0.5432692307692308 0.7860576923076924 0.02403846153846154 0.02403846153846154
0 0.6490384615384616 0.764423076923077 0.02403846153846154 0.02403846153846154
0 0.7427884615384616 0.8052884615384616 0.02403846153846154 0.02403846153846154
0 0.8413461538461539 0.8509615384615385 0.02403846153846154 0.02403846153846154
0 0.15384615384615385 0.9639423076923077 0.02403846153846154 0.02403846153846154
0 0.10096153846153846 0.6995192307692308 0.02403846153846154 0.02403846153846154
0 0.04567307692307693 0.5048076923076923 0.02403846153846154 0.02403846153846154
0 0.5480769230769231 0.31730769230769235 0.02403846153846154 0.02403846153846154
0 0.6586538461538461 0.03365384615384616 0.02403846153846154 0.02403846153846154
