0 0.5649038461538461 0.9567307692307693 0.02403846153846154 0.02403846153846154
0 0.12980769230769232 0.9495192307692308 0.02403846153846154 0.02403846153846154
0 0.8317307692307693 0.9302884615384616 0.02403846153846154 0.02403846153846154
0 0.8076923076923077 0.9086538461538463 0.02403846153846154 0.02403846153846154
0 0.3701923076923077 0.8990384615384616 0.02403846153846154 0.02403846153846154
0 0.09855769230769232 0.7908653846153847 0.02403846153846154 0.02403846153846154
0 0.6586538461538461 0.7451923076923077 0.02403846153846154 0.02403846153846154
0 0.7884615384615385 0.7427884615384616 0.02403846153846154 0.02403846153846154
0 0.6466346153846154 0.6875 0.02403846153846154 0.02403846153846154
0 0.16346153846153846 0.6850961538461539 0.02403846153846154 0.02403846153846154
0 0.7163461538461539 0.6418269230769231 0.02403846153846154 0.02403846153846154
0 0.5168269230769231 0.6418269230769231 0.02403846153846154 0.02403846153846154
0 0.6947115384615385 0.6009615384615385 0.02403846153846154 0.02403846153846154
0 0.34375 0.48557692307692313 0.02403846153846154 0.02403846153846154
0 0.8677884615384616 0.34134615384615385 0.02403846153846154 0.02403846153846154
0 0.8846153846153847 0.25480769230769235 0.02403846153846154 0.02403846153846154
0 0.875 0.11778846153846155 0.02403846153846154 0.02403846153846154
0 0.7548076923076924 0.0889423076923077 0.02403846153846154 0.02403846153846154
0 0.125 0.9134615384615385 0.02403846153846154 0.02403846153846154
0 0.19951923076923078 0.8629807692307693 0.02403846153846154 0.02403846153846154
0 0.3389423076923077 0.8557692307692308 0.02403846153846154 0.02403846153846154
0 0.4447115384615385 0.8341346153846154 0.02403846153846154 0.02403846153846154
0 0.5384615384615385 0.875 0.02403846153846154 0.02403846153846154
0 0.6370192307692308 0.920673076923077 0.02403846153846154 0.02403846153846154
0 0.34375 0.3870192307692308 0.02403846153846154 0.02403846153846154
0 0.45432692307692313 0.10336538461538462 0.02403846153846154 0.02403846153846154
0 0.8365384615384616 0.8509615384615385 0.02403846153846154 0.02403846153846154
0 0.8533653846153847 0.2355769230769231 0.02403846153846154 0.02403846153846154
