0 0.8605769230769231 0.9663461538461539 0.02403846153846154 0.02403846153846154
0 0.6274038461538461 0.9495192307692308 0.02403846153846154 0.02403846153846154
0 0.34375 0.9495192307692308 0.02403846153846154 0.02403846153846154
0 0.8990384615384616 0.9495192307692308 0.02403846153846154 0.02403846153846154
0 0.13701923076923078 0.9471153846153847 0.02403846153846154 0.02403846153846154
0 0.19711538461538464 0.9423076923076924 0.02403846153846154 0.02403846153846154
0 0.3557692307692308 0.9158653846153847 0.02403846153846154 0.02403846153846154
0 0.8870192307692308 0.9158653846153847 0.02403846153846154 0.02403846153846154
0 0.7860576923076924 0.9110576923076924 0.02403846153846154 0.02403846153846154
0 0.6346153846153847 0.8966346153846154 0.02403846153846154 0.02403846153846154
0 0.7259615384615385 0.875 0.02403846153846154 0.02403846153846154
0 0.24759615384615385 0.8725961538461539 0.02403846153846154 0.02403846153846154
0 0.13221153846153846 0.8629807692307693 0.02403846153846154 0.02403846153846154
0 0.5528846153846154 0.8605769230769231 0.02403846153846154 0.02403846153846154
0 0.8317307692307693 0.8605769230769231 0.02403846153846154 0.02403846153846154
0 0.11298076923076923 0.8461538461538463 0.02403846153846154 0.02403846153846154
0 0.19230769230769232 0.8413461538461539 0.02403846153846154 0.02403846153846154
0 0.14182692307692307 0.8389423076923077 0.02403846153846154 0.02403846153846154
0 0.8774038461538463 0.8365384615384616 0.02403846153846154 0.02403846153846154
0 0.7764423076923077 0.8365384615384616 0.02403846153846154 0.02403846153846154
0 0.49278846153846156 0.8293269230769231 0.02403846153846154 0.02403846153846154
0 0.8774038461538463 0.8149038461538461 0.02403846153846154 0.02403846153846154
0 0.7668269230769231 0.8149038461538461 0.02403846153846154 0.02403846153846154
0 0.13461538461538464 0.8100961538461539 0.02403846153846154 0.02403846153846154
0 0.5697115384615385 0.7980769230769231 0.02403846153846154 0.02403846153846154
0 0.2043269230769231 0.7836538461538461 0.02403846153846154 0.02403846153846154
0 0.6201923076923077 0.7836538461538461 0.02403846153846154 0.02403846153846154
0 0.28605769230769235 0.78125 0.02403846153846154 0.02403846153846154
0 0.3918269230769231 0.7764423076923077 0.02403846153846154 0.02403846153846154
0 0.34134615384615385 0.7740384615384616 0.02403846153846154 0.02403846153846154
0 0.12740384615384617 0.7620192307692308 0.02403846153846154 0.02403846153846154
0 0.29086538461538464 0.7596153846153847 0.02403846153846154 0.02403846153846154
0 0.5528846153846154 0.7596153846153847 0.02403846153846154 0.02403846153846154
0 0.7235576923076924 0.7475961538461539 0.02403846153846154 0.02403846153846154
0 0.5216346153846154 0.7427884615384616 0.02403846153846154 0.02403846153846154
0 0.5913461538461539 0.7379807692307693 0.02403846153846154 0.02403846153846154
0 0.3942307692307693 0.7235576923076924 0.02403846153846154 0.02403846153846154
0 0.9086538461538463 0.7091346153846154 0.02403846153846154 0.02403846153846154
0 0.3822115384615385 0.7091346153846154 0.02403846153846154 0.02403846153846154
0 0.8701923076923077 0.7067307692307693 0.02403846153846154 0.02403846153846154
0 0.5865384615384616 0.701923076923077 0.02403846153846154 0.02403846153846154
0 0.22836538461538464 0.6971153846153847 0.02403846153846154 0.02403846153846154
0 0.36778846153846156 0.6923076923076923 0.02403846153846154 0.02403846153846154
0 0.5384615384615385 0.6899038461538461 0.02403846153846154 0.02403846153846154
0 0.057692307692307696 0.6682692307692308 0.02403846153846154 0.02403846153846154
0 0.028846153846153848 0.65625 0.02403846153846154 0.02403846153846154
0 0.16346153846153846 0.6514423076923077 0.02403846153846154 0.02403846153846154
0 0.5649038461538461 0.639423076923077 0.02403846153846154 0.02403846153846154
0 0.7716346153846154 0.6298076923076923 0.02403846153846154 0.02403846153846154
0 0.920673076923077 0.6129807692307693 0.02403846153846154 0.02403846153846154
0 0.40384615384615385 0.608173076923077 0.02403846153846154 0.02403846153846154
0 0.8485576923076924 0.5721153846153847 0.02403846153846154 0.02403846153846154
0 0.33653846153846156 0.5576923076923077 0.02403846153846154 0.02403846153846154
0 0.576923076923077 0.5552884615384616 0.02403846153846154 0.02403846153846154
0 0.026442307692307696 0.5360576923076923 0.02403846153846154 0.02403846153846154
0 0.2956730769230769 0.5168269230769231 0.02403846153846154 0.02403846153846154
0 0.6658653846153847 0.5048076923076923 0.02403846153846154 0.02403846153846154
0 0.6875 0.49759615384615385 0.02403846153846154 0.02403846153846154
0 0.34134615384615385 0.49759615384615385 0.02403846153846154 0.02403846153846154
0 0.21634615384615385 0.4831730769230769 0.02403846153846154 0.02403846153846154
0 0.8774038461538463 0.4807692307692308 0.02403846153846154 0.02403846153846154
0 0.6153846153846154 0.4759615384615385 0.02403846153846154 0.02403846153846154
0 0.44711538461538464 0.46875 0.02403846153846154 0.02403846153846154
0 0.7836538461538461 0.4519230769230769 0.02403846153846154 0.02403846153846154
0 0.5793269230769231 0.44711538461538464 0.02403846153846154 0.02403846153846154
0 0.65625 0.4399038461538462 0.02403846153846154 0.02403846153846154
0 0.1826923076923077 0.43509615384615385 0.02403846153846154 0.02403846153846154
0 0.7379807692307693 0.40625 0.02403846153846154 0.02403846153846154
0 0.7668269230769231 0.4014423076923077 0.02403846153846154 0.02403846153846154
0 0.9302884615384616 0.3966346153846154 0.02403846153846154 0.02403846153846154
0 0.47836538461538464 0.3870192307692308 0.02403846153846154 0.02403846153846154
0 0.8509615384615385 0.3774038461538462 0.02403846153846154 0.02403846153846154
0 0.22596153846153846 0.3701923076923077 0.02403846153846154 0.02403846153846154
0 0.08413461538461539 0.36778846153846156 0.02403846153846154 0.02403846153846154
0 0.15384615384615385 0.3605769230769231 0.02403846153846154 0.02403846153846154
0 0.8557692307692308 0.3317307692307693 0.02403846153846154 0.02403846153846154
0 0.1466346153846154 0.3197115384615385 0.02403846153846154 0.02403846153846154
0 0.8485576923076924 0.31730769230769235 0.02403846153846154 0.02403846153846154
0 0.3293269230769231 0.31730769230769235 0.02403846153846154 0.02403846153846154
0 0.19951923076923078 0.3004807692307693 0.02403846153846154 0.02403846153846154
0 0.5096153846153847 0.27403846153846156 0.02403846153846154 0.02403846153846154
0 0.764423076923077 0.2692307692307693 0.02403846153846154 0.02403846153846154
0 0.576923076923077 0.2620192307692308 0.02403846153846154 0.02403846153846154
0 0.53125 0.2620192307692308 0.02403846153846154 0.02403846153846154
0 0.3822115384615385 0.24278846153846156 0.02403846153846154 0.02403846153846154
0 0.8149038461538461 0.2355769230769231 0.02403846153846154 0.02403846153846154
0 0.40625 0.23798076923076925 0.02403846153846154 0.02403846153846154
0 0.9399038461538463 0.22836538461538464 0.02403846153846154 0.02403846153846154
0 0.6153846153846154 0.20192307692307693 0.02403846153846154 0.02403846153846154
0 0.42307692307692313 0.1875 0.02403846153846154 0.02403846153846154
0 0.3028846153846154 0.1778846153846154 0.02403846153846154 0.02403846153846154
0 0.8557692307692308 0.17307692307692307 0.02403846153846154 0.02403846153846154
0 0.23076923076923078 0.16105769230769232 0.02403846153846154 0.02403846153846154
0 0.8533653846153847 0.03605769230769231 0.02403846153846154 0.02403846153846154
0 0.36778846153846156 0.639423076923077 0.02403846153846154 0.02403846153846154
0 0.3004807692307693 0.5841346153846154 0.02403846153846154 0.02403846153846154
0 0.44230769230769235 0.3870192307692308 0.02403846153846154 0.02403846153846154
0 0.6682692307692308 0.2355769230769231 0.02403846153846154 0.02403846153846154
0 0.09615384615384616 0.9399038461538463 0.02403846153846154 0.02403846153846154
0 0.5240384615384616 0.5480769230769231 0.02403846153846154 0.02403846153846154
0 0.2403846153846154 0.7860576923076924 0.02403846153846154 0.02403846153846154
0 0.3653846153846154 0.9471153846153847 0.02403846153846154 0.02403846153846154
0 0.9375 0.9230769230769231 0.02403846153846154 0.02403846153846154
