0 0.7235576923076924 0.9663461538461539 0.02403846153846154 0.02403846153846154
0 0.2956730769230769 0.920673076923077 0.02403846153846154 0.02403846153846154
0 0.3653846153846154 0.8942307692307693 0.02403846153846154 0.02403846153846154
0 0.37259615384615385 0.8605769230769231 0.02403846153846154 0.02403846153846154
0 0.4879807692307693 0.8461538461538463 0.02403846153846154 0.02403846153846154
0 0.3774038461538462 0.8197115384615385 0.02403846153846154 0.02403846153846154
0 0.5432692307692308 0.8173076923076924 0.02403846153846154 0.02403846153846154
0 0.920673076923077 0.7932692307692308 0.02403846153846154 0.02403846153846154
0 0.42307692307692313 0.7379807692307693 0.02403846153846154 0.02403846153846154
0 0.5 0.7307692307692308 0.02403846153846154 0.02403846153846154
0 0.46634615384615385 0.6826923076923077 0.02403846153846154 0.02403846153846154
0 0.59375 0.6634615384615385 0.02403846153846154 0.02403846153846154
0 0.46153846153846156 0.5625 0.02403846153846154 0.02403846153846154
0 0.4807692307692308 0.5576923076923077 0.02403846153846154 0.02403846153846154
0 0.5985576923076923 0.5096153846153847 0.02403846153846154 0.02403846153846154
0 0.3605769230769231 0.4759615384615385 0.02403846153846154 0.02403846153846154
0 0.2451923076923077 0.46634615384615385 0.02403846153846154 0.02403846153846154
0 0.7620192307692308 0.4495192307692308 0.02403846153846154 0.02403846153846154
0 0.16826923076923078 0.4447115384615385 0.02403846153846154 0.02403846153846154
0 0.5240384615384616 0.43028846153846156 0.02403846153846154 0.02403846153846154
0 0.7403846153846154 0.42307692307692313 0.02403846153846154 0.02403846153846154
0 0.28365384615384615 0.41586538461538464 0.02403846153846154 0.02403846153846154
0 0.25961538461538464 0.2980769230769231 0.02403846153846154 0.02403846153846154
0 0.2932692307692308 0.25480769230769235 0.02403846153846154 0.02403846153846154
0 0.16346153846153846 0.25240384615384615 0.02403846153846154 0.02403846153846154
0 0.13221153846153846 0.21634615384615385 0.02403846153846154 0.02403846153846154
0 0.5048076923076923 0.19711538461538464 0.02403846153846154 0.02403846153846154
0 0.30528846153846156 0.09855769230769232 0.02403846153846154 0.02403846153846154
0 0.7548076923076924 0.07932692307692309 0.02403846153846154 0.02403846153846154
0 0.23317307692307693 0.8846153846153847 0.02403846153846154 0.02403846153846154
0 0.18509615384615385 0.858173076923077 0.02403846153846154 0.02403846153846154
0 0.7596153846153847 0.8942307692307693 0.02403846153846154 0.02403846153846154
0 0.6947115384615385 0.9254807692307693 0.02403846153846154 0.02403846153846154
0 0.6177884615384616 0.7836538461538461 0.02403846153846154 0.02403846153846154
0 0.10096153846153846 0.4903846153846154 0.02403846153846154 0.02403846153846154
0 0.8605769230769231 0.5384615384615385 0.02403846153846154 0.02403846153846154
