0 0.7307692307692308 0.96875 0.02403846153846154 0.02403846153846154
0 0.40625 0.9423076923076924 0.02403846153846154 0.02403846153846154
0 0.2139423076923077 0.9278846153846154 0.02403846153846154 0.02403846153846154
0 0.09375 0.9182692307692308 0.02403846153846154 0.02403846153846154
0 0.6466346153846154 0.9134615384615385 0.02403846153846154 0.02403846153846154
0 0.795673076923077 0.8966346153846154 0.02403846153846154 0.02403846153846154
0 0.9254807692307693 0.8004807692307693 0.02403846153846154 0.02403846153846154
0 0.6442307692307693 0.7764423076923077 0.02403846153846154 0.02403846153846154
0 0.8028846153846154 0.7716346153846154 0.02403846153846154 0.02403846153846154
0 0.07211538461538462 0.7524038461538461 0.02403846153846154 0.02403846153846154
0 0.3389423076923077 0.7259615384615385 0.02403846153846154 0.02403846153846154
0 0.7860576923076924 0.7115384615384616 0.02403846153846154 0.02403846153846154
0 0.31490384615384615 0.7043269230769231 0.02403846153846154 0.02403846153846154
0 0.8557692307692308 0.6850961538461539 0.02403846153846154 0.02403846153846154
0 0.49278846153846156 0.6850961538461539 0.02403846153846154 0.02403846153846154
0 0.8629807692307693 0.6514423076923077 0.02403846153846154 0.02403846153846154
0 0.8677884615384616 0.6105769230769231 0.02403846153846154 0.02403846153846154
0 0.16586538461538464 0.5408653846153847 0.02403846153846154 0.02403846153846154
0 0.2956730769230769 0.5384615384615385 0.02403846153846154 0.02403846153846154
0 0.9134615384615385 0.5288461538461539 0.02403846153846154 0.02403846153846154
0 0.15384615384615385 0.4831730769230769 0.02403846153846154 0.02403846153846154
0 0.9567307692307693 0.47355769230769235 0.02403846153846154 0.02403846153846154
0 0.22355769230769232 0.4375 0.02403846153846154 0.02403846153846154
0 0.02403846153846154 0.4375 0.02403846153846154 0.02403846153846154
0 0.20192307692307693 0.3966346153846154 0.02403846153846154 0.02403846153846154
0 0.951923076923077 0.35336538461538464 0.02403846153846154 0.02403846153846154
0 0.9711538461538463 0.34855769230769235 0.02403846153846154 0.02403846153846154
0 0.8509615384615385 0.2668269230769231 0.02403846153846154 0.02403846153846154
0 0.7355769230769231 0.2572115384615385 0.02403846153846154 0.02403846153846154
0 0.6586538461538461 0.2355769230769231 0.02403846153846154 0.02403846153846154
0 0.7740384615384616 0.20673076923076925 0.02403846153846154 0.02403846153846154
0 0.375 0.13701923076923078 0.02403846153846154 0.02403846153846154
0 0.75 0.0889423076923077 0.02403846153846154 0.02403846153846154
0 0.3918269230769231 0.05048076923076923 0.02403846153846154 0.02403846153846154
0 0.7836538461538461 0.04567307692307693 0.02403846153846154 0.02403846153846154
0 0.6538461538461539 0.04326923076923077 0.02403846153846154 0.02403846153846154
0 0.04567307692307693 0.670673076923077 0.02403846153846154 0.02403846153846154
0 0.14423076923076925 0.7163461538461539 0.02403846153846154 0.02403846153846154
0 0.7235576923076924 0.6754807692307693 0.02403846153846154 0.02403846153846154
0 0.6754807692307693 0.6490384615384616 0.02403846153846154 0.02403846153846154
0 0.34375 0.6466346153846154 0.02403846153846154 0.02403846153846154
0 0.9278846153846154 0.8533653846153847 0.02403846153846154 0.02403846153846154
0 0.5913461538461539 0.28125 0.02403846153846154 0.02403846153846154
0 0.3605769230769231 0.03125 0.02403846153846154 0.02403846153846154
