0 0.42307692307692313 0.9663461538461539 0.02403846153846154 0.02403846153846154
0 0.5504807692307693 0.9471153846153847 0.02403846153846154 0.02403846153846154
0 0.4182692307692308 0.8461538461538463 0.02403846153846154 0.02403846153846154
0 0.4375 0.8413461538461539 0.02403846153846154 0.02403846153846154
0 0.5552884615384616 0.7932692307692308 0.02403846153846154 0.02403846153846154
0 0.31730769230769235 0.7596153846153847 0.02403846153846154 0.02403846153846154
0 0.20192307692307693 0.75 0.02403846153846154 0.02403846153846154
0 0.9639423076923077 0.7475961538461539 0.02403846153846154 0.02403846153846154
0 0.71875 0.733173076923077 0.02403846153846154 0.02403846153846154
0 0.125 0.7283653846153847 0.02403846153846154 0.02403846153846154
0 0.4807692307692308 0.7139423076923077 0.02403846153846154 0.02403846153846154
0 0.6971153846153847 0.7067307692307693 0.02403846153846154 0.02403846153846154
0 0.2403846153846154 0.6995192307692308 0.02403846153846154 0.02403846153846154
0 0.21634615384615385 0.5817307692307693 0.02403846153846154 0.02403846153846154
0 0.25 0.5384615384615385 0.02403846153846154 0.02403846153846154
0 0.1201923076923077 0.5360576923076923 0.02403846153846154 0.02403846153846154
0 0.0889423076923077 0.5 0.02403846153846154 0.02403846153846154
0 0.46153846153846156 0.4807692307692308 0.02403846153846154 0.02403846153846154
0 0.2620192307692308 0.3822115384615385 0.02403846153846154 0.02403846153846154
0 0.7115384615384616 0.3629807692307693 0.02403846153846154 0.02403846153846154
0 0.4639423076923077 0.19711538461538464 0.02403846153846154 0.02403846153846154
0 0.8509615384615385 0.15625 0.02403846153846154 0.02403846153846154
0 0.6153846153846154 0.11778846153846155 0.02403846153846154 0.02403846153846154
0 0.8822115384615385 0.10576923076923078 0.02403846153846154 0.02403846153846154
0 0.6995192307692308 0.07451923076923077 0.02403846153846154 0.02403846153846154
0 0.8245192307692308 0.03125 0.02403846153846154 0.02403846153846154
0 0.057692307692307696 0.7740384615384616 0.02403846153846154 0.02403846153846154
0 0.4951923076923077 0.2139423076923077 0.02403846153846154 0.02403846153846154
0 0.8173076923076924 0.8221153846153847 0.02403846153846154 0.02403846153846154
