0 0.6274038461538461 0.9254807692307693 0.02403846153846154 0.02403846153846154
0 0.2692307692307693 0.8870192307692308 0.02403846153846154 0.02403846153846154
0 0.6610576923076923 0.8822115384615385 0.02403846153846154 0.02403846153846154
0 0.53125 0.8798076923076924 0.02403846153846154 0.02403846153846154
0 0.5 0.84375 0.02403846153846154 0.02403846153846154
0 0.8725961538461539 0.8245192307692308 0.02403846153846154 0.02403846153846154
0 0.25961538461538464 0.75 0.02403846153846154 0.02403846153846154
0 0.6730769230769231 0.7259615384615385 0.02403846153846154 0.02403846153846154
0 0.13942307692307693 0.7211538461538461 0.02403846153846154 0.02403846153846154
0 0.875 0.5408653846153847 0.02403846153846154 0.02403846153846154
0 0.8389423076923077 0.34134615384615385 0.02403846153846154 0.02403846153846154
0 0.9086538461538463 0.2884615384615385 0.02403846153846154 0.02403846153846154
0 0.576923076923077 0.04326923076923077 0.02403846153846154 0.02403846153846154
0 0.90625 0.5576923076923077 0.02403846153846154 0.02403846153846154
0 0.6033653846153847 0.13942307692307693 0.02403846153846154 0.02403846153846154
0 0.5649038461538461 0.11538461538461539 0.02403846153846154 0.02403846153846154
0 0.28605769230769235 0.3269230769230769 0.02403846153846154 0.02403846153846154
0 0.23798076923076925 0.8677884615384616 0.02403846153846154 0.02403846153846154
