0 0.38461538461538464 0.9639423076923077 0.02403846153846154 0.02403846153846154
0 0.7427884615384616 0.9567307692307693 0.02403846153846154 0.02403846153846154
0 0.17548076923076925 0.9615384615384616 0.02403846153846154 0.02403846153846154
0 0.27884615384615385 0.951923076923077 0.02403846153846154 0.02403846153846154
0 0.08413461538461539 0.9086538461538463 0.02403846153846154 0.02403846153846154
0 0.14182692307692307 0.8990384615384616 0.02403846153846154 0.02403846153846154
0 0.46153846153846156 0.8798076923076924 0.02403846153846154 0.02403846153846154
0 0.30528846153846156 0.875 0.02403846153846154 0.02403846153846154
0 0.05048076923076923 0.8701923076923077 0.02403846153846154 0.02403846153846154
0 0.028846153846153848 0.8341346153846154 0.02403846153846154 0.02403846153846154
0 0.5360576923076923 0.8317307692307693 0.02403846153846154 0.02403846153846154
0 0.7139423076923077 0.8245192307692308 0.02403846153846154 0.02403846153846154
0 0.34615384615384615 0.8149038461538461 0.02403846153846154 0.02403846153846154
0 0.7235576923076924 0.8100961538461539 0.02403846153846154 0.02403846153846154
0 0.3341346153846154 0.71875 0.02403846153846154 0.02403846153846154
0 0.16105769230769232 0.7139423076923077 0.02403846153846154 0.02403846153846154
0 0.125 0.7091346153846154 0.02403846153846154 0.02403846153846154
0 0.18509615384615385 0.6995192307692308 0.02403846153846154 0.02403846153846154
0 0.18509615384615385 0.6201923076923077 0.02403846153846154 0.02403846153846154
0 0.23076923076923078 0.5985576923076923 0.02403846153846154 0.02403846153846154
0 0.038461538461538464 0.59375 0.02403846153846154 0.02403846153846154
0 0.18509615384615385 0.5576923076923077 0.02403846153846154 0.02403846153846154
0 0.4182692307692308 0.5552884615384616 0.02403846153846154 0.02403846153846154
0 0.3028846153846154 0.5288461538461539 0.02403846153846154 0.02403846153846154
0 0.4831730769230769 0.5048076923076923 0.02403846153846154 0.02403846153846154
0 0.05048076923076923 0.49759615384615385 0.02403846153846154 0.02403846153846154
0 0.5288461538461539 0.47355769230769235 0.02403846153846154 0.02403846153846154
0 0.28365384615384615 0.4567307692307693 0.02403846153846154 0.02403846153846154
0 0.13942307692307693 0.4086538461538462 0.02403846153846154 0.02403846153846154
0 0.11057692307692309 0.39903846153846156 0.02403846153846154 0.02403846153846154
0 0.2884615384615385 0.34375 0.02403846153846154 0.02403846153846154
0 0.20192307692307693 0.34134615384615385 0.02403846153846154 0.02403846153846154
0 0.06009615384615385 0.28125 0.02403846153846154 0.02403846153846154
0 0.2668269230769231 0.25961538461538464 0.02403846153846154 0.02403846153846154
0 0.4903846153846154 0.25240384615384615 0.02403846153846154 0.02403846153846154
0 0.764423076923077 0.20192307692307693 0.02403846153846154 0.02403846153846154
0 0.375 0.18028846153846154 0.02403846153846154 0.02403846153846154
0 0.5168269230769231 0.15865384615384617 0.02403846153846154 0.02403846153846154
0 0.25 0.1514423076923077 0.02403846153846154 0.02403846153846154
0 0.22355769230769232 0.12980769230769232 0.02403846153846154 0.02403846153846154
0 0.06971153846153846 0.11298076923076923 0.02403846153846154 0.02403846153846154
0 0.49278846153846156 0.08413461538461539 0.02403846153846154 0.02403846153846154
0 0.31490384615384615 0.07211538461538462 0.02403846153846154 0.02403846153846154
0 0.13461538461538464 0.040865384615384616 0.02403846153846154 0.02403846153846154
0 0.8341346153846154 0.03125 0.02403846153846154 0.02403846153846154
0 0.6730769230769231 0.4278846153846154 0.02403846153846154 0.02403846153846154
0 0.7836538461538461 0.37259615384615385 0.02403846153846154 0.02403846153846154
0 0.6538461538461539 0.2980769230769231 0.02403846153846154 0.02403846153846154
0 0.5576923076923077 0.3389423076923077 0.02403846153846154 0.02403846153846154
0 0.5048076923076923 0.375 0.02403846153846154 0.02403846153846154
0 0.5336538461538461 0.5408653846153847 0.02403846153846154 0.02403846153846154
0 0.6490384615384616 0.5072115384615384 0.02403846153846154 0.02403846153846154
0 0.5408653846153847 0.6466346153846154 0.02403846153846154 0.02403846153846154
0 0.7716346153846154 0.7067307692307693 0.02403846153846154 0.02403846153846154
0 0.16346153846153846 0.4591346153846154 0.02403846153846154 0.02403846153846154
0 0.36778846153846156 0.4519230769230769 0.02403846153846154 0.02403846153846154
0 0.18028846153846154 0.795673076923077 0.02403846153846154 0.02403846153846154
0 0.8846153846153847 0.8725961538461539 0.02403846153846154 0.02403846153846154
0 0.6225961538461539 0.13461538461538464 0.02403846153846154 0.02403846153846154
0 0.5504807692307693 0.11538461538461539 0.02403846153846154 0.02403846153846154
0 0.06730769230769232 0.8076923076923077 0.02403846153846154 0.02403846153846154
0 0.026442307692307696 0.9230769230769231 0.02403846153846154 0.02403846153846154
0 0.9423076923076924 0.6658653846153847 0.02403846153846154 0.02403846153846154
0 0.7427884615384616 0.1466346153846154 0.02403846153846154 0.02403846153846154
