0 0.5889423076923077 0.9350961538461539 0.02403846153846154 0.02403846153846154
0 0.3293269230769231 0.9134615384615385 0.02403846153846154 0.02403846153846154
0 0.8942307692307693 0.9086538461538463 0.02403846153846154 0.02403846153846154
0 0.2956730769230769 0.8653846153846154 0.02403846153846154 0.02403846153846154
0 0.4254807692307693 0.8461538461538463 0.02403846153846154 0.02403846153846154
0 0.9447115384615385 0.8389423076923077 0.02403846153846154 0.02403846153846154
0 0.29086538461538464 0.7451923076923077 0.02403846153846154 0.02403846153846154
0 0.4278846153846154 0.6923076923076923 0.02403846153846154 0.02403846153846154
0 0.16346153846153846 0.6586538461538461 0.02403846153846154 0.02403846153846154
0 0.07451923076923077 0.6490384615384616 0.02403846153846154 0.02403846153846154
0 0.8365384615384616 0.6466346153846154 0.02403846153846154 0.02403846153846154
0 0.5913461538461539 0.6322115384615385 0.02403846153846154 0.02403846153846154
0 0.35336538461538464 0.6153846153846154 0.02403846153846154 0.02403846153846154
0 0.5697115384615385 0.6057692307692308 0.02403846153846154 0.02403846153846154
0 0.09615384615384616 0.4903846153846154 0.02403846153846154 0.02403846153846154
0 0.12259615384615385 0.43509615384615385 0.02403846153846154 0.02403846153846154
0 0.3341346153846154 0.37980769230769235 0.02403846153846154 0.02403846153846154
0 0.13461538461538464 0.28125 0.02403846153846154 0.02403846153846154
0 0.5865384615384616 0.2620192307692308 0.02403846153846154 0.02403846153846154
0 0.3822115384615385 0.11778846153846155 0.02403846153846154 0.02403846153846154
0 0.33653846153846156 0.09375 0.02403846153846154 0.02403846153846154
0 0.5264423076923077 0.06490384615384616 0.02403846153846154 0.02403846153846154
0 0.7235576923076924 0.05528846153846154 0.02403846153846154 0.02403846153846154
0 0.7788461538461539 0.8725961538461539 0.02403846153846154 0.02403846153846154
