0 0.5360576923076923 0.9447115384615385 0.02403846153846154 0.02403846153846154
0 0.5625 0.9399038461538463 0.02403846153846154 0.02403846153846154
0 0.7259615384615385 0.9350961538461539 0.02403846153846154 0.02403846153846154
0 0.23798076923076925 0.9302884615384616 0.02403846153846154 0.02403846153846154
0 0.2716346153846154 0.9254807692307693 0.02403846153846154 0.02403846153846154
0 0.6490384615384616 0.9182692307692308 0.02403846153846154 0.02403846153846154
0 0.6514423076923077 0.8701923076923077 0.02403846153846154 0.02403846153846154
0 0.6442307692307693 0.858173076923077 0.02403846153846154 0.02403846153846154
0 0.12740384615384617 0.8557692307692308 0.02403846153846154 0.02403846153846154
0 0.858173076923077 0.8509615384615385 0.02403846153846154 0.02403846153846154
0 0.30528846153846156 0.8125 0.02403846153846154 0.02403846153846154
0 0.5600961538461539 0.8076923076923077 0.02403846153846154 0.02403846153846154
0 0.9158653846153847 0.8076923076923077 0.02403846153846154 0.02403846153846154
0 0.3269230769230769 0.8004807692307693 0.02403846153846154 0.02403846153846154
0 0.3701923076923077 0.8004807692307693 0.02403846153846154 0.02403846153846154
0 0.46875 0.7788461538461539 0.02403846153846154 0.02403846153846154
0 0.17548076923076925 0.78125 0.02403846153846154 0.02403846153846154
0 0.608173076923077 0.7740384615384616 0.02403846153846154 0.02403846153846154
0 0.20192307692307693 0.7764423076923077 0.02403846153846154 0.02403846153846154
0 0.8461538461538463 0.7716346153846154 0.02403846153846154 0.02403846153846154
0 0.7355769230769231 0.7668269230769231 0.02403846153846154 0.02403846153846154
0 0.21875 0.7259615384615385 0.02403846153846154 0.02403846153846154
0 0.6514423076923077 0.7115384615384616 0.02403846153846154 0.02403846153846154
0 0.09855769230769232 0.7139423076923077 0.02403846153846154 0.02403846153846154
0 0.7980769230769231 0.6971153846153847 0.02403846153846154 0.02403846153846154
0 0.5288461538461539 0.6850961538461539 0.02403846153846154 0.02403846153846154
0 0.6850961538461539 0.6418269230769231 0.02403846153846154 0.02403846153846154
0 0.9302884615384616 0.5985576923076923 0.02403846153846154 0.02403846153846154
0 0.6490384615384616 0.5745192307692308 0.02403846153846154 0.02403846153846154
0 0.8076923076923077 0.5673076923076923 0.02403846153846154 0.02403846153846154
0 0.34375 0.5264423076923077 0.02403846153846154 0.02403846153846154
0 0.7908653846153847 0.5096153846153847 0.02403846153846154 0.02403846153846154
0 0.3197115384615385 0.5024038461538461 0.02403846153846154 0.02403846153846154
0 0.8605769230769231 0.4831730769230769 0.02403846153846154 0.02403846153846154
0 0.49759615384615385 0.4831730769230769 0.02403846153846154 0.02403846153846154
0 0.7283653846153847 0.4759615384615385 0.02403846153846154 0.02403846153846154
0 0.04326923076923077 0.46875 0.02403846153846154 0.02403846153846154
0 0.8677884615384616 0.4495192307692308 0.02403846153846154 0.02403846153846154
0 0.8725961538461539 0.4086538461538462 0.02403846153846154 0.02403846153846154
0 0.16826923076923078 0.3389423076923077 0.02403846153846154 0.02403846153846154
0 0.2980769230769231 0.33653846153846156 0.02403846153846154 0.02403846153846154
0 0.9615384615384616 0.2716346153846154 0.02403846153846154 0.02403846153846154
0 0.03125 0.2403846153846154 0.02403846153846154 0.02403846153846154
0 0.22836538461538464 0.2355769230769231 0.02403846153846154 0.02403846153846154
0 0.20673076923076925 0.19711538461538464 0.02403846153846154 0.02403846153846154
0 0.9567307692307693 0.1514423076923077 0.02403846153846154 0.02403846153846154
0 0.8293269230769231 0.06490384615384616 0.02403846153846154 0.02403846153846154
0 0.7403846153846154 0.05528846153846154 0.02403846153846154 0.02403846153846154
0 0.6634615384615385 0.03605769230769231 0.02403846153846154 0.02403846153846154
0 0.8173076923076924 0.8822115384615385 0.02403846153846154 0.02403846153846154
0 0.9326923076923077 0.9134615384615385 0.02403846153846154 0.02403846153846154
0 0.9278846153846154 0.9495192307692308 0.02403846153846154 0.02403846153846154
0 0.2403846153846154 0.5168269230769231 0.02403846153846154 0.02403846153846154
0 0.15384615384615385 0.5048076923076923 0.02403846153846154 0.02403846153846154
0 0.1514423076923077 0.27884615384615385 0.02403846153846154 0.02403846153846154
0 0.026442307692307696 0.6995192307692308 0.02403846153846154 0.02403846153846154
0 0.09855769230769232 0.7427884615384616 0.02403846153846154 0.02403846153846154
0 0.6033653846153847 0.08653846153846154 0.02403846153846154 0.02403846153846154
0 0.03605769230769231 0.6466346153846154 0.02403846153846154 0.02403846153846154
0 0.1201923076923077 0.5865384615384616 0.02403846153846154 0.02403846153846154
0 0.35336538461538464 0.4519230769230769 0.02403846153846154 0.02403846153846154
