0 0.11778846153846155 0.9663461538461539 0.02403846153846154 0.02403846153846154
0 0.8197115384615385 0.9375 0.02403846153846154 0.02403846153846154
0 0.8125 0.9254807692307693 0.02403846153846154 0.02403846153846154
0 0.2956730769230769 0.9230769230769231 0.02403846153846154 0.02403846153846154
0 0.16346153846153846 0.90625 0.02403846153846154 0.02403846153846154
0 0.47355769230769235 0.8798076923076924 0.02403846153846154 0.02403846153846154
0 0.7283653846153847 0.875 0.02403846153846154 0.02403846153846154
0 0.4951923076923077 0.8677884615384616 0.02403846153846154 0.02403846153846154
0 0.5384615384615385 0.8677884615384616 0.02403846153846154 0.02403846153846154
0 0.6370192307692308 0.8461538461538463 0.02403846153846154 0.02403846153846154
0 0.34375 0.8485576923076924 0.02403846153846154 0.02403846153846154
0 0.7764423076923077 0.8413461538461539 0.02403846153846154 0.02403846153846154
0 0.3701923076923077 0.84375 0.02403846153846154 0.02403846153846154
0 0.9038461538461539 0.8341346153846154 0.02403846153846154 0.02403846153846154
0 0.3870192307692308 0.7932692307692308 0.02403846153846154 0.02403846153846154
0 0.8197115384615385 0.7788461538461539 0.02403846153846154 0.02403846153846154
0 0.2668269230769231 0.78125 0.02403846153846154 0.02403846153846154
0 0.9663461538461539 0.764423076923077 0.02403846153846154 0.02403846153846154
0 0.6971153846153847 0.7524038461538461 0.02403846153846154 0.02403846153846154
0 0.8533653846153847 0.7091346153846154 0.02403846153846154 0.02403846153846154
0 0.8173076923076924 0.6418269230769231 0.02403846153846154 0.02403846153846154
0 0.5120192307692308 0.59375 0.02403846153846154 0.02403846153846154
0 0.9591346153846154 0.576923076923077 0.02403846153846154 0.02403846153846154
0 0.4879807692307693 0.5697115384615385 0.02403846153846154 0.02403846153846154
0 0.6658653846153847 0.5504807692307693 0.02403846153846154 0.02403846153846154
0 0.8966346153846154 0.5432692307692308 0.02403846153846154 0.02403846153846154
0 0.21153846153846156 0.5360576923076923 0.02403846153846154 0.02403846153846154
0 0.33653846153846156 0.40625 0.02403846153846154 0.02403846153846154
0 0.46634615384615385 0.40384615384615385 0.02403846153846154 0.02403846153846154
0 0.19951923076923078 0.3076923076923077 0.02403846153846154 0.02403846153846154
0 0.3966346153846154 0.3028846153846154 0.02403846153846154 0.02403846153846154
0 0.375 0.2644230769230769 0.02403846153846154 0.02403846153846154
0 0.9086538461538463 0.12259615384615385 0.02403846153846154 0.02403846153846154
0 0.8317307692307693 0.10336538461538462 0.02403846153846154 0.02403846153846154
0 0.10817307692307693 0.9278846153846154 0.02403846153846154 0.02403846153846154
0 0.4086538461538462 0.5841346153846154 0.02403846153846154 0.02403846153846154
0 0.32211538461538464 0.5721153846153847 0.02403846153846154 0.02403846153846154
0 0.3197115384615385 0.34615384615384615 0.02403846153846154 0.02403846153846154
0 0.021634615384615384 0.9086538461538463 0.02403846153846154 0.02403846153846154
0 0.19471153846153846 0.7668269230769231 0.02403846153846154 0.02403846153846154
0 0.2668269230769231 0.8100961538461539 0.02403846153846154 0.02403846153846154
0 0.7716346153846154 0.15384615384615385 0.02403846153846154 0.02403846153846154
0 0.04567307692307693 0.5576923076923077 0.02403846153846154 0.02403846153846154
0 0.02403846153846154 0.5120192307692308 0.02403846153846154 0.02403846153846154
0 0.2043269230769231 0.7139423076923077 0.02403846153846154 0.02403846153846154
0 0.2884615384615385 0.6538461538461539 0.02403846153846154 0.02403846153846154
0 0.5216346153846154 0.5192307692307693 0.02403846153846154 0.02403846153846154
