0 0.7403846153846154 0.9663461538461539 0.02403846153846154 0.02403846153846154
0 0.3004807692307693 0.951923076923077 0.02403846153846154 0.02403846153846154
0 0.3269230769230769 0.9447115384615385 0.02403846153846154 0.02403846153846154
0 0.9663461538461539 0.9423076923076924 0.02403846153846154 0.02403846153846154
0 0.07932692307692309 0.9350961538461539 0.02403846153846154 0.02403846153846154
0 0.6802884615384616 0.9326923076923077 0.02403846153846154 0.02403846153846154
0 0.9543269230769231 0.920673076923077 0.02403846153846154 0.02403846153846154
0 0.18990384615384617 0.920673076923077 0.02403846153846154 0.02403846153846154
0 0.5384615384615385 0.9182692307692308 0.02403846153846154 0.02403846153846154
0 0.3197115384615385 0.9158653846153847 0.02403846153846154 0.02403846153846154
0 0.7572115384615385 0.9038461538461539 0.02403846153846154 0.02403846153846154
0 0.1875 0.9014423076923077 0.02403846153846154 0.02403846153846154
0 0.16586538461538464 0.8918269230769231 0.02403846153846154 0.02403846153846154
0 0.8076923076923077 0.889423076923077 0.02403846153846154 0.02403846153846154
0 0.47355769230769235 0.8870192307692308 0.02403846153846154 0.02403846153846154
0 0.41105769230769235 0.8870192307692308 0.02403846153846154 0.02403846153846154
0 0.90625 0.8846153846153847 0.02403846153846154 0.02403846153846154
0 0.5288461538461539 0.8822115384615385 0.02403846153846154 0.02403846153846154
0 0.5793269230769231 0.8822115384615385 0.02403846153846154 0.02403846153846154
0 0.31490384615384615 0.8701923076923077 0.02403846153846154 0.02403846153846154
0 0.47836538461538464 0.8653846153846154 0.02403846153846154 0.02403846153846154
0 0.7403846153846154 0.8653846153846154 0.02403846153846154 0.02403846153846154
0 0.9086538461538463 0.8533653846153847 0.02403846153846154 0.02403846153846154
0 0.7091346153846154 0.8485576923076924 0.02403846153846154 0.02403846153846154
0 0.7788461538461539 0.8461538461538463 0.02403846153846154 0.02403846153846154
0 0.5697115384615385 0.8149038461538461 0.02403846153846154 0.02403846153846154
0 0.7740384615384616 0.8076923076923077 0.02403846153846154 0.02403846153846154
0 0.4182692307692308 0.8028846153846154 0.02403846153846154 0.02403846153846154
0 0.5552884615384616 0.7980769230769231 0.02403846153846154 0.02403846153846154
0 0.2451923076923077 0.7764423076923077 0.02403846153846154 0.02403846153846154
0 0.21634615384615385 0.7620192307692308 0.02403846153846154 0.02403846153846154
0 0.7355769230769231 0.7572115384615385 0.02403846153846154 0.02403846153846154
0 0.3509615384615385 0.7596153846153847 0.02403846153846154 0.02403846153846154
0 0.10576923076923078 0.7524038461538461 0.02403846153846154 0.02403846153846154
0 0.7524038461538461 0.7475961538461539 0.02403846153846154 0.02403846153846154
0 0.9591346153846154 0.7355769230769231 0.02403846153846154 0.02403846153846154
0 0.8028846153846154 0.7139423076923077 0.02403846153846154 0.02403846153846154
0 0.59375 0.7139423076923077 0.02403846153846154 0.02403846153846154
0 0.7379807692307693 0.6778846153846154 0.02403846153846154 0.02403846153846154
0 0.9254807692307693 0.670673076923077 0.02403846153846154 0.02403846153846154
0 0.5240384615384616 0.6634615384615385 0.02403846153846154 0.02403846153846154
0 0.7115384615384616 0.6610576923076923 0.02403846153846154 0.02403846153846154
0 0.764423076923077 0.6658653846153847 0.02403846153846154 0.02403846153846154
0 0.2139423076923077 0.6418269230769231 0.02403846153846154 0.02403846153846154
0 0.4807692307692308 0.6225961538461539 0.02403846153846154 0.02403846153846154
0 0.8533653846153847 0.6129807692307693 0.02403846153846154 0.02403846153846154
0 0.5288461538461539 0.6033653846153847 0.02403846153846154 0.02403846153846154
0 0.875 0.6033653846153847 0.02403846153846154 0.02403846153846154
0 0.4014423076923077 0.5889423076923077 0.02403846153846154 0.02403846153846154
0 0.8028846153846154 0.5841346153846154 0.02403846153846154 0.02403846153846154
0 0.6346153846153847 0.5745192307692308 0.02403846153846154 0.02403846153846154
0 0.9711538461538463 0.5552884615384616 0.02403846153846154 0.02403846153846154
0 0.3701923076923077 0.5384615384615385 0.02403846153846154 0.02403846153846154
0 0.9278846153846154 0.5120192307692308 0.02403846153846154 0.02403846153846154
0 0.9543269230769231 0.5072115384615384 0.02403846153846154 0.02403846153846154
0 0.6298076923076923 0.49759615384615385 0.02403846153846154 0.02403846153846154
0 0.11057692307692309 0.49759615384615385 0.02403846153846154 0.02403846153846154
0 0.6634615384615385 0.49278846153846156 0.02403846153846154 0.02403846153846154
0 0.4134615384615385 0.4759615384615385 0.02403846153846154 0.02403846153846154
0 0.27403846153846156 0.47355769230769235 0.02403846153846154 0.02403846153846154
0 0.34134615384615385 0.46634615384615385 0.02403846153846154 0.02403846153846154
0 0.06009615384615385 0.43028846153846156 0.02403846153846154 0.02403846153846154
0 0.5192307692307693 0.42307692307692313 0.02403846153846154 0.02403846153846154
0 0.15865384615384617 0.41586538461538464 0.02403846153846154 0.02403846153846154
0 0.3870192307692308 0.40625 0.02403846153846154 0.02403846153846154
0 0.1875 0.4086538461538462 0.02403846153846154 0.02403846153846154
0 0.20192307692307693 0.3918269230769231 0.02403846153846154 0.02403846153846154
0 0.6971153846153847 0.37980769230769235 0.02403846153846154 0.02403846153846154
0 0.951923076923077 0.375 0.02403846153846154 0.02403846153846154
0 0.71875 0.36778846153846156 0.02403846153846154 0.02403846153846154
0 0.7620192307692308 0.36778846153846156 0.02403846153846154 0.02403846153846154
0 0.8605769230769231 0.34615384615384615 0.02403846153846154 0.02403846153846154
0 0.5673076923076923 0.34855769230769235 0.02403846153846154 0.02403846153846154
0 0.59375 0.34375 0.02403846153846154 0.02403846153846154
0 0.6105769230769231 0.2932692307692308 0.02403846153846154 0.02403846153846154
0 0.4903846153846154 0.28125 0.02403846153846154 0.02403846153846154
0 0.920673076923077 0.25240384615384615 0.02403846153846154 0.02403846153846154
0 0.15625 0.24759615384615385 0.02403846153846154 0.02403846153846154
0 0.06009615384615385 0.16586538461538464 0.02403846153846154 0.02403846153846154
0 0.7355769230769231 0.09375 0.02403846153846154 0.02403846153846154
0 0.7115384615384616 0.06971153846153846 0.02403846153846154 0.02403846153846154
0 0.889423076923077 0.05048076923076923 0.02403846153846154 0.02403846153846154
0 0.43509615384615385 0.03605769230769231 0.02403846153846154 0.02403846153846154
0 0.10576923076923078 0.02403846153846154 0.02403846153846154 0.02403846153846154
0 0.5528846153846154 0.75 0.02403846153846154 0.02403846153846154
0 0.6826923076923077 0.7716346153846154 0.02403846153846154 0.02403846153846154
0 0.7139423076923077 0.7884615384615385 0.02403846153846154 0.02403846153846154
0 0.6899038461538461 0.8245192307692308 0.02403846153846154 0.02403846153846154
0 0.4951923076923077 0.6899038461538461 0.02403846153846154 0.02403846153846154
0 0.3317307692307693 0.4278846153846154 0.02403846153846154 0.02403846153846154
0 0.08653846153846154 0.6899038461538461 0.02403846153846154 0.02403846153846154
0 0.11538461538461539 0.7091346153846154 0.02403846153846154 0.02403846153846154
0 0.4591346153846154 0.7860576923076924 0.02403846153846154 0.02403846153846154
0 0.3822115384615385 0.8100961538461539 0.02403846153846154 0.02403846153846154
0 0.6322115384615385 0.08413461538461539 0.02403846153846154 0.02403846153846154
0 0.545673076923077 0.07211538461538462 0.02403846153846154 0.02403846153846154
0 0.2451923076923077 0.4086538461538462 0.02403846153846154 0.02403846153846154
0 0.4182692307692308 0.2668269230769231 0.02403846153846154 0.02403846153846154
0 0.4903846153846154 0.31009615384615385 0.02403846153846154 0.02403846153846154
0 0.08653846153846154 0.34134615384615385 0.02403846153846154 0.02403846153846154
0 0.02403846153846154 0.6730769230769231 0.02403846153846154 0.02403846153846154
0 0.2692307692307693 0.057692307692307696 0.02403846153846154 0.02403846153846154
0 0.040865384615384616 0.06971153846153846 0.02403846153846154 0.02403846153846154
0 0.07451923076923077 0.4567307692307693 0.02403846153846154 0.02403846153846154
0 0.4278846153846154 0.2139423076923077 0.02403846153846154 0.02403846153846154
0 0.5120192307692308 0.15384615384615385 0.02403846153846154 0.02403846153846154
