0 0.75 0.9711538461538463 0.02403846153846154 0.02403846153846154
0 0.2884615384615385 0.96875 0.02403846153846154 0.02403846153846154
0 0.5360576923076923 0.9591346153846154 0.02403846153846154 0.02403846153846154
0 0.22596153846153846 0.9567307692307693 0.02403846153846154 0.02403846153846154
0 0.6923076923076923 0.9543269230769231 0.02403846153846154 0.02403846153846154
0 0.19951923076923078 0.9399038461538463 0.02403846153846154 0.02403846153846154
0 0.2716346153846154 0.9375 0.02403846153846154 0.02403846153846154
0 0.4591346153846154 0.9350961538461539 0.02403846153846154 0.02403846153846154
0 0.17307692307692307 0.9350961538461539 0.02403846153846154 0.02403846153846154
0 0.7283653846153847 0.9326923076923077 0.02403846153846154 0.02403846153846154
0 0.026442307692307696 0.9278846153846154 0.02403846153846154 0.02403846153846154
0 0.7740384615384616 0.9134615384615385 0.02403846153846154 0.02403846153846154
0 0.71875 0.9014423076923077 0.02403846153846154 0.02403846153846154
0 0.1875 0.9014423076923077 0.02403846153846154 0.02403846153846154
0 0.46634615384615385 0.8822115384615385 0.02403846153846154 0.02403846153846154
0 0.5576923076923077 0.8605769230769231 0.02403846153846154 0.02403846153846154
0 0.07932692307692309 0.8605769230769231 0.02403846153846154 0.02403846153846154
0 0.38461538461538464 0.8461538461538463 0.02403846153846154 0.02403846153846154
0 0.6634615384615385 0.8461538461538463 0.02403846153846154 0.02403846153846154
0 0.6802884615384616 0.8293269230769231 0.02403846153846154 0.02403846153846154
0 0.6105769230769231 0.8221153846153847 0.02403846153846154 0.02403846153846154
0 0.7091346153846154 0.8221153846153847 0.02403846153846154 0.02403846153846154
0 0.3245192307692308 0.8125 0.02403846153846154 0.02403846153846154
0 0.826923076923077 0.8100961538461539 0.02403846153846154 0.02403846153846154
0 0.8870192307692308 0.8004807692307693 0.02403846153846154 0.02403846153846154
0 0.7067307692307693 0.8004807692307693 0.02403846153846154 0.02403846153846154
0 0.5985576923076923 0.8004807692307693 0.02403846153846154 0.02403846153846154
0 0.1826923076923077 0.7980769230769231 0.02403846153846154 0.02403846153846154
0 0.4014423076923077 0.7836538461538461 0.02403846153846154 0.02403846153846154
0 0.4519230769230769 0.7692307692307693 0.02403846153846154 0.02403846153846154
0 0.11778846153846155 0.7668269230769231 0.02403846153846154 0.02403846153846154
0 0.05528846153846154 0.7668269230769231 0.02403846153846154 0.02403846153846154
0 0.5504807692307693 0.764423076923077 0.02403846153846154 0.02403846153846154
0 0.17307692307692307 0.7620192307692308 0.02403846153846154 0.02403846153846154
0 0.22355769230769232 0.7620192307692308 0.02403846153846154 0.02403846153846154
0 0.12259615384615385 0.7451923076923077 0.02403846153846154 0.02403846153846154
0 0.38461538461538464 0.7451923076923077 0.02403846153846154 0.02403846153846154
0 0.5528846153846154 0.733173076923077 0.02403846153846154 0.02403846153846154
0 0.35336538461538464 0.7283653846153847 0.02403846153846154 0.02403846153846154
0 0.42307692307692313 0.7259615384615385 0.02403846153846154 0.02403846153846154
0 0.7379807692307693 0.6947115384615385 0.02403846153846154 0.02403846153846154
0 0.2139423076923077 0.6947115384615385 0.02403846153846154 0.02403846153846154
0 0.7043269230769231 0.6947115384615385 0.02403846153846154 0.02403846153846154
0 0.4182692307692308 0.6875 0.02403846153846154 0.02403846153846154
0 0.0625 0.6826923076923077 0.02403846153846154 0.02403846153846154
0 0.19951923076923078 0.6778846153846154 0.02403846153846154 0.02403846153846154
0 0.8870192307692308 0.65625 0.02403846153846154 0.02403846153846154
0 0.37980769230769235 0.6370192307692308 0.02403846153846154 0.02403846153846154
0 0.3966346153846154 0.6274038461538461 0.02403846153846154 0.02403846153846154
0 0.6033653846153847 0.6153846153846154 0.02403846153846154 0.02403846153846154
0 0.7548076923076924 0.5985576923076923 0.02403846153846154 0.02403846153846154
0 0.44711538461538464 0.59375 0.02403846153846154 0.02403846153846154
0 0.23798076923076925 0.59375 0.02403846153846154 0.02403846153846154
0 0.3822115384615385 0.5576923076923077 0.02403846153846154 0.02403846153846154
0 0.5697115384615385 0.5504807692307693 0.02403846153846154 0.02403846153846154
0 0.16826923076923078 0.5432692307692308 0.02403846153846154 0.02403846153846154
0 0.3557692307692308 0.5408653846153847 0.02403846153846154 0.02403846153846154
0 0.4086538461538462 0.545673076923077 0.02403846153846154 0.02403846153846154
0 0.8413461538461539 0.5072115384615384 0.02403846153846154 0.02403846153846154
0 0.125 0.5024038461538461 0.02403846153846154 0.02403846153846154
0 0.8125 0.5 0.02403846153846154 0.02403846153846154
0 0.49759615384615385 0.49278846153846156 0.02403846153846154 0.02403846153846154
0 0.17307692307692307 0.4831730769230769 0.02403846153846154 0.02403846153846154
0 0.6923076923076923 0.4807692307692308 0.02403846153846154 0.02403846153846154
0 0.5192307692307693 0.4831730769230769 0.02403846153846154 0.02403846153846154
0 0.04567307692307693 0.46875 0.02403846153846154 0.02403846153846154
0 0.7115384615384616 0.46634615384615385 0.02403846153846154 0.02403846153846154
0 0.7475961538461539 0.46153846153846156 0.02403846153846154 0.02403846153846154
0 0.44711538461538464 0.4639423076923077 0.02403846153846154 0.02403846153846154
0 0.27884615384615385 0.45432692307692313 0.02403846153846154 0.02403846153846154
0 0.9038461538461539 0.44230769230769235 0.02403846153846154 0.02403846153846154
0 0.6153846153846154 0.43509615384615385 0.02403846153846154 0.02403846153846154
0 0.5721153846153847 0.3918269230769231 0.02403846153846154 0.02403846153846154
0 0.5985576923076923 0.3870192307692308 0.02403846153846154 0.02403846153846154
0 0.7620192307692308 0.3822115384615385 0.02403846153846154 0.02403846153846154
0 0.27403846153846156 0.3774038461538462 0.02403846153846154 0.02403846153846154
0 0.3076923076923077 0.37259615384615385 0.02403846153846154 0.02403846153846154
0 0.6850961538461539 0.3653846153846154 0.02403846153846154 0.02403846153846154
0 0.057692307692307696 0.3557692307692308 0.02403846153846154 0.02403846153846154
0 0.6875 0.31730769230769235 0.02403846153846154 0.02403846153846154
0 0.6802884615384616 0.30528846153846156 0.02403846153846154 0.02403846153846154
0 0.16346153846153846 0.3028846153846154 0.02403846153846154 0.02403846153846154
0 0.8942307692307693 0.2980769230769231 0.02403846153846154 0.02403846153846154
0 0.03125 0.28605769230769235 0.02403846153846154 0.02403846153846154
0 0.34134615384615385 0.25961538461538464 0.02403846153846154 0.02403846153846154
0 0.5961538461538461 0.25480769230769235 0.02403846153846154 0.02403846153846154
0 0.951923076923077 0.25480769230769235 0.02403846153846154 0.02403846153846154
0 0.3629807692307693 0.24759615384615385 0.02403846153846154 0.02403846153846154
0 0.40625 0.24759615384615385 0.02403846153846154 0.02403846153846154
0 0.5048076923076923 0.22596153846153846 0.02403846153846154 0.02403846153846154
0 0.21153846153846156 0.22836538461538464 0.02403846153846154 0.02403846153846154
0 0.6442307692307693 0.22115384615384617 0.02403846153846154 0.02403846153846154
0 0.23798076923076925 0.22355769230769232 0.02403846153846154 0.02403846153846154
0 0.8822115384615385 0.21875 0.02403846153846154 0.02403846153846154
0 0.7716346153846154 0.2139423076923077 0.02403846153846154 0.02403846153846154
0 0.25480769230769235 0.17307692307692307 0.02403846153846154 0.02403846153846154
0 0.6875 0.15865384615384617 0.02403846153846154 0.02403846153846154
0 0.13461538461538464 0.16105769230769232 0.02403846153846154 0.02403846153846154
0 0.8341346153846154 0.14423076923076925 0.02403846153846154 0.02403846153846154
0 0.5649038461538461 0.13221153846153846 0.02403846153846154 0.02403846153846154
0 0.7211538461538461 0.0889423076923077 0.02403846153846154 0.02403846153846154
0 0.9663461538461539 0.04567307692307693 0.02403846153846154 0.02403846153846154
0 0.8846153846153847 0.8846153846153847 0.02403846153846154 0.02403846153846154
0 0.5865384615384616 0.90625 0.02403846153846154 0.02403846153846154
0 0.19711538461538464 0.6298076923076923 0.02403846153846154 0.02403846153846154
0 0.3269230769230769 0.6514423076923077 0.02403846153846154 0.02403846153846154
0 0.3581730769230769 0.6682692307692308 0.02403846153846154 0.02403846153846154
0 0.3341346153846154 0.7043269230769231 0.02403846153846154 0.02403846153846154
0 0.13942307692307693 0.5697115384615385 0.02403846153846154 0.02403846153846154
0 0.10336538461538462 0.6658653846153847 0.02403846153846154 0.02403846153846154
0 0.026442307692307696 0.6899038461538461 0.02403846153846154 0.02403846153846154
0 0.8533653846153847 0.3293269230769231 0.02403846153846154 0.02403846153846154
0 0.96875 0.3605769230769231 0.02403846153846154 0.02403846153846154
0 0.9639423076923077 0.3966346153846154 0.02403846153846154 0.02403846153846154
0 0.0625 0.1466346153846154 0.02403846153846154 0.02403846153846154
0 0.13461538461538464 0.18990384615384617 0.02403846153846154 0.02403846153846154
0 0.07211538461538462 0.09375 0.02403846153846154 0.02403846153846154
0 0.15625 0.03365384615384616 0.02403846153846154 0.02403846153846154
