0 0.7836538461538461 0.9326923076923077 0.02403846153846154 0.02403846153846154
0 0.7596153846153847 0.9086538461538463 0.02403846153846154 0.02403846153846154
0 0.9375 0.889423076923077 0.02403846153846154 0.02403846153846154
0 0.4831730769230769 0.875 0.02403846153846154 0.02403846153846154
0 0.15384615384615385 0.8629807692307693 0.02403846153846154 0.02403846153846154
0 0.05288461538461539 0.7932692307692308 0.02403846153846154 0.02403846153846154
0 0.608173076923077 0.7451923076923077 0.02403846153846154 0.02403846153846154
0 0.7379807692307693 0.7427884615384616 0.02403846153846154 0.02403846153846154
0 0.4711538461538462 0.6466346153846154 0.02403846153846154 0.02403846153846154
0 0.6682692307692308 0.6418269230769231 0.02403846153846154 0.02403846153846154
0 0.6466346153846154 0.6033653846153847 0.02403846153846154 0.02403846153846154
0 0.2932692307692308 0.3918269230769231 0.02403846153846154 0.02403846153846154
0 0.8197115384615385 0.34134615384615385 0.02403846153846154 0.02403846153846154
0 0.8365384615384616 0.25480769230769235 0.02403846153846154 0.02403846153846154
0 0.8076923076923077 0.23798076923076925 0.02403846153846154 0.02403846153846154
0 0.826923076923077 0.11778846153846155 0.02403846153846154 0.02403846153846154
0 0.6802884615384616 0.9230769230769231 0.02403846153846154 0.02403846153846154
0 0.59375 0.9110576923076924 0.02403846153846154 0.02403846153846154
0 0.5913461538461539 0.6850961538461539 0.02403846153846154 0.02403846153846154
0 0.701923076923077 0.0889423076923077 0.02403846153846154 0.02403846153846154
0 0.06009615384615385 0.27403846153846156 0.02403846153846154 0.02403846153846154
0 0.4014423076923077 0.10096153846153846 0.02403846153846154 0.02403846153846154
0 0.31730769230769235 0.8966346153846154 0.02403846153846154 0.02403846153846154
0 0.2956730769230769 0.8509615384615385 0.02403846153846154 0.02403846153846154
0 0.0889423076923077 0.9086538461538463 0.02403846153846154 0.02403846153846154
0 0.7932692307692308 0.858173076923077 0.02403846153846154 0.02403846153846154
