0 0.09855769230769232 0.9567307692307693 0.02403846153846154 0.02403846153846154
0 0.28365384615384615 0.9182692307692308 0.02403846153846154 0.02403846153846154
0 0.25 0.9182692307692308 0.02403846153846154 0.02403846153846154
0 0.4326923076923077 0.8798076923076924 0.02403846153846154 0.02403846153846154
0 0.6634615384615385 0.8774038461538463 0.02403846153846154 0.02403846153846154
0 0.14903846153846154 0.8389423076923077 0.02403846153846154 0.02403846153846154
0 0.7283653846153847 0.8293269230769231 0.02403846153846154 0.02403846153846154
0 0.3004807692307693 0.8221153846153847 0.02403846153846154 0.02403846153846154
0 0.53125 0.78125 0.02403846153846154 0.02403846153846154
0 0.6153846153846154 0.7764423076923077 0.02403846153846154 0.02403846153846154
0 0.11538461538461539 0.7740384615384616 0.02403846153846154 0.02403846153846154
0 0.7596153846153847 0.7764423076923077 0.02403846153846154 0.02403846153846154
0 0.3870192307692308 0.7307692307692308 0.02403846153846154 0.02403846153846154
0 0.3581730769230769 0.7235576923076924 0.02403846153846154 0.02403846153846154
0 0.04326923076923077 0.7163461538461539 0.02403846153846154 0.02403846153846154
0 0.23798076923076925 0.7043269230769231 0.02403846153846154 0.02403846153846154
0 0.06490384615384616 0.7067307692307693 0.02403846153846154 0.02403846153846154
0 0.2572115384615385 0.6899038461538461 0.02403846153846154 0.02403846153846154
0 0.2932692307692308 0.6850961538461539 0.02403846153846154 0.02403846153846154
0 0.5384615384615385 0.670673076923077 0.02403846153846154 0.02403846153846154
0 0.4495192307692308 0.6658653846153847 0.02403846153846154 0.02403846153846154
0 0.16105769230769232 0.6586538461538461 0.02403846153846154 0.02403846153846154
0 0.11778846153846155 0.6153846153846154 0.02403846153846154 0.02403846153846154
0 0.14423076923076925 0.6105769230769231 0.02403846153846154 0.02403846153846154
0 0.3076923076923077 0.6057692307692308 0.02403846153846154 0.02403846153846154
0 0.23076923076923078 0.5889423076923077 0.02403846153846154 0.02403846153846154
0 0.7379807692307693 0.576923076923077 0.02403846153846154 0.02403846153846154
0 0.23317307692307693 0.5408653846153847 0.02403846153846154 0.02403846153846154
0 0.22596153846153846 0.5288461538461539 0.02403846153846154 0.02403846153846154
0 0.4399038461538462 0.5216346153846154 0.02403846153846154 0.02403846153846154
0 0.7596153846153847 0.4807692307692308 0.02403846153846154 0.02403846153846154
0 0.639423076923077 0.4831730769230769 0.02403846153846154 0.02403846153846154
0 0.14182692307692307 0.47836538461538464 0.02403846153846154 0.02403846153846154
0 0.49759615384615385 0.47836538461538464 0.02403846153846154 0.02403846153846154
0 0.05048076923076923 0.4495192307692308 0.02403846153846154 0.02403846153846154
0 0.18990384615384617 0.4447115384615385 0.02403846153846154 0.02403846153846154
0 0.4278846153846154 0.44230769230769235 0.02403846153846154 0.02403846153846154
0 0.31730769230769235 0.4375 0.02403846153846154 0.02403846153846154
0 0.7403846153846154 0.4086538461538462 0.02403846153846154 0.02403846153846154
0 0.5600961538461539 0.3966346153846154 0.02403846153846154 0.02403846153846154
0 0.23317307692307693 0.3822115384615385 0.02403846153846154 0.02403846153846154
0 0.37980769230769235 0.36778846153846156 0.02403846153846154 0.02403846153846154
0 0.11057692307692309 0.3557692307692308 0.02403846153846154 0.02403846153846154
0 0.8653846153846154 0.31490384615384615 0.02403846153846154 0.02403846153846154
0 0.5552884615384616 0.3125 0.02403846153846154 0.02403846153846154
0 0.2668269230769231 0.3125 0.02403846153846154 0.02403846153846154
0 0.5120192307692308 0.2692307692307693 0.02403846153846154 0.02403846153846154
0 0.5673076923076923 0.2620192307692308 0.02403846153846154 0.02403846153846154
0 0.639423076923077 0.25480769230769235 0.02403846153846154 0.02403846153846154
0 0.75 0.25 0.02403846153846154 0.02403846153846154
0 0.23076923076923078 0.2451923076923077 0.02403846153846154 0.02403846153846154
0 0.3894230769230769 0.23798076923076925 0.02403846153846154 0.02403846153846154
0 0.7692307692307693 0.1875 0.02403846153846154 0.02403846153846154
0 0.37259615384615385 0.18028846153846154 0.02403846153846154 0.02403846153846154
0 0.44230769230769235 0.15384615384615385 0.02403846153846154 0.02403846153846154
0 0.07932692307692309 0.15384615384615385 0.02403846153846154 0.02403846153846154
0 0.31009615384615385 0.1466346153846154 0.02403846153846154 0.02403846153846154
0 0.4495192307692308 0.1201923076923077 0.02403846153846154 0.02403846153846154
0 0.5721153846153847 0.11538461538461539 0.02403846153846154 0.02403846153846154
0 0.45432692307692313 0.07932692307692309 0.02403846153846154 0.02403846153846154
0 0.6201923076923077 0.07692307692307693 0.02403846153846154 0.02403846153846154
0 0.8725961538461539 0.46153846153846156 0.02403846153846154 0.02403846153846154
0 0.9375 0.4807692307692308 0.02403846153846154 0.02403846153846154
0 0.8052884615384616 0.4375 0.02403846153846154 0.02403846153846154
0 0.7980769230769231 0.6875 0.02403846153846154 0.02403846153846154
0 0.7932692307692308 0.9663461538461539 0.02403846153846154 0.02403846153846154
0 0.9495192307692308 0.8485576923076924 0.02403846153846154 0.02403846153846154
0 0.7788461538461539 0.8028846153846154 0.02403846153846154 0.02403846153846154
0 0.5504807692307693 0.8485576923076924 0.02403846153846154 0.02403846153846154
0 0.39903846153846156 0.5528846153846154 0.02403846153846154 0.02403846153846154
0 0.514423076923077 0.5841346153846154 0.02403846153846154 0.02403846153846154
0 0.5096153846153847 0.6201923076923077 0.02403846153846154 0.02403846153846154
0 0.8533653846153847 0.7379807692307693 0.02403846153846154 0.02403846153846154
0 0.84375 0.15625 0.02403846153846154 0.02403846153846154
