0 0.09615384615384616 0.9711538461538463 0.02403846153846154 0.02403846153846154
0 0.12259615384615385 0.9158653846153847 0.02403846153846154 0.02403846153846154
0 0.3341346153846154 0.8605769230769231 0.02403846153846154 0.02403846153846154
0 0.13461538461538464 0.7620192307692308 0.02403846153846154 0.02403846153846154
0 0.5865384615384616 0.7427884615384616 0.02403846153846154 0.02403846153846154
0 0.3822115384615385 0.5985576923076923 0.02403846153846154 0.02403846153846154
0 0.33653846153846156 0.5745192307692308 0.02403846153846154 0.02403846153846154
0 0.5264423076923077 0.545673076923077 0.02403846153846154 0.02403846153846154
0 0.7235576923076924 0.5360576923076923 0.02403846153846154 0.02403846153846154
0 0.7548076923076924 0.48557692307692313 0.02403846153846154 0.02403846153846154
0 0.5721153846153847 0.4567307692307693 0.02403846153846154 0.02403846153846154
0 0.6971153846153847 0.4086538461538462 0.02403846153846154 0.02403846153846154
0 0.3004807692307693 0.3822115384615385 0.02403846153846154 0.02403846153846154
0 0.3701923076923077 0.3245192307692308 0.02403846153846154 0.02403846153846154
0 0.6370192307692308 0.16346153846153846 0.02403846153846154 0.02403846153846154
0 0.02403846153846154 0.15865384615384617 0.02403846153846154 0.02403846153846154
0 0.5985576923076923 0.12259615384615385 0.02403846153846154 0.02403846153846154
0 0.038461538461538464 0.07932692307692309 0.02403846153846154 0.02403846153846154
0 0.7764423076923077 0.06730769230769232 0.02403846153846154 0.02403846153846154
