0 0.17307692307692307 0.9663461538461539 0.02403846153846154 0.02403846153846154
0 0.33653846153846156 0.9615384615384616 0.02403846153846154 0.02403846153846154
0 0.5985576923076923 0.9615384615384616 0.02403846153846154 0.02403846153846154
0 0.7668269230769231 0.9495192307692308 0.02403846153846154 0.02403846153846154
0 0.5673076923076923 0.9447115384615385 0.02403846153846154 0.02403846153846154
0 0.6370192307692308 0.9423076923076924 0.02403846153846154 0.02403846153846154
0 0.951923076923077 0.9110576923076924 0.02403846153846154 0.02403846153846154
0 0.4278846153846154 0.9110576923076924 0.02403846153846154 0.02403846153846154
0 0.9182692307692308 0.9110576923076924 0.02403846153846154 0.02403846153846154
0 0.6322115384615385 0.9038461538461539 0.02403846153846154 0.02403846153846154
0 0.2764423076923077 0.8990384615384616 0.02403846153846154 0.02403846153846154
0 0.4134615384615385 0.8942307692307693 0.02403846153846154 0.02403846153846154
0 0.10336538461538462 0.8725961538461539 0.02403846153846154 0.02403846153846154
0 0.07451923076923077 0.858173076923077 0.02403846153846154 0.02403846153846154
0 0.59375 0.8533653846153847 0.02403846153846154 0.02403846153846154
0 0.2091346153846154 0.8557692307692308 0.02403846153846154 0.02403846153846154
0 0.6105769230769231 0.84375 0.02403846153846154 0.02403846153846154
0 0.8173076923076924 0.8317307692307693 0.02403846153846154 0.02403846153846154
0 0.96875 0.8149038461538461 0.02403846153846154 0.02403846153846154
0 0.6610576923076923 0.8100961538461539 0.02403846153846154 0.02403846153846154
0 0.4519230769230769 0.8100961538461539 0.02403846153846154 0.02403846153846154
0 0.5961538461538461 0.7740384615384616 0.02403846153846154 0.02403846153846154
0 0.7836538461538461 0.7668269230769231 0.02403846153846154 0.02403846153846154
0 0.3822115384615385 0.7596153846153847 0.02403846153846154 0.02403846153846154
0 0.5697115384615385 0.7572115384615385 0.02403846153846154 0.02403846153846154
0 0.6225961538461539 0.7620192307692308 0.02403846153846154 0.02403846153846154
0 0.07211538461538462 0.7379807692307693 0.02403846153846154 0.02403846153846154
0 0.3389423076923077 0.71875 0.02403846153846154 0.02403846153846154
0 0.7115384615384616 0.7091346153846154 0.02403846153846154 0.02403846153846154
0 0.3870192307692308 0.6995192307692308 0.02403846153846154 0.02403846153846154
0 0.90625 0.6971153846153847 0.02403846153846154 0.02403846153846154
0 0.733173076923077 0.6995192307692308 0.02403846153846154 0.02403846153846154
0 0.25961538461538464 0.6850961538461539 0.02403846153846154 0.02403846153846154
0 0.9254807692307693 0.6826923076923077 0.02403846153846154 0.02403846153846154
0 0.9615384615384616 0.6778846153846154 0.02403846153846154 0.02403846153846154
0 0.6610576923076923 0.6802884615384616 0.02403846153846154 0.02403846153846154
0 0.49278846153846156 0.670673076923077 0.02403846153846154 0.02403846153846154
0 0.8293269230769231 0.6514423076923077 0.02403846153846154 0.02403846153846154
0 0.22836538461538464 0.6346153846153847 0.02403846153846154 0.02403846153846154
0 0.7860576923076924 0.608173076923077 0.02403846153846154 0.02403846153846154
0 0.8125 0.6033653846153847 0.02403846153846154 0.02403846153846154
0 0.4879807692307693 0.59375 0.02403846153846154 0.02403846153846154
0 0.5216346153846154 0.5889423076923077 0.02403846153846154 0.02403846153846154
0 0.8990384615384616 0.5817307692307693 0.02403846153846154 0.02403846153846154
0 0.2716346153846154 0.5721153846153847 0.02403846153846154 0.02403846153846154
0 0.13221153846153846 0.5697115384615385 0.02403846153846154 0.02403846153846154
0 0.19951923076923078 0.5625 0.02403846153846154 0.02403846153846154
0 0.9014423076923077 0.5336538461538461 0.02403846153846154 0.02403846153846154
0 0.8942307692307693 0.5216346153846154 0.02403846153846154 0.02403846153846154
0 0.3774038461538462 0.5192307692307693 0.02403846153846154 0.02403846153846154
0 0.2451923076923077 0.5024038461538461 0.02403846153846154 0.02403846153846154
0 0.04567307692307693 0.5048076923076923 0.02403846153846154 0.02403846153846154
0 0.06009615384615385 0.4879807692307693 0.02403846153846154 0.02403846153846154
0 0.5552884615384616 0.4759615384615385 0.02403846153846154 0.02403846153846154
0 0.8100961538461539 0.4711538461538462 0.02403846153846154 0.02403846153846154
0 0.576923076923077 0.4639423076923077 0.02403846153846154 0.02403846153846154
0 0.6201923076923077 0.4639423076923077 0.02403846153846154 0.02403846153846154
0 0.71875 0.44230769230769235 0.02403846153846154 0.02403846153846154
0 0.4254807692307693 0.4447115384615385 0.02403846153846154 0.02403846153846154
0 0.858173076923077 0.4375 0.02403846153846154 0.02403846153846154
0 0.4519230769230769 0.4399038461538462 0.02403846153846154 0.02403846153846154
0 0.46875 0.3894230769230769 0.02403846153846154 0.02403846153846154
0 0.9014423076923077 0.375 0.02403846153846154 0.02403846153846154
0 0.34855769230769235 0.3774038461538462 0.02403846153846154 0.02403846153846154
0 0.7788461538461539 0.34855769230769235 0.02403846153846154 0.02403846153846154
0 0.9350961538461539 0.30528846153846156 0.02403846153846154 0.02403846153846154
0 0.8990384615384616 0.23798076923076925 0.02403846153846154 0.02403846153846154
0 0.59375 0.18990384615384617 0.02403846153846154 0.02403846153846154
0 0.5697115384615385 0.16586538461538464 0.02403846153846154 0.02403846153846154
0 0.7475961538461539 0.1466346153846154 0.02403846153846154 0.02403846153846154
0 0.2932692307692308 0.13221153846153846 0.02403846153846154 0.02403846153846154
0 0.41105769230769235 0.8461538461538463 0.02403846153846154 0.02403846153846154
0 0.5408653846153847 0.8677884615384616 0.02403846153846154 0.02403846153846154
0 0.5721153846153847 0.8846153846153847 0.02403846153846154 0.02403846153846154
0 0.5480769230769231 0.920673076923077 0.02403846153846154 0.02403846153846154
0 0.35336538461538464 0.7860576923076924 0.02403846153846154 0.02403846153846154
0 0.18990384615384617 0.5240384615384616 0.02403846153846154 0.02403846153846154
0 0.31730769230769235 0.8822115384615385 0.02403846153846154 0.02403846153846154
0 0.2403846153846154 0.90625 0.02403846153846154 0.02403846153846154
0 0.4903846153846154 0.18028846153846154 0.02403846153846154 0.02403846153846154
0 0.40384615384615385 0.16826923076923078 0.02403846153846154 0.02403846153846154
0 0.10336538461538462 0.5048076923076923 0.02403846153846154 0.02403846153846154
0 0.2764423076923077 0.3629807692307693 0.02403846153846154 0.02403846153846154
0 0.34855769230769235 0.40625 0.02403846153846154 0.02403846153846154
0 0.12740384615384617 0.15384615384615385 0.02403846153846154 0.02403846153846154
0 0.10576923076923078 0.10817307692307693 0.02403846153846154 0.02403846153846154
0 0.28605769230769235 0.31009615384615385 0.02403846153846154 0.02403846153846154
0 0.3701923076923077 0.25 0.02403846153846154 0.02403846153846154
0 0.6033653846153847 0.11538461538461539 0.02403846153846154 0.02403846153846154
