0 0.8942307692307693 0.9423076923076924 0.02403846153846154 0.02403846153846154
0 0.7211538461538461 0.9158653846153847 0.02403846153846154 0.02403846153846154
0 0.6923076923076923 0.9014423076923077 0.02403846153846154 0.02403846153846154
0 0.826923076923077 0.8990384615384616 0.02403846153846154 0.02403846153846154
0 0.5817307692307693 0.8918269230769231 0.02403846153846154 0.02403846153846154
0 0.37259615384615385 0.8341346153846154 0.02403846153846154 0.02403846153846154
0 0.29086538461538464 0.8221153846153847 0.02403846153846154 0.02403846153846154
0 0.6899038461538461 0.78125 0.02403846153846154 0.02403846153846154
0 0.12259615384615385 0.78125 0.02403846153846154 0.02403846153846154
0 0.9567307692307693 0.7620192307692308 0.02403846153846154 0.02403846153846154
0 0.8774038461538463 0.7283653846153847 0.02403846153846154 0.02403846153846154
0 0.8461538461538463 0.6778846153846154 0.02403846153846154 0.02403846153846154
0 0.03125 0.65625 0.02403846153846154 0.02403846153846154
0 0.5865384615384616 0.6370192307692308 0.02403846153846154 0.02403846153846154
0 0.889423076923077 0.6153846153846154 0.02403846153846154 0.02403846153846154
0 0.75 0.6129807692307693 0.02403846153846154 0.02403846153846154
0 0.8173076923076924 0.6057692307692308 0.02403846153846154 0.02403846153846154
0 0.5360576923076923 0.5697115384615385 0.02403846153846154 0.02403846153846154
0 0.6346153846153847 0.5552884615384616 0.02403846153846154 0.02403846153846154
0 0.8629807692307693 0.545673076923077 0.02403846153846154 0.02403846153846154
0 0.6634615384615385 0.5480769230769231 0.02403846153846154 0.02403846153846154
0 0.6778846153846154 0.53125 0.02403846153846154 0.02403846153846154
0 0.44230769230769235 0.5288461538461539 0.02403846153846154 0.02403846153846154
0 0.4278846153846154 0.4879807692307693 0.02403846153846154 0.02403846153846154
0 0.31490384615384615 0.47355769230769235 0.02403846153846154 0.02403846153846154
0 0.9663461538461539 0.4206730769230769 0.02403846153846154 0.02403846153846154
0 0.10817307692307693 0.3894230769230769 0.02403846153846154 0.02403846153846154
0 0.6322115384615385 0.3870192307692308 0.02403846153846154 0.02403846153846154
0 0.3509615384615385 0.31009615384615385 0.02403846153846154 0.02403846153846154
0 0.5360576923076923 0.30528846153846156 0.02403846153846154 0.02403846153846154
0 0.4759615384615385 0.27884615384615385 0.02403846153846154 0.02403846153846154
0 0.9110576923076924 0.17548076923076925 0.02403846153846154 0.02403846153846154
0 0.5817307692307693 0.16346153846153846 0.02403846153846154 0.02403846153846154
0 0.4807692307692308 0.09375 0.02403846153846154 0.02403846153846154
0 0.9711538461538463 0.8293269230769231 0.02403846153846154 0.02403846153846154
0 0.8076923076923077 0.5673076923076923 0.02403846153846154 0.02403846153846154
0 0.5625 0.8293269230769231 0.02403846153846154 0.02403846153846154
0 0.5913461538461539 0.8485576923076924 0.02403846153846154 0.02403846153846154
0 0.9350961538461539 0.9254807692307693 0.02403846153846154 0.02403846153846154
0 0.858173076923077 0.9495192307692308 0.02403846153846154 0.02403846153846154
0 0.25480769230769235 0.875 0.02403846153846154 0.02403846153846154
0 0.34615384615384615 0.75 0.02403846153846154 0.02403846153846154
0 0.31490384615384615 0.6995192307692308 0.02403846153846154 0.02403846153846154
0 0.7211538461538461 0.5480769230769231 0.02403846153846154 0.02403846153846154
0 0.8942307692307693 0.40625 0.02403846153846154 0.02403846153846154
0 0.9663461538461539 0.4495192307692308 0.02403846153846154 0.02403846153846154
0 0.2716346153846154 0.06971153846153846 0.02403846153846154 0.02403846153846154
0 0.3894230769230769 0.24278846153846156 0.02403846153846154 0.02403846153846154
0 0.4639423076923077 0.35336538461538464 0.02403846153846154 0.02403846153846154
0 0.4759615384615385 0.43028846153846156 0.02403846153846154 0.02403846153846154
0 0.5625 0.4807692307692308 0.02403846153846154 0.02403846153846154
0 0.1826923076923077 0.25 0.02403846153846154 0.02403846153846154
0 0.15384615384615385 0.2139423076923077 0.02403846153846154 0.02403846153846154
0 0.0889423076923077 0.1826923076923077 0.02403846153846154 0.02403846153846154
0 0.22355769230769232 0.96875 0.02403846153846154 0.02403846153846154
0 0.5 0.8125 0.02403846153846154 0.02403846153846154
0 0.1778846153846154 0.5552884615384616 0.02403846153846154 0.02403846153846154
0 0.7451923076923077 0.19711538461538464 0.02403846153846154 0.02403846153846154
0 0.7235576923076924 0.1514423076923077 0.02403846153846154 0.02403846153846154
0 0.5168269230769231 0.2091346153846154 0.02403846153846154 0.02403846153846154
0 0.5504807692307693 0.5961538461538461 0.02403846153846154 0.02403846153846154
0 0.4951923076923077 0.5721153846153847 0.02403846153846154 0.02403846153846154
0 0.4519230769230769 0.7043269230769231 0.02403846153846154 0.02403846153846154
0 0.3245192307692308 0.576923076923077 0.02403846153846154 0.02403846153846154
0 0.3245192307692308 0.3317307692307693 0.02403846153846154 0.02403846153846154
0 0.1875 0.8076923076923077 0.02403846153846154 0.02403846153846154
0 0.9038461538461539 0.35336538461538464 0.02403846153846154 0.02403846153846154
